600028 60 57 117 -8.0387 -9.8222
600050 58 57 115 -9.7648 -22.5147
600019 57 56 113 -4.4586 -8.5246
600900 62 48 110 2.9274 -2.357
600036 55 49 104 -1.4168 -4.1945
000002 45 38 83 8.4536 -13.8577
600005 46 36 82 24.0429 -13.8124
600009 42 38 80 42.7282 -5.3378
600029 41 39 80 23.9535 -22.5641
000063 38 35 73 31.2193 -9.9391
600104 31 40 71 -44.4444 -23.2704
000039 35 34 69 55.3621 4.0617
600002 35 33 68 delist
000866 29 32 61 delist
600688 27 33 60 -15.8153 -17.6707
600011 27 31 58 -23.9791 -8.0876
600018 31 26 57 23.4574 -12.3973
000898 32 25 57 34.279 -32.6363
600188 28 24 52 -9.0522 -3.4343
000088 25 27 52 17.7846 -16.73
000983 29 21 50 42.433 -11.353
600026 29 20 49 13.7376 -5.5415
600000 18 23 41 -20.7248 -16.056
600795 19 22 41 -7.1535 -16.3498
000100 21 20 41 -48.5021 -2.2143
600519 28 13 41 40.9603 0.0468
600016 22 18 40 -13.6508 -19.0637
600585 19 19 38 -31.4334 -20.194
000027 16 18 34 -11.8776 -13.1222
600205 10 23 33 delist
600591 15 16 31 delist
600642 12 18 30 -6.2937 -23.56
600500 15 14 29 31.0198 -4.2355
600660 14 14 28 -11.811 -18.556
000625 15 12 27 -36.3737 -31.1407
000581 11 15 26 -6.5329 -22.8
000630 12 13 25 -12.6145 -16.4778
000726 13 12 25 -5.0545 15.6865
600123 16 8 24 1.7576 -10.9015
000858 9 15 24 9.1205 -9.7349
600031 10 14 24 -24.9564 -18.0658
600348 16 8 24 31.8756 -12.6875
600887 11 12 23 -1.8272 -22.4908
600020 10 12 22 4.9812 -0.2642
000800 7 15 22 -40.0197 -36.1277
000488 18 4 22 11.6317 -13.2826
600085 13 8 21 31.9531 -3.3555
600428 12 9 21 24.2285 -9.5169
600320 11 10 21 13.8958 -3.3898
000895 13 8 21 19.538 -12.3813
600600 13 7 20 12.343 -13.5436
000089 11 9 20 -17.6357 -11.3808
600886 10 9 19 -5.7778 -14.8705
600309 11 8 19 36.3539 -6.7575
600717 9 10 19 22.0788 -7.28
000729 12 7 19 13.1429 -6.0449
600183 8 11 19 2.7127 -17.1884
600362 6 12 18 -20.3911 -11.2071
600210 6 12 18 -3.022 -25.9574
600096 14 3 17 17.3814 2.0185
000541 11 6 17 11.4042 -2.9125
600808 8 9 17 -14.0998 -21.0611
600308 8 8 16 22.4858 -15.2381
000651 8 8 16 -2.3529 5.9334
002024 10 6 16 41.2844 -200.0
600597 7 9 16 -2.7066 -11.446
000717 6 10 16 -13.1765 -27.8544
000068 10 6 16 -12.9363 -15.9968
600004 8 7 15 5.9724 -11.8503
000402 10 5 15 20.0477 -12.012
000400 7 8 15 -9.3139 -11.4973
000920 8 7 15 -0.7143 -37.0751
000022 12 2 14 27.8078 8.3218
600270 2 12 14 -17.833 -14.3351
600583 10 4 14 45.2452 -9.5513
000066 8 6 14 -17.9485 0.3433
000968 9 5 14 36.1298 -21.22
600812 8 5 13 -22.2857 -20.3288
000629 7 6 13 -7.7834 -21.673
000731 10 3 13 10.9166 -7.3596
000933 6 7 13 5.9078 -7.5605
000024 5 8 13 4.5033 -27.6306
600012 8 5 13 13.1627 -3.8798
600296 7 6 13 delist
600037 8 5 13 18.5385 -21.9116
000423 8 5 13 21.988 -1.5815
000012 6 6 12 -9.7938 -5.1698
000792 7 5 12 22.9555 -11.1845
600694 8 4 12 37.294 -16.1458
600971 8 4 12 42.1114 -200.0
000960 5 7 12 4.0717 -4.8905
000825 4 7 11 1.3363 -16.5378
600710 5 6 11 -34.0426 -29.8647
600177 6 5 11 -12.1667 -9.8455
600825 6 5 11 -16.6324 -21.061
600415 6 4 10 36.5498 19.0247
000538 8 2 10 20.0769 2.9329
600563 6 4 10 -8.3867 -6.4636
600282 6 4 10 -7.8818 -26.5911
600584 5 5 10 -28.2325 -6.5307
000069 9 1 10 15.6463 -17.2414
000927 3 7 10 -50.3636 -41.9421
600033 9 1 10 27.2414 -15.3515
000937 9 0 9 20.6025 -9.8472
600966 5 4 9 7.5342 -25.2684
600547 4 5 9 1.9769 -20.74
600460 6 3 9 -30.4094 -11.3708
600030 4 5 9 -16.0511 -20.7788
600497 4 4 8 -7.7121 -19.4
600089 5 3 8 30.5046 -19.561
600360 6 2 8 -14.2157 -14.7429
000911 6 2 8 20.3297 -4.6957
600166 5 3 8 -3.707 -29.0476
600740 4 4 8 29.026 -25.4903
000060 5 3 8 2.0202 -28.4503
000659 5 3 8 5.9179 -16.4336
000550 2 5 7 -24.8186 -31.6302
600780 2 5 7 -13.37 -15.4534
600863 4 3 7 -17.7694 -17.2573
000037 3 4 7 -9.4584 -10.398
600207 3 4 7 -22.4771 -13.1537
000527 3 4 7 delist
000001 4 3 7 -23.3721 -17.8236
600406 5 2 7 15.6789 -1.7804
600125 4 2 6 28.1646 -14.324
600418 5 1 6 -22.0462 -21.9427
600074 3 3 6 -22.5689 -19.3225
000725 4 2 6 -48.8034 5.3472
002023 4 2 6 15.1652 -200.0
600267 5 1 6 6.9867 -1.4131
600475 3 3 6 -21.4419 -11.2623
600115 3 3 6 7.7859 -14.1414
000612 4 2 6 -39.292 -34.3414
600595 3 3 6 -14.044 -28.3736
600071 4 2 6 -18.949 -19.8518
600220 3 3 6 -13.2231 -18.2628
600008 3 3 6 -18.5404 -14.5443
600426 2 4 6 15.0576 3.376
600135 3 3 6 -24.572 -16.1707
600066 3 2 5 3.6066 -19.9634
600303 3 2 5 -18.5606 -27.7574
000636 3 2 5 -16.2079 -16.7232
600098 2 3 5 -10.0213 -20.353
000157 2 3 5 -22.6596 -22.882
000532 4 1 5 -16.8123 -24.816
600400 2 3 5 -22.1978 2.9356
600269 3 2 5 2.3881 -4.9259
000999 3 2 5 -35.7161 -29.0323
000758 2 3 5 5.895 -11.6364
600276 4 1 5 12.7486 -2.0674
000956 2 3 5 delist
000528 3 2 5 -29.3886 -14.588
000767 3 2 5 -14.9269 -8.7248
600875 4 1 5 30.8351 -13.1467
000009 3 2 5 -16.7476 -27.6817
600317 2 2 4 13.8182 -14.4764
600521 3 1 4 32.9832 -2.6809
000511 2 2 4 -1.6878 -27.907
000422 3 1 4 29.8047 -9.8163
000727 3 1 4 -25.2087 -13.7309
600386 2 2 4 -16.8404 -12.8242
600367 2 2 4 -22.3457 -21.81
600060 2 2 4 -26.087 8.535
600598 2 2 4 3.4399 -20.5063
600674 2 2 4 -8.2534 -16.6154
000900 2 2 4 20.0 0.6204
600839 2 2 4 -54.6735 -4.1916
000939 2 2 4 -36.701 -9.6271
600383 3 1 4 -6.3507 -20.0608
600827 2 2 4 16.0319 -34.1667
000680 0 4 4 -28.3505 -19.1692
000778 0 4 4 -15.4095 -18.6456
600232 2 1 3 -2.439 -1.8539
000623 1 2 3 9.2702 -27.5623
002005 3 0 3 -38.149 -13.5031
000021 2 1 3 -20.771 -13.907
000525 2 1 3 -16.2829 -18.1734
600143 2 1 3 -10.7216 -10.7011
600879 2 1 3 22.688 -27.7347
600477 1 2 3 -3.1048 -38.3041
600569 2 1 3 -8.2262 -28.141
600770 2 1 3 13.5874 -30.3402
000839 1 2 3 1.8251 -24.4873
600058 2 1 3 -9.4792 -22.3462
600594 3 0 3 6.5777 -16.3581
600602 1 2 3 -12.256 -17.7684
600550 3 0 3 4.5075 -9.2486
000951 3 0 3 -200.0 -200.0
600508 1 2 3 21.1686 -10.0913
600726 2 1 3 -26.6997 -15.3846
600352 2 1 3 18.7402 -20.6184
600292 1 2 3 -6.3829 -7.1595
600690 1 2 3 -10.8063 -12.6379
600832 2 1 3 delist
000763 2 1 3 delist
600535 2 1 3 21.049 -17.9873
600408 1 2 3 27.4118 -25.1852
000970 3 0 3 48.4587 -33.5849
600100 2 1 3 3.7898 -24.7938
000401 2 1 3 -26.6807 -29.1974
600323 1 2 3 -10.1327 -10.1409
600884 2 1 3 -8.9091 -14.158
600458 1 2 3 -32.1739 -26.3345
600481 2 1 3 -23.183 -11.2514
600153 1 1 2 5.6311 -22.5846
600870 1 1 2 -16.7925 -17.6471
600895 1 1 2 -3.139 -23.7066
600081 1 1 2 -30.0578 -10.7806
002012 2 0 2 8.9351 -200.0
600963 2 0 2 2.3022 -13.4161
600586 2 0 2 8.8032 -22.1219
000543 1 1 2 -17.2348 -20.3791
600231 1 1 2 -8.8106 -23.9806
000631 2 0 2 -39.9083 -41.8206
000513 2 0 2 -2.981 -12.1831
000028 1 1 2 -14.8398 -27.4847
600398 1 1 2 -1.6082 -14.8944
600790 2 0 2 0.4717 -17.5337
600493 1 1 2 -16.1585 -14.5806
000921 1 1 2 -25.8706 -21.1964
600111 1 1 2 -4.784 -21.5896
002025 1 1 2 27.3677 -200.0
000031 1 1 2 0.0231 -30.0731
600572 1 1 2 -36.8557 -21.3406
600663 1 1 2 -23.1024 -26.3745
000902 1 1 2 -17.4292 -25.0391
600202 1 1 2 -1.1015 0.6974
600363 1 1 2 -24.1162 -8.839
000016 1 1 2 -19.6429 -16.6265
000617 1 1 2 24.9404 17.0243
600456 1 1 2 -7.6212 -30.6623
600171 1 1 2 -7.6336 -25.9775
600636 2 0 2 25.9259 -4.8676
000518 1 1 2 -18.8119 -30.137
000912 1 1 2 20.7381 -15.4355
000515 2 0 2 delist
600055 1 1 2 -11.2903 -25.3377
600198 1 1 2 5.754 -28.6115
600601 1 1 2 9.8628 -13.1313
600607 1 1 2 delist
000949 2 0 2 -19.4783 -25.671
000050 1 1 2 -11.3052 -4.7659
600161 1 1 2 -4.2331 -5.7576
600160 1 1 2 -8.6409 -14.0469
600423 1 1 2 26.9027 -17.4083
000806 1 1 2 -11.0957 -15.1757
600488 2 0 2 -15.0485 -14.972
600035 1 1 2 -21.6797 -16.6134
600078 2 0 2 -9.164 -7.1736
002019 1 1 2 40.8 -200.0
002017 1 1 2 -16.4417 -200.0
000677 1 1 2 -6.2248 -8.2061
000070 1 1 2 -18.3333 -30.3977
600422 1 1 2 16.3946 -15.575
000869 1 1 2 26.0099 1.2964
600333 1 1 2 -2.1851 -20.389
000510 1 1 2 -17.2152 -21.9231
600187 2 0 2 -24.933 -41.5916
600469 1 1 2 -15.3623 -18.0521
000700 1 1 2 -12.6386 -27.2464
600641 1 1 2 -21.3033 -27.7333
600110 1 1 2 10.2107 -22.9897
000973 1 1 2 -22.9508 -15.9459
600322 1 1 2 -23.8414 -25.3644
600182 1 1 2 -200.0 -200.0
600057 1 1 2 -16.777 -33.1575
600880 1 1 2 -5.2045 -14.6259
600529 1 1 2 16.3975 -16.3388
002001 2 0 2 -34.3688 -25.01
000969 2 0 2 0.4926 -13.4149
600015 0 2 2 -19.5736 -16.9326
000539 0 2 2 -45.4545 -12.5491
000817 0 2 2 delist
600835 0 2 2 -26.6926 -15.58
600436 0 2 2 7.1908 -18.4299
600258 1 0 1 -17.3967 -21.5617
600609 1 0 1 -31.6547 -38.6957
000822 1 0 1 -0.1328 -22.8811
600967 1 0 1 -33.0233 -16.6192
000779 1 0 1 23.9938 3.3493
600223 1 0 1 -23.1338 -20.306
600517 1 0 1 -21.1927 -17.2119
600410 1 0 1 -3.9323 -12.8396
000783 1 0 1 -30.9302 -27.6033
600301 1 0 1 26.7338 -12.6623
600894 1 0 1 -16.9767 -25.1979
600399 1 0 1 38.6878 -23.1034
600467 1 0 1 -8.5185 -35.6918
000531 1 0 1 -11.1515 -20.9435
002007 1 0 1 -18.4004 -21.7228
002021 1 0 1 -21.7972 -200.0
002028 1 0 1 -2.1565 -200.0
600960 1 0 1 -24.7715 -30.625
600874 1 0 1 -15.9664 -12.1024
600871 1 0 1 -2.9995 -23.7774
000520 1 0 1 -29.8986 -15.0552
600420 1 0 1 -6.3847 -8.1558
600361 1 0 1 7.1932 -8.0448
600366 1 0 1 -24.9249 -14.7583
002034 1 0 1 9.2491 -200.0
000930 1 0 1 -18.9796 -18.3575
000618 1 0 1 delist
000782 1 0 1 5.1282 -12.326
600992 1 0 1 -22.9465 -20.7951
600075 1 0 1 19.7901 -5.5331
600195 1 0 1 -11.2853 -5.3595
600059 1 0 1 -5.7006 -18.9526
000997 1 0 1 23.9651 -5.385
000709 1 0 1 -4.6296 -19.9772
000662 1 0 1 -1.2476 -4.5581
600573 1 0 1 6.3328 -10.8808
600288 1 0 1 -28.2183 -4.6182
600227 1 0 1 -5.5909 -14.3651
000503 1 0 1 11.6216 -2.4277
000429 1 0 1 10.668 -16.8334
600823 1 0 1 19.5114 -19.3286
000006 1 0 1 -20.2703 -29.6097
600237 1 0 1 -11.4583 -24.376
600291 1 0 1 -10.4348 -29.4833
600631 1 0 1 delist
600236 1 0 1 -1.9822 -10.3224
000926 1 0 1 9.6333 -21.1366
000542 1 0 1 delist
600628 1 0 1 4.3956 -17.8245
000425 1 0 1 -25.7813 -17.8571
600439 1 0 1 6.3504 -11.9863
000568 1 0 1 -11.8812 -13.4576
600975 1 0 1 -23.149 -30.6162
600803 1 0 1 -4.2445 -15.5587
600226 1 0 1 -19.174 -6.9639
600582 1 0 1 25.5937 -22.6431
600331 1 0 1 38.2353 -29.7682
600561 1 0 1 12.4758 8.6722
000919 1 0 1 -7.1449 -17.8082
600706 0 1 1 -40.5732 -10.1615
000099 0 1 1 5.5211 -3.7374
600969 0 1 1 -34.8089 -22.3242
600087 0 1 1 delist
600649 0 1 1 -9.319 -13.7931
600307 0 1 1 10.5485 -28.3893
000830 0 1 1 -3.0741 -15.8149
600549 0 1 1 11.2791 -8.3543
600548 0 1 1 -23.7458 -22.4114
600761 0 1 1 -6.9355 -22.3813
000608 0 1 1 25.7955 -22.7498
600707 0 1 1 -27.7143 -20.7123
000917 0 1 1 0.6772 -20.164
002033 0 1 1 10.3382 -200.0
600866 0 1 1 -6.3291 -24.3768
600395 0 1 1 -9.1045 -20.8408
600771 0 1 1 -29.6424 -8.1515
600190 0 1 1 -3.4783 -17.6803
600596 0 1 1 19.7731 4.1448
600312 0 1 1 -34.3988 -14.9367
600357 0 1 1 delist
600755 0 1 1 0.7092 -14.782
600330 0 1 1 -45.9059 -13.9487
000888 0 1 1 25.3161 -8.9678
000876 0 1 1 -13.069 -25.7721
600531 0 1 1 -17.2015 -3.514
600350 0 1 1 -4.7619 -15.0748
600635 0 1 1 -11.8865 -19.3122
