600028 43 35 78 -3.2248 43.8953
600050 34 38 72 -12.5884 26.7742
600036 33 31 64 -5.9505 15.2452
600900 32 31 63 -4.7203 40.4531
600019 26 32 58 -9.3474 34.6667
600688 22 26 48 1.692 57.1046
600029 22 26 48 -13.0 27.2494
600104 19 29 48 -20.8986 17.793
600009 23 21 44 12.462 23.0456
600016 23 17 40 -10.9385 15.9509
000002 24 16 40 13.7165 11.6041
000100 19 21 40 -8.1333 -200.0
600011 20 19 39 11.2676 20.3704
000866 18 21 39 delist
600002 20 18 38 delist
000898 21 17 38 -22.2867 38.9447
000063 18 17 35 30.7679 2.5782
000088 16 18 34 -3.4544 16.9201
600000 16 15 31 -15.3785 10.4932
600018 9 19 28 -12.3603 18.3333
000039 18 10 28 15.3047 28.3792
600026 14 13 27 -3.3901 41.2151
000027 15 11 26 0.3282 19.4737
600205 11 15 26 delist
600031 15 11 26 -5.0396 3.2123
600005 12 12 24 -3.5525 68.8725
600642 7 17 24 -23.6248 25.4987
600795 6 17 23 -9.3973 25.7754
000800 8 14 22 -41.5486 12.0709
000581 14 8 22 -17.5439 6.4815
000983 15 6 21 4.6755 43.2593
600519 14 7 21 32.7451 19.5857
000068 12 9 21 18.9535 24.3045
000630 9 11 20 0.9923 27.8261
600585 11 9 20 2.424 40.0735
600660 10 9 19 -0.1183 34.8696
600188 15 4 19 25.0679 40.0257
600362 6 12 18 -9.453 55.6
600500 11 5 16 26.7592 22.1429
600808 8 7 15 0.0428 30.1939
000629 7 7 14 -19.8901 21.7247
000717 7 7 14 -17.3793 59.4993
600348 8 6 14 -13.9886 40.5952
600123 9 4 13 8.451 34.6575
000920 9 4 13 39.4477 -7.7887
000729 12 1 13 17.8067 14.6879
600183 3 10 13 -0.093 -3.5928
600887 6 7 13 -15.5129 5.1556
600591 6 6 12 delist
000066 9 3 12 30.7329 -8.6245
000625 7 4 11 -30.0347 7.0621
600085 6 5 11 8.585 -14.4279
600308 4 7 11 -12.553 12.5121
000858 1 10 11 8.8758 19.0426
600717 5 5 10 -1.2839 0.5578
600270 2 8 10 -16.1333 20.8866
600597 5 5 10 -1.9143 2.8269
600004 4 6 10 -7.8977 4.2105
000895 7 3 10 2.6496 25.6651
000488 8 2 10 -2.9412 10.4741
600710 5 4 9 -28.1285 15.051
000726 9 0 9 27.1576 26.7081
600812 4 5 9 2.5107 -7.3801
000400 4 5 9 -5.6785 11.8736
600210 3 6 9 -19.5378 -17.0455
600886 9 0 9 -0.8171 45.4629
600296 6 3 9 delist
000927 3 6 9 -38.4099 -2.0856
000968 6 3 9 -8.1491 46.6292
000825 3 5 8 -11.4939 27.3839
600309 2 6 8 17.6837 5.1698
000037 4 4 8 -6.6327 9.3303
600600 5 3 8 -1.3143 3.4871
600020 1 7 8 1.0767 -6.4103
600428 6 2 8 29.6824 26.3366
600030 4 4 8 -9.3772 8.0221
600740 4 4 8 -29.0016 54.8212
000089 8 0 8 12.1767 -2.3158
000060 5 3 8 -18.5228 42.1569
000550 2 5 7 -35.5678 -1.6038
000024 4 3 7 -16.7506 9.4983
000727 6 1 7 29.2842 -14.9254
000612 5 2 7 -11.9742 22.1359
600360 6 1 7 32.2007 -10.8527
600460 5 2 7 75.4897 11.3492
600563 5 2 7 11.9426 13.0364
600282 6 1 7 -10.368 28.3498
600037 6 1 7 1.6453 -5.1198
000069 5 2 7 -1.495 -2.3114
600415 5 1 6 28.8235 2.7339
000636 3 3 6 25.8007 -17.6647
000157 3 3 6 -3.4629 22.429
000532 5 1 6 -2.4355 -4.7026
600267 5 1 6 32.466 14.9144
600220 4 2 6 8.2569 -6.5029
600839 3 3 6 13.1772 -2.3121
600583 1 5 6 14.0637 13.3334
600584 4 2 6 49.8532 -18.2983
600825 4 1 5 0.0 -6.1321
600497 5 0 5 -22.4 -200.0
000012 5 0 5 34.3478 -7.7792
000792 3 2 5 15.1413 23.9669
600780 3 2 5 -3.9138 39.2628
600418 4 1 5 -7.8345 23.6441
600008 3 2 5 -13.4419 17.8862
000022 4 1 5 34.197 14.8496
000680 1 4 5 -22.7495 14.3201
600475 3 2 5 4.728 19.2417
600207 4 1 5 20.3252 -0.5754
600060 2 3 5 28.8493 -12.6062
600602 2 3 5 -16.085 16.0178
000999 3 2 5 10.5769 -4.2202
000541 5 0 5 15.6713 10.7209
600100 2 3 5 -4.1152 -12.2561
000651 4 1 5 18.7551 15.4948
000659 4 1 5 7.5617 -9.1954
000001 3 2 5 -1.1494 -7.1974
000009 3 2 5 -10.245 2.7335
600827 2 2 4 -21.2465 -4.3836
600074 2 2 4 -4.2748 2.6772
000725 3 1 4 19.0955 41.7417
600386 2 2 4 13.6922 -7.5983
600012 3 1 4 -6.3176 9.4595
000528 3 1 4 -18.6852 28.8117
600477 1 3 4 -13.7578 25.3821
000525 3 1 4 20.5089 -19.2182
600276 4 0 4 32.0599 6.2025
000511 2 2 4 -4.5455 -8.9908
600595 3 1 4 -13.2024 23.2215
600071 4 0 4 29.7854 -7.6923
600166 1 3 4 -34.8214 20.8404
000402 4 0 4 10.4897 -0.8721
600143 2 2 4 -11.9311 -200.0
600408 2 2 4 -0.6494 27.1817
600406 3 1 4 41.714 6.6624
600997 0 4 4 -12.9358 -200.0
600694 2 1 3 10.0279 -17.4118
000700 1 2 3 -7.9696 -13.0872
600521 3 0 3 27.9624 18.0642
600089 2 1 3 -6.3569 22.8409
000956 2 1 3 delist
600066 1 2 3 3.9399 21.2633
600307 1 2 3 -26.9745 24.1692
600303 2 1 3 -25.95 12.7482
600863 2 1 3 -22.4702 21.0714
000538 3 0 3 13.8233 1.4618
600547 1 2 3 -26.7161 37.3957
000527 3 0 3 delist
000758 1 2 3 5.9701 13.2879
600177 2 1 3 16.7801 -0.8696
600569 2 1 3 -19.2047 25.2542
000839 1 2 3 -7.758 -7.002
000518 1 2 3 -26.5356 -5.2863
000515 3 0 3 delist
002001 1 2 3 -23.9712 -200.0
600598 1 2 3 -11.6348 18.2301
600707 1 2 3 -7.0455 10.375
600674 1 2 3 3.5363 -5.2838
600726 2 1 3 -6.0172 16.9687
600333 2 1 3 -4.2174 8.6486
600096 3 0 3 14.9123 25.2463
600035 1 2 3 -16.5846 -200.0
000763 2 1 3 delist
000731 2 1 3 7.443 19.4805
000939 3 0 3 0.3293 7.4921
600320 1 2 3 19.0712 22.1441
600884 2 1 3 20.0216 -1.2605
600481 2 1 3 -6.6715 2.2857
000969 3 0 3 18.7727 -6.4978
600015 0 3 3 -18.8921 11.0495
002002 0 3 3 -17.5252 -200.0
600022 0 3 3 -3.6107 -200.0
000677 1 1 2 27.5 23.7113
600317 1 1 2 -12.3916 0.5417
600870 1 1 2 1.7274 -15.7895
600967 1 1 2 -19.2783 -200.0
000623 1 1 2 4.6463 -6.5333
000016 1 1 2 -2.3426 -2.4745
600895 1 1 2 3.8105 3.9539
600087 1 1 2 delist
600001 1 1 2 delist
600641 1 1 2 -12.1008 -16.289
000933 2 0 2 9.3483 15.8803
000631 2 0 2 -25.0447 -12.6582
600992 1 1 2 -23.5474 -200.0
000021 2 0 2 4.9327 -7.9526
000028 1 1 2 3.2432 -17.6737
600467 1 1 2 -37.2642 -200.0
600153 1 1 2 5.3225 -5.6471
600985 1 1 2 9.318 -200.0
600260 1 1 2 29.4043 -12.1485
000831 1 1 2 -27.6858 32.1429
600663 1 1 2 -13.4615 -11.3126
600269 1 1 2 31.0257 5.1653
000902 1 1 2 -3.7736 -27.6899
600420 1 1 2 -10.8744 -200.0
600367 1 1 2 -3.4547 -0.149
000031 1 1 2 7.2569 -12.5802
000617 1 1 2 59.23 1.1809
600456 1 1 2 -29.2075 5.293
600171 1 1 2 0.42 -15.5256
600057 1 1 2 -21.0605 -0.6728
000510 1 1 2 -5.2506 13.7363
600594 2 0 2 -19.3851 -200.0
600601 1 1 2 8.3431 -2.2831
600607 1 1 2 delist
000050 1 1 2 75.5525 5.7399
600161 2 0 2 15.5769 3.6474
600552 1 1 2 18.6825 -19.0692
600232 2 0 2 41.2127 -7.7658
000498 1 1 2 5.5814 -3.6364
000070 1 1 2 10.675 -22.8743
600508 1 1 2 -10.7098 15.1874
600111 1 1 2 -17.7749 -2.1739
000767 2 0 2 4.0434 8.4673
600835 1 1 2 2.7719 -5.0201
600875 1 1 2 0.6403 9.9034
600744 1 1 2 -7.1758 17.4349
600573 1 1 2 9.0032 -9.5168
000937 1 1 2 -3.5971 8.4168
000401 2 0 2 -12.8559 15.5738
600323 1 1 2 -10.3139 13.0435
600322 1 1 2 -6.6288 -14.0496
600383 1 1 2 9.8083 -16.8103
600631 1 1 2 delist
000960 1 1 2 9.2306 28.5489
600135 2 0 2 -5.5011 -12.5097
600966 0 2 2 -28.9191 -200.0
600991 0 2 2 delist
002005 0 2 2 -14.6605 -200.0
000817 0 2 2 delist
600352 0 2 2 6.9806 -1.5228
002008 0 2 2 -25.8122 -200.0
600221 0 2 2 -18.9243 9.7192
000778 0 2 2 -20.3152 25.4989
600611 0 2 2 -9.3985 4.3702
600421 0 2 2 -15.6226 -200.0
600609 1 0 1 -33.1683 -17.0868
000822 1 0 1 11.1994 7.3846
600495 1 0 1 -8.7799 -200.0
600517 1 0 1 -1.3679 -11.8617
600125 1 0 1 3.4498 14.9341
000543 1 0 1 -18.0225 18.429
000542 1 0 1 delist
000425 1 0 1 15.4499 -8.4877
000783 1 0 1 -13.1959 20.5584
000930 1 0 1 16.8794 15.4351
000423 1 0 1 23.4713 -12.5546
600718 1 0 1 11.2856 -13.4794
600790 1 0 1 -2.5943 -5.3452
000531 1 0 1 -17.4831 27.4112
000520 1 0 1 10.2543 6.163
000926 1 0 1 8.5106 5.0459
600375 1 0 1 -36.6977 -1.6201
000807 1 0 1 -13.8873 15.9091
600960 1 0 1 -32.5625 -200.0
600879 1 0 1 -21.5128 19.1686
600871 1 0 1 -19.1606 24.2925
600706 1 0 1 16.1518 -13.966
600705 1 0 1 -14.2132 -6.9692
600572 1 0 1 -23.3242 -200.0
600201 1 0 1 1.8157 32.7694
600366 1 0 1 -7.8322 -2.9891
600675 1 0 1 3.0801 -10.4089
600115 1 0 1 -1.6746 1.7157
600770 1 0 1 2.2727 14.3908
000688 1 0 1 -0.7394 -32.8302
600458 1 0 1 8.5821 -0.4046
600058 1 0 1 -13.036 6.0185
600055 1 0 1 10.7776 -13.986
600198 1 0 1 13.9835 -21.1503
600596 1 0 1 41.5482 -8.3024
000662 1 0 1 6.7511 2.6628
600160 1 0 1 -2.1011 4.1237
000806 1 0 1 -3.8697 12.2016
600288 1 0 1 26.0408 -17.2678
600289 1 0 1 -5.6194 8.6508
600488 1 0 1 20.3686 -6.9737
600550 1 0 1 7.2695 -1.8676
600182 1 0 1 -200.0 -15.8678
000503 1 0 1 40.4804 -6.867
600823 1 0 1 3.9402 2.7894
600582 1 0 1 4.8079 8.9251
000006 1 0 1 -4.717 -10.5622
000869 1 0 1 16.4533 19.4503
000709 1 0 1 -13.6085 21.0162
600119 1 0 1 -14.6127 -43.8454
600291 1 0 1 -18.7952 23.716
600331 1 0 1 -6.1847 11.2028
600187 1 0 1 -28.46 -34.6154
600236 1 0 1 -6.2001 22.7974
600223 1 0 1 -5.5649 2.4096
000568 1 0 1 -2.1687 0.9762
600108 1 0 1 5.7254 2.8986
600439 1 0 1 4.7504 -0.4878
000875 1 0 1 -19.2953 22.547
000958 1 0 1 -14.3357 2.5118
000422 1 0 1 -0.2555 7.0203
600803 1 0 1 1.7857 -9.6774
600880 1 0 1 12.0831 0.2261
600480 1 0 1 6.6993 -10.8187
000593 1 0 1 2.8509 -15.2416
600561 1 0 1 72.7027 -14.7556
600866 0 1 1 5.6348 -9.9259
600963 0 1 1 -16.3975 -200.0
600962 0 1 1 -17.6796 -200.0
600493 0 1 1 -17.4194 -200.0
600811 0 1 1 -25.974 -0.7163
600815 0 1 1 -16.8096 -16.4244
002003 0 1 1 -16.0068 -200.0
600469 0 1 1 -16.4542 14.7497
600990 0 1 1 -6.8106 -200.0
000876 0 1 1 -24.6667 2.5581
000989 0 1 1 -5.6728 -1.3111
600761 0 1 1 -14.7186 3.1294
000988 0 1 1 14.7208 -12.452
600202 0 1 1 29.1743 -14.0823
600981 0 1 1 -200.0 -200.0
600980 0 1 1 13.7223 -200.0
000912 0 1 1 -18.5055 13.7224
600114 0 1 1 -26.5475 -200.0
600395 0 1 1 -17.3998 36.4407
600190 0 1 1 -12.6563 13.894
600690 0 1 1 -1.3857 3.0084
002004 0 1 1 -14.8936 -200.0
002006 0 1 1 -13.1387 -200.0
002009 0 1 1 3.5667 -200.0
600461 0 1 1 -13.0644 -200.0
600733 0 1 1 8.3485 -21.3675
600649 0 1 1 -17.5676 20.4236
002010 0 1 1 1.2987 -200.0
600426 0 1 1 32.2584 -10.3704
600357 0 1 1 delist
600350 0 1 1 -16.5023 12.8668
600755 0 1 1 14.2613 3.4056
600292 0 1 1 11.3886 -5.0906
600535 0 1 1 9.3248 -14.7541
600976 0 1 1 -19.3685 -200.0
600483 0 1 1 -16.3793 -200.0
600635 0 1 1 -12.8936 -6.6011
600138 0 1 1 20.0873 -16.4835
