600019 73 52 125 -11.1262 -9.0909
600900 65 55 120 -3.6839 0.6873
600009 53 44 97 13.3765 7.6379
000063 50 45 95 -13.8692 -0.0749
600005 42 52 94 -9.3558 0.9975
600036 47 43 90 10.8834 -10.7906
600028 44 43 87 -16.6627 -7.431
600050 46 39 85 -13.6851 -6.7073
600018 41 39 80 9.9863 2.2819
000039 31 42 73 -14.9395 -2.7463
000002 30 41 71 -7.5524 -2.952
600026 25 40 65 -24.8225 -5.8402
600320 33 29 62 3.3076 -8.2
000983 24 35 59 -29.6896 12.2264
600519 34 21 55 45.7484 1.8627
600309 28 24 52 21.4486 0.4713
000898 22 27 49 -30.0181 2.7125
600029 13 30 43 -44.2777 20.5882
000402 23 20 43 27.3606 12.2768
000088 20 23 43 -18.3879 4.0171
600002 17 24 41 delist
000792 26 14 40 21.8875 11.5885
000069 28 11 39 33.7261 -10.6439
000022 18 20 38 18.2906 4.0897
000866 14 21 35 delist
600428 18 17 35 -0.7834 -11.2245
000423 16 18 34 -19.9017 -1.2195
600717 22 12 34 7.6462 4.3168
600012 20 14 34 6.9355 16.5725
600660 16 18 34 -0.6006 -2.1834
600269 28 6 34 45.0074 5.5385
600000 16 15 31 11.1654 -17.5501
000538 19 12 31 43.0901 1.6276
600887 24 7 31 43.7158 -23.0252
000895 18 11 29 27.2081 5.2542
600011 14 14 28 -11.9347 -18.8827
600583 18 10 28 41.3005 1.1381
600123 13 14 27 -17.9594 -0.6323
600795 17 10 27 6.874 -20.0257
600096 11 16 27 -4.9723 10.9183
000937 10 16 26 -21.7708 14.0625
600016 12 14 26 5.7063 -17.9487
600694 14 11 25 18.0529 6.4064
000726 15 9 24 -21.8462 -18.7447
000858 19 5 24 12.4066 -11.4927
000488 8 16 24 -21.7389 1.2276
600188 7 16 23 -16.5329 -10.952
000581 11 12 23 -4.8423 -8.1023
600383 13 10 23 -18.9135 -5.364
000900 16 6 22 28.6955 9.4247
002024 11 10 21 41.9282 15.4711
000625 6 14 20 -2.1953 -26.7606
600688 7 13 20 -29.8419 -7.7206
600348 3 17 20 -27.2308 12.9892
600085 11 8 19 5.8377 2.0319
600591 7 11 18 delist
600033 14 4 18 18.846 20.0
000630 7 10 17 -17.4282 -21.5378
000541 9 6 15 -21.2825 -13.1276
000027 6 9 15 -13.2732 -15.9358
600971 4 11 15 -41.7773 13.4259
600330 7 8 15 -9.7195 -36.0453
600104 6 9 15 -7.7073 -39.2583
600027 9 6 15 -33.0399 -200.0
600970 12 3 15 -6.9873 -200.0
000933 7 7 14 -17.7943 -4.6693
600308 6 8 14 -17.9017 -1.5702
600585 6 8 14 -17.6297 -38.6347
600350 12 1 13 11.25 -0.7444
600600 7 6 13 -6.943 -9.5327
600020 9 4 13 8.5831 2.7816
600426 5 8 13 -9.1815 12.3702
000089 8 5 13 -5.9579 -17.2347
600886 9 3 12 7.4631 -18.1918
000012 5 7 12 -36.9886 -15.9462
600642 7 5 12 17.2192 -3.1792
600418 5 6 11 30.3835 -24.2034
000911 3 8 11 -47.4975 -8.1761
600177 5 6 11 8.2863 -20.3927
600276 6 5 11 8.1436 4.9663
600004 8 3 11 -11.2009 -5.9718
600037 3 8 11 -23.4655 13.9308
000651 8 3 11 8.6323 -14.5064
000422 5 6 11 -27.1367 13.1884
000825 3 7 10 -14.1958 -9.7222
600415 7 3 10 -20.2031 21.9512
600066 6 4 10 9.3732 7.1186
000731 5 5 10 -24.5419 -4.6058
600825 4 6 10 -35.585 -12.8755
600436 6 4 10 50.0744 -14.9163
000960 4 6 10 -11.3366 -14.6483
600125 5 4 9 -2.5587 -1.8182
600089 3 6 9 -37.4384 20.297
600150 7 2 9 28.2677 -8.7698
600399 5 4 9 -26.0163 10.6498
600205 4 4 8 delist
000617 7 1 8 13.308 7.3785
000869 5 3 8 39.3705 0.0782
600500 3 5 8 -6.9215 0.1082
600031 2 6 8 -10.4234 -18.0172
600875 4 4 8 -4.6916 2.5168
600535 5 3 8 6.0647 1.1976
000970 4 4 8 -11.9728 12.3214
600406 6 2 8 -6.8978 7.4009
600267 3 4 7 -17.4972 -7.7184
000157 3 4 7 -13.1602 -16.2442
002025 5 2 7 16.4728 7.5882
600360 1 6 7 6.61 -2.507
000527 2 5 7 delist
600361 5 2 7 9.6846 16.3859
600362 1 6 7 -21.4615 -18.1034
600058 4 3 7 7.7957 -26.5434
000729 4 3 7 -9.2444 -6.6771
600183 4 3 7 -44.3292 -9.358
000068 2 5 7 -31.7948 -0.7026
600740 1 6 7 -37.7548 0.2999
600497 1 5 6 -10.0399 -11.285
600966 1 5 6 -30.553 6.2863
002050 2 4 6 20.5952 -200.0
000024 3 3 6 -9.7188 -7.9347
600549 5 1 6 4.6843 12.987
600472 3 3 6 delist
000400 1 5 6 -43.3721 -13.2397
600196 6 0 6 6.0659 -6.5134
600761 4 2 6 -11.8613 -3.3501
000060 3 3 6 3.1575 -8.4592
002046 2 3 5 9.462 -200.0
600586 1 4 5 -29.9972 8.9109
000513 2 3 5 -27.972 3.0216
600377 4 1 5 16.7515 -1.0772
002047 2 3 5 2.8281 -200.0
000100 1 4 5 -42.6273 -24.1597
000912 3 2 5 -13.0814 0.4386
600317 3 2 5 -1.1263 -3.4943
002043 3 2 5 13.5225 -200.0
600596 3 2 5 9.905 1.0944
600597 2 3 5 -39.3199 -14.7316
600166 1 4 5 -39.726 16.0412
002012 2 3 5 -21.8389 8.3384
600008 4 1 5 6.4982 -13.8686
000951 3 2 5 -28.2629 -200.0
600628 5 0 5 24.5217 -0.5236
000956 0 5 5 delist
600563 0 5 5 -27.9589 -8.679
000659 0 5 5 -30.7527 -8.0972
000968 0 5 5 -47.68 10.1654
002041 3 1 4 -9.954 -200.0
600521 2 2 4 -5.9484 10.6643
000930 2 2 4 -16.7883 -12.0194
002045 2 2 4 -7.0588 -200.0
600993 3 1 4 10.6783 -2.3387
600153 1 3 4 -19.7133 -7.7966
600863 4 0 4 -17.2414 -9.5634
000037 2 2 4 -37.365 -0.7525
002039 2 2 4 -27.5345 -200.0
600460 2 2 4 9.1261 -28.0097
600636 4 0 4 -2.6829 10.1215
600030 1 3 4 0.5093 -12.7031
600289 2 2 4 -38.9406 5.1841
000778 1 3 4 -8.1129 -8.8269
600616 4 0 4 12.4076 -2.5
600352 3 1 4 -10.7522 -3.3333
600296 1 3 4 delist
600754 2 2 4 -0.9615 0.0
600489 1 3 4 -8.151 3.6232
002044 1 2 3 -1.3308 -200.0
002040 2 1 3 -27.2446 -200.0
002042 1 2 3 -8.4806 -200.0
600258 2 1 3 -17.0711 -24.225
000822 1 2 3 -15.1738 2.8728
002049 1 2 3 49.5714 -200.0
000629 1 2 3 -1.6734 -11.526
600087 2 1 3 delist
600001 1 2 3 delist
600470 3 0 3 8.019 -10.6084
600098 3 0 3 2.8375 -10.1171
600075 2 1 3 -13.9447 5.1316
000539 3 0 3 -4.4481 -35.4582
002023 1 2 3 -6.0048 -1.2498
002028 2 1 3 -21.4819 5.8315
600143 3 0 3 18.5605 6.5628
600547 1 2 3 -25.2858 -3.7325
600469 2 1 3 13.5043 -12.1805
002034 1 2 3 -18.6516 -17.7808
600271 3 0 3 1.0561 15.5575
600216 3 0 3 23.5465 -30.5556
000989 2 1 3 -21.7885 -3.1977
600302 1 2 3 -19.7065 -32.6923
600550 1 2 3 24.7604 0.16
600582 1 2 3 -23.1097 2.3656
600880 2 1 3 -4.7852 -0.0979
600333 1 2 3 -37.1094 -12.3272
600835 3 0 3 -16.9677 -16.0637
000429 3 0 3 0.4049 5.6399
000939 1 2 3 -1.2421 -25.8454
600323 1 2 3 5.63 1.9152
002048 0 3 3 27.2171 -200.0
000888 0 3 3 -19.8305 17.7783
000876 1 1 2 10.7203 -14.0784
600467 1 1 2 9.4853 -5.4847
002021 1 1 2 49.0563 -28.8835
600631 1 1 2 delist
600874 1 1 2 -38.7687 -11.2426
600475 2 0 2 -8.7133 -12.1083
000520 2 0 2 -28.3484 -34.127
600202 1 1 2 6.0056 10.2041
600169 2 0 2 -36.3104 51.1111
000755 2 0 2 26.1062 -8.7129
000997 2 0 2 -3.5672 19.0377
000759 2 0 2 -7.7947 -6.7273
600060 1 1 2 -8.4829 -0.6494
600054 2 0 2 6.0085 8.658
002032 2 0 2 17.449 -10.219
600592 2 0 2 32.1063 -10.5581
600855 1 1 2 -7.6621 -6.8441
002007 2 0 2 -21.8365 -11.4845
600162 1 1 2 -40.1621 4.8267
600182 1 1 2 -32.2936 -200.0
600078 2 0 2 -20.0355 3.1022
002019 1 1 2 -13.804 -16.1905
600299 2 0 2 2.321 6.1021
600236 2 0 2 -0.3997 2.5934
600438 2 0 2 18.5044 -1.375
000875 2 0 2 -21.2121 -13.0631
600386 1 1 2 -45.3157 -7.1631
600635 1 1 2 -35.3057 -13.4583
600307 0 2 2 -23.3842 -2.7314
600790 0 2 2 -34.1289 -5.5432
600594 0 2 2 -36.9869 -7.32
600207 0 2 2 -36.0601 -13.3482
600115 0 2 2 -36.2832 -4.7312
600598 0 2 2 -18.1139 -12.518
600282 0 2 2 -28.765 -4.2254
600022 0 2 2 -6.4 -4.6656
600823 0 2 2 -44.6032 1.5064
600100 0 2 2 -30.5919 4.1579
600780 0 2 2 -42.1053 -11.0902
600135 0 2 2 -49.9008 -3.4794
000829 1 0 1 -23.8889 -5.3052
600495 1 0 1 2.1382 -8.2067
600491 1 0 1 3.9115 -6.0604
000550 1 0 1 -11.8095 -22.6866
600310 1 0 1 -3.5274 -12.6691
600729 1 0 1 -0.5914 -9.8569
600410 1 0 1 3.0999 7.1032
002004 1 0 1 -23.9326 -18.3482
600396 1 0 1 -1.9656 -24.6933
600074 1 0 1 -31.0589 -16.958
600071 1 0 1 -33.7864 -9.7518
000987 1 0 1 11.3131 -7.6046
600879 1 0 1 -27.417 -8.4637
600261 1 0 1 13.9093 6.3953
000926 1 0 1 -14.141 -6.5169
600420 1 0 1 -4.2056 10.1408
600327 1 0 1 -23.2151 -1.4634
002037 1 0 1 -18.9151 -16.1812
000662 1 0 1 -0.368 13.326
600858 1 0 1 24.8307 -0.2237
600280 1 0 1 8.6965 16.4223
600584 1 0 1 -18.9829 -20.0793
600611 1 0 1 -13.6077 -10.7713
000905 1 0 1 5.772 -7.723
600529 1 0 1 -22.812 11.9474
600332 1 0 1 21.1921 -9.1097
600035 1 0 1 -22.727 -9.4808
000782 1 0 1 -40.5564 -12.4272
600439 1 0 1 -8.6882 1.757
600328 1 0 1 13.6139 -37.541
600488 1 0 1 8.675 -27.0833
000001 1 0 1 -9.8784 -19.2402
600482 1 0 1 -1.4363 -6.25
600812 0 1 1 -42.6396 -11.9469
600894 0 1 1 -37.4302 -24.3644
600573 0 1 1 -22.0056 3.4384
600114 0 1 1 -27.9917 0.7092
000543 0 1 1 -36.7159 -7.5306
600726 0 1 1 -34.873 -23.7398
600710 0 1 1 -44.979 -25.1724
600548 0 1 1 -4.3415 -8.8
000623 0 1 1 13.0025 -17.5595
000531 0 1 1 -24.7657 -6.146
002027 0 1 1 22.5133 -6.7183
000525 0 1 1 -28.023 -15.8678
600367 0 1 1 -6.9394 -14.1883
000618 0 1 1 delist
000758 0 1 1 -9.8 -4.7985
600674 0 1 1 -29.5165 -15.3982
600170 0 1 1 -13.5496 -9.3588
600270 0 1 1 -0.7421 -11.8644
600569 0 1 1 -25.6983 -7.7519
600195 0 1 1 -27.0218 -6.9079
600059 0 1 1 19.0453 -15.6835
000709 0 1 1 2.1236 -7.4157
002001 0 1 1 -10.0959 -18.7424
600602 0 1 1 -41.885 -8.0682
600533 0 1 1 -13.7477 -16.9521
000949 0 1 1 -44.4204 -24.9595
000717 0 1 1 -23.3154 -19.9566
000066 0 1 1 -11.4763 -16.3688
600643 0 1 1 -15.625 -4.3228
600508 0 1 1 -23.722 6.8412
600422 0 1 1 -20.8574 10.2151
600337 0 1 1 17.111 -15.6413
600331 0 1 1 33.5648 6.1481
600627 0 1 1 delist
600832 0 1 1 delist
000767 0 1 1 -23.8754 -23.3113
000763 0 1 1 delist
600741 0 1 1 -18.1609 -7.265
000036 0 1 1 -29.3173 -7.6067
000958 0 1 1 -26.57 -16.0643
600975 0 1 1 -34.3372 -15.0259
600808 0 1 1 -23.8693 -17.6715
600630 0 1 1 -34.9614 -16.3717
000962 0 1 1 -44.6286 4.096
000969 0 1 1 -26.4657 -10.0529
