600900 80 74 154 -9.9468 -2.9045
600019 80 70 150 -18.0915 -11.9603
600028 72 66 138 30.6742 -14.6984
600050 68 64 132 4.0892 -1.8904
600036 70 61 131 8.402 3.9388
600009 63 63 126 -13.9618 0.2031
600005 56 69 125 -24.0896 -11.4275
000063 68 56 124 18.9798 -23.5294
600018 45 57 102 -30.1421 0.1149
000002 49 53 102 33.0247 -11.2343
600320 41 37 78 33.5007 -19.697
000039 30 46 76 -15.261 -28.9134
600519 39 37 76 3.448 8.8339
000983 31 40 71 -21.5577 -34.1839
000898 31 40 71 1.5464 -26.5115
600016 40 28 68 -3.8329 4.8845
600000 42 24 66 29.4821 8.1877
000402 36 28 64 16.3835 17.547
600309 33 30 63 21.645 -17.6946
600269 40 21 61 -7.0248 11.2939
600026 20 40 60 -22.426 -27.3742
000069 34 24 58 41.8502 1.1236
600002 25 30 55 delist
600660 23 31 54 -23.6232 -16.1783
000088 26 28 54 -0.0023 -26.9747
600887 34 20 54 12.2067 2.1061
600011 26 27 53 -12.098 -11.0385
600029 18 34 52 -9.5563 -24.6154
000866 24 28 52 delist
000792 29 22 51 12.6706 0.798
000895 27 21 48 -17.4839 11.5518
600795 26 19 45 -7.4726 16.7273
000858 29 16 45 -5.4688 8.2251
600583 25 20 45 9.4468 6.7448
600012 21 22 43 -9.1045 -11.7727
600694 23 20 43 52.6676 -5.7632
600383 23 19 42 55.5809 -19.3763
000900 26 16 42 -16.7451 25.0562
600428 19 23 42 -17.4224 -22.7021
000022 17 24 41 -36.3175 -13.7492
600717 22 19 41 -30.8762 3.8123
000538 21 19 40 15.3846 5.9365
000581 19 21 40 -13.1584 -20.6157
002024 19 20 39 11.6625 8.7273
600642 21 17 38 -28.6082 24.7169
600085 16 20 36 -25.4756 -3.0883
600096 11 24 35 -12.2449 2.4239
600033 21 14 35 -13.7809 1.3524
600123 17 15 32 22.7421 -21.6665
000027 18 13 31 1.5603 -2.9197
600348 13 18 31 -5.296 -3.7251
600104 11 17 28 -27.0925 5.6
000423 14 12 26 -15.517 -21.6216
600688 14 12 26 20.0759 -19.8614
000488 8 18 26 -24.5645 -10.9833
000937 9 16 25 -14.7458 -32.8963
600832 14 11 25 delist
600361 15 9 24 16.0692 13.271
600004 12 12 24 -12.3156 2.3968
600600 10 14 24 -6.2411 -1.1123
600585 9 14 23 40.8824 -0.3008
600350 15 7 22 -12.9559 3.7471
600037 13 9 22 43.5706 -4.6484
000726 9 12 21 -11.1448 -22.2222
000625 9 12 21 -34.058 8.0459
600886 10 11 21 -25.0819 18.2183
600177 7 13 20 -12.7877 0.367
600015 13 6 19 23.1169 -0.832
600150 10 8 18 -12.9301 17.8465
600406 8 9 17 26.6722 -8.1345
600418 10 7 17 -23.7864 32.3281
600308 7 10 17 -10.7644 -6.9632
000933 8 9 17 25.8347 -20.4027
000630 8 9 17 -9.5344 -9.0975
600188 5 12 17 -6.7444 -14.2857
000911 8 9 17 39.6088 -36.1958
600591 8 9 17 delist
600008 11 6 17 25.9009 8.8207
000541 9 8 17 -6.0074 -17.0039
000651 8 9 17 1.7664 16.7824
600020 8 8 16 -23.8808 3.7958
600636 9 7 16 27.5732 6.7773
600971 4 11 15 -5.0495 -31.7839
600125 8 6 14 29.3666 -9.8414
600089 6 8 14 23.5337 0.7947
600415 11 3 14 32.9588 -22.8576
600098 6 8 14 -26.2118 6.1548
000024 9 5 14 63.3566 -10.1299
002025 8 6 14 59.3119 37.4003
600205 6 8 14 delist
600271 12 2 14 29.3611 -2.8235
600270 7 7 14 15.3153 9.4131
600426 5 9 14 -13.5329 -14.1732
600030 9 5 14 -12.097 38.3178
000970 8 6 14 25.5396 -23.7891
600970 10 4 14 -3.0683 -6.1795
600879 12 2 14 46.8456 -20.6186
600276 7 6 13 11.5734 -7.8277
600058 6 7 13 -13.242 -15.9787
600596 7 6 13 30.3808 -4.8868
600330 7 6 13 -11.3573 -22.0411
600535 7 6 13 -22.1169 -3.2665
000729 5 8 13 -8.3897 -13.0298
000012 4 8 12 21.5789 -31.9295
000617 8 4 12 -9.7903 3.4771
600299 10 2 12 51.6241 6.9162
600628 9 3 12 13.2898 3.1343
000089 6 6 12 -21.0759 5.5482
600066 7 4 11 -4.2272 9.7627
600875 6 5 11 8.1953 -5.9847
000839 6 5 11 11.6205 -13.85
600183 5 6 11 60.7223 -33.9619
000869 7 4 11 32.0966 10.3089
000422 4 7 11 -9.7691 -16.1715
000825 5 5 10 -3.5897 -13.5019
000930 6 4 10 59.7505 -30.08
600547 7 3 10 29.6257 -22.8098
600362 4 6 10 13.6465 -12.3367
600761 7 3 10 8.0392 -7.1363
600550 5 5 10 61.5116 -8.2256
600835 5 5 10 -21.3531 -2.2002
000060 4 6 10 1.1457 -5.1951
000157 5 4 9 3.3871 0.7647
600521 4 5 9 -25.8955 3.0455
600267 3 6 9 -19.4318 -9.4578
000513 5 4 9 -8.4139 -31.4516
600143 6 3 9 -7.1558 25.1792
000527 3 6 9 delist
002001 5 4 9 18.8703 5.118
600331 5 4 9 15.3979 22.1992
000763 5 4 9 delist
000817 5 4 9 delist
000731 3 5 8 -2.8786 -21.3343
000932 6 2 8 27.9159 -8.7059
600549 7 1 8 38.4615 -5.1665
000539 5 3 8 0.8439 1.3532
002023 4 4 8 -23.5185 3.9176
600202 5 3 8 -2.3286 23.6542
600196 4 4 8 -5.3892 -6.5359
600216 4 4 8 5.6561 48.5816
600597 4 4 8 2.3202 -20.7167
600588 5 3 8 26.4291 -3.5138
600616 8 0 8 -5.3628 -1.3382
600500 3 5 8 -28.3154 -14.5084
600436 6 2 8 3.1098 35.0889
600258 4 4 8 21.4789 -14.6333
000960 4 4 8 -1.3841 -17.1927
002041 4 3 7 -9.2454 -14.0527
600316 4 3 7 57.7393 4.4248
600497 3 4 7 24.6849 3.27
600438 5 2 7 20.853 30.5439
600360 3 4 7 48.1183 24.6681
600598 3 4 7 -4.8837 -8.7452
600027 3 4 7 -9.1205 -11.7415
600296 3 4 7 delist
600031 2 5 7 -14.2119 -8.865
600323 3 4 7 14.3123 -2.9703
600488 3 4 7 -40.6291 24.9138
600825 4 2 6 -3.9871 -8.0501
000956 2 4 6 delist
600352 1 5 6 -32.5885 -12.0326
600863 3 3 6 -17.8662 7.716
002028 4 2 6 37.9346 -19.4524
600475 3 3 6 23.3694 8.6585
000618 4 2 6 delist
000759 3 3 6 13.0061 17.5743
600160 4 2 6 56.6667 -19.4781
600580 4 2 6 30.2326 -7.9767
000061 5 1 6 28.3582 -4.4944
600332 4 2 6 14.4816 25.0608
600302 3 3 6 2.3095 -16.6726
600489 3 3 6 11.9822 3.1418
600399 4 2 6 -33.5443 -45.4208
000550 3 2 5 33.1326 4.328
600087 2 3 5 delist
600010 4 1 5 14.0382 -5.4893
600377 4 1 5 -1.391 7.3731
000100 3 2 5 8.6882 -41.1765
600631 3 2 5 delist
600787 5 0 5 35.6295 -32.3684
600327 3 2 5 28.6624 2.3799
600060 4 1 5 20.6447 17.1843
600592 3 2 5 14.8196 25.4999
600289 3 2 5 1.6627 -26.3787
600834 4 1 5 12.3631 8.742
000888 3 2 5 12.2153 -20.3132
600153 2 3 5 -2.159 -16.1228
000400 1 4 5 -8.417 -12.1495
600963 1 3 4 -15.9 6.4669
002012 2 2 4 -34.1804 -24.6536
600006 2 2 4 -1.0601 1.2283
600151 3 1 4 84.0909 -29.6091
000623 2 2 4 -10.6524 16.312
000662 3 1 4 -21.437 -19.9126
000037 1 3 4 -21.0804 -30.1764
600874 2 2 4 1.5514 -17.6056
600469 1 3 4 -24.0964 4.2386
002034 2 2 4 -21.3349 -17.9922
000755 2 2 4 -7.2695 7.3786
002031 2 2 4 -17.0507 5.2298
000619 2 2 4 7.4468 1.0542
600754 1 3 4 10.9034 3.0303
600563 1 3 4 21.9403 -18.5978
600460 2 2 4 13.6154 -9.7439
002032 2 2 4 -26.7816 26.0332
600855 2 2 4 24.4211 -2.1598
002007 2 2 4 15.4098 -19.7873
600858 4 0 4 38.2406 18.9427
600966 1 3 4 -19.565 -11.2281
002039 3 1 4 -17.6385 -18.0127
000989 2 2 4 -17.6015 -24.2364
000927 3 1 4 45.4874 12.3404
002019 1 3 4 -41.8591 10.8946
600420 3 1 4 53.8874 -15.8514
600035 3 1 4 8.9744 -27.846
600328 3 1 4 28.7212 17.0984
600166 0 4 4 -28.2292 -19.1489
000068 0 4 4 -36.9369 -20.3974
600740 0 4 4 -24.8227 -30.4089
000410 2 1 3 24.9196 -1.8033
600827 1 2 3 15.2712 -5.1325
600978 2 1 3 3.733 3.0411
000629 2 1 3 -14.8997 1.0959
600001 2 1 3 delist
600054 2 1 3 13.4402 -14.4912
600410 2 1 3 61.6993 9.2017
600305 2 1 3 40.3361 -25.776
600312 2 1 3 73.3681 -8.9961
600993 1 2 3 -4.5767 17.4762
002021 1 2 3 -32.1559 38.5477
000520 2 1 3 -15.2299 -42.6902
600118 2 1 3 27.2045 -18.5185
000912 2 1 3 14.4546 -12.4629
600367 2 1 3 -26.5781 -12.8865
000852 3 0 3 31.667 5.0661
000758 1 2 3 21.9163 -0.9153
600176 1 2 3 2.8571 15.4809
600594 2 1 3 4.341 -19.5273
002008 2 1 3 8.1443 -13.7628
600456 3 0 3 49.9421 20.9473
000800 2 1 3 13.4545 -20.5521
600880 1 2 3 22.3124 -9.4796
600280 1 2 3 -9.8341 16.8985
600078 1 2 3 -0.8529 -18.8462
600282 1 2 3 -18.8406 -21.9803
000951 2 1 3 9.6324 -13.9401
600333 1 2 3 -5.959 -29.742
600837 3 0 3 -5.9581 -15.1186
000939 1 2 3 13.6213 -5.8183
000876 2 1 3 5.3812 6.7881
000690 2 1 3 28.0742 -14.2259
600386 1 2 3 9.8284 -34.5616
600635 1 2 3 17.9267 -19.2593
000559 2 1 3 -7.5949 -0.14
000997 2 1 3 4.2373 -5.7227
600586 0 3 3 -1.6605 -19.7143
000968 0 3 3 -24.1316 -30.738
600135 0 3 3 -3.5714 -31.6516
000829 2 0 2 1.493 -15.6317
000822 1 1 2 -11.0619 -18.8144
600495 1 1 2 7.1291 24.7505
600298 1 1 2 8.2558 4.6338
002045 2 0 2 -29.6546 -9.1692
600533 2 0 2 59.0654 -27.4171
600470 2 0 2 -8.8235 -6.3985
600824 1 1 2 -8.5213 21.233
600467 1 1 2 -17.2705 14.3879
600075 1 1 2 16.8588 -20.1465
600074 1 1 2 -8.0128 -14.1973
600071 1 1 2 -12.7072 -26.4019
000919 2 0 2 28.7812 -17.0769
002026 1 1 2 -12.7175 1.2167
600423 1 1 2 -17.4927 -15.1333
600169 1 1 2 -6.3205 -44.5609
002037 1 1 2 -12.5201 -8.2207
600114 1 1 2 29.4537 -36.1871
600548 1 1 2 -11.4679 -16.4128
600317 1 1 2 1.7003 0.8928
000568 2 0 2 23.5739 7.2464
600059 1 1 2 -8.0692 16.0884
600198 1 1 2 10.153 -25.9343
600557 2 0 2 13.0435 -57.0432
600809 2 0 2 23.8534 11.2069
600182 1 1 2 -19.1214 -29.3103
000503 1 1 2 -15.2 -14.8661
600649 1 1 2 3.6569 2.0877
600582 1 1 2 20.0482 -27.3749
002046 1 1 2 -7.1371 8.3488
000677 1 1 2 5.2162 -21.1401
000528 2 0 2 34.4181 -20.0
000905 1 1 2 -4.1256 0.0
000860 1 1 2 -13.3159 -15.652
000780 1 1 2 -22.3118 -11.7188
000978 1 1 2 2.5 -15.2773
000875 2 0 2 -18.8262 -2.6144
600400 1 1 2 -2.0408 -34.2347
600584 1 1 2 19.0574 10.5675
600210 0 2 2 -25.7732 5.2433
600790 0 2 2 -1.7857 -23.7822
600780 0 2 2 -10.4396 -27.1739
000778 0 2 2 -15.6156 -17.8327
002047 1 0 1 -35.0562 0.6787
000826 1 0 1 25.4438 -18.8144
000155 1 0 1 30.9045 -4.585
000099 1 0 1 15.3188 -18.4019
000031 1 0 1 40.7563 -26.5758
000598 1 0 1 -13.6281 -16.792
600812 1 0 1 -4.0746 -36.4179
600811 1 0 1 -5.1151 15.873
600729 1 0 1 22.5225 3.9328
600416 1 0 1 20.9901 -10.7859
600067 1 0 1 5.135 -15.0912
002050 1 0 1 -29.9904 18.4524
600718 1 0 1 7.7029 -35.008
000786 1 0 1 52.2013 -22.2141
600493 1 0 1 14.7222 -19.4073
002022 1 0 1 14.0275 -10.9622
002020 1 0 1 1.8973 -3.6429
600708 1 0 1 -17.4603 -7.7686
600697 1 0 1 28.2233 -12.5969
600479 1 0 1 37.415 -17.7095
600786 1 0 1 delist
600472 1 0 1 delist
600686 1 0 1 23.0661 2.751
600685 1 0 1 14.939 -7.622
600674 1 0 1 10.8761 -13.7085
000021 1 0 1 4.712 1.97
600172 1 0 1 -11.5479 -6.3167
600261 1 0 1 4.0462 25.2218
600808 1 0 1 -4.0943 -12.0235
000848 1 0 1 39.2857 -13.0471
002038 1 0 1 8.9207 -8.4288
600601 1 0 1 -7.781 -26.0008
600161 1 0 1 5.5453 -35.1224
600512 1 0 1 -0.2088 -12.3632
600221 1 0 1 -1.6 -25.6329
600508 1 0 1 2.5397 -18.5959
600482 1 0 1 34.7059 -4.6185
600859 1 0 1 8.2329 14.3805
000768 1 0 1 49.6732 2.0687
000429 1 0 1 -9.8112 -7.4906
600536 1 0 1 9.4561 1.4901
000987 1 0 1 49.0025 33.9109
600439 1 0 1 -11.4804 -3.3309
000401 1 0 1 35.2174 -29.6705
000001 1 0 1 -1.2862 11.1324
600529 1 0 1 5.4636 -18.2253
600739 1 0 1 -9.2148 7.6923
600973 0 1 1 16.8715 -8.8567
000543 0 1 1 -11.7653 -16.5829
600307 0 1 1 -13.0879 -13.07
600726 0 1 1 1.6234 -18.6931
600227 0 1 1 26.4744 -1.9621
000739 0 1 1 20.0 -25.4437
000659 0 1 1 -22.6672 -17.3913
600207 0 1 1 -29.899 -23.2706
600569 0 1 1 -21.4344 -12.8378
600573 0 1 1 -12.6957 -13.7285
002043 0 1 1 -26.458 10.3506
000709 0 1 1 -36.4116 -7.3488
002011 0 1 1 -8.5196 -1.1872
600643 0 1 1 -37.2134 -14.8581
600232 0 1 1 -2.454 -34.2746
600236 0 1 1 -19.1919 1.3996
600627 0 1 1 delist
000767 0 1 1 -11.563 -15.8513
600639 0 1 1 31.7569 -17.7586
000425 0 1 1 27.0992 -42.402
000958 0 1 1 -14.6762 -6.4935
600195 0 1 1 6.0386 -18.8969
600823 0 1 1 2.5394 -29.9376
000969 0 1 1 5.7245 -27.5101
