600036 89 77 166 28.7372 4.6105
600028 79 80 159 36.199 12.8329
000002 63 74 137 31.0905 20.0557
000063 55 66 121 2.9878 -0.5371
600900 40 72 112 1.7898 -6.9892
600009 37 68 105 -0.0693 -8.0357
600016 46 59 105 51.949 -15.5944
000069 51 48 99 -9.2336 34.8691
600050 37 59 96 -12.1194 9.8039
000858 43 36 79 100.2755 -2.9412
600519 34 43 77 111.369 -7.7638
600000 31 44 75 2.9725 17.4699
600030 37 34 71 206.9767 -2.6415
000060 38 31 69 203.7644 -15.6889
000402 31 38 69 21.8029 8.1172
600887 40 29 69 107.0272 11.4977
600331 36 33 69 161.2188 -5.6604
600320 34 34 68 132.783 2.1687
002024 38 27 65 156.0 8.8271
600019 24 41 65 13.3494 -3.7383
600879 38 25 63 72.2996 -2.4086
600694 36 27 63 141.6001 16.5652
600037 28 34 62 0.0614 14.8205
600688 28 33 61 48.8038 17.4157
600583 20 38 58 78.8283 0.8627
600348 26 32 58 51.7018 -14.7664
000898 30 26 56 65.1313 -9.2166
000792 30 23 53 75.6055 -0.6019
600309 24 26 50 45.4851 20.0855
000039 35 8 43 90.7583 -14.6613
000024 21 20 41 -10.0447 38.5528
600547 20 20 40 140.7382 17.2147
600361 23 16 39 150.0704 -4.5732
000538 20 19 39 39.8551 3.139
600316 22 15 37 261.3944 9.5781
600489 17 19 36 150.9266 3.9835
600018 11 25 36 55.6996 -6.2966
000839 23 13 36 87.4384 2.0468
600795 19 16 35 30.1766 -6.4565
600205 15 20 35 delist
600033 15 20 35 15.5214 -12.6492
600269 11 24 35 9.1111 -5.4622
600761 18 16 34 170.5167 -15.1002
600717 17 16 33 72.1915 -24.697
000983 15 18 33 49.5239 -17.0588
600123 15 18 33 17.8989 3.9631
000157 21 11 32 116.8301 0.0
600271 15 16 31 68.5023 4.8284
600456 20 11 31 271.2007 -7.7033
600549 12 19 31 127.6313 21.4029
600183 17 14 31 56.5033 48.643
600415 15 15 30 98.0282 3.1977
600616 20 10 30 111.0672 -20.142
600015 11 19 30 -3.0921 11.7925
000970 17 13 30 78.5345 6.5649
000568 17 12 29 237.0968 -12.6761
600362 16 13 29 127.4022 -7.1298
600005 14 15 29 15.937 -21.4493
600596 8 21 29 30.2552 23.903
000625 16 12 28 49.1758 -20.3501
600150 14 13 27 164.3114 -24.7748
600811 14 13 27 91.3747 -8.8452
600832 10 17 27 delist
600406 16 10 26 79.148 1.9947
600660 14 12 26 54.0797 -13.1796
000895 14 12 26 150.481 -3.0326
000630 11 14 25 58.0882 -20.9302
000825 19 6 25 75.3265 -3.0928
000900 12 13 25 1.6949 -22.3684
600296 14 11 25 delist
600585 11 14 25 43.9457 30.6958
000869 12 12 24 121.0992 8.8835
000528 10 14 24 66.0532 8.6667
600418 11 13 24 48.7137 -25.3291
600809 13 11 24 116.3138 2.6854
000088 11 12 23 -7.8014 -14.9871
600089 10 13 23 94.9457 -11.4495
600151 15 7 22 118.9815 11.9171
600383 10 12 22 27.672 34.714
600636 10 12 22 3.7464 -3.2895
600085 7 15 22 17.6851 -26.7895
000423 11 11 22 106.4695 -15.4688
600010 10 12 22 15.3846 0.8704
000758 13 9 22 60.4563 3.675
000729 13 9 22 28.6162 4.1538
000061 13 8 21 121.8605 -2.9345
000410 16 5 21 77.7349 7.3204
000651 8 13 21 32.4976 2.877
002025 9 11 20 32.0348 6.889
600855 10 9 19 113.4557 14.0927
600001 11 8 19 delist
600497 7 12 19 194.0185 14.025
600472 10 8 18 delist
600177 8 10 18 92.1497 -5.5402
600330 10 8 18 81.4844 -11.1111
000027 8 9 17 20.1481 -0.2954
600031 12 5 17 116.7169 5.5644
600104 11 6 17 86.8473 -35.8527
600739 12 5 17 239.4286 0.8646
600628 6 11 17 37.1295 -6.6958
000866 4 13 17 delist
000911 3 13 16 114.8121 11.7417
600535 8 8 16 74.8476 -25.303
600312 10 6 16 117.9778 22.7357
000768 11 5 16 85.3712 21.164
600125 7 9 16 46.2056 -4.8023
000619 9 7 16 15.0215 5.5749
600270 4 11 15 43.3464 -3.3962
600276 8 7 15 60.339 -6.9987
000960 6 9 15 21.1525 -4.6823
000617 8 7 15 79.8786 -6.031
600118 7 8 15 143.3628 -6.9959
000807 9 6 15 73.5347 0.0
000629 9 5 14 64.71 -14.8997
600859 10 4 14 126.7951 0.3515
000709 10 4 14 80.0568 -32.3034
000400 10 4 14 66.4444 -15.0943
000001 8 6 14 23.127 6.5972
600550 8 6 14 78.1149 0.0813
600875 7 7 14 41.8419 0.1614
600675 7 7 14 23.1671 -9.2511
600299 6 8 14 32.2112 26.1583
000012 7 7 14 89.5058 -7.0423
600600 3 11 14 48.7981 -0.2398
000927 7 6 13 61.7866 0.0
600002 4 9 13 delist
600582 9 4 13 192.0 0.7194
600533 5 8 13 36.6871 24.0525
000852 8 5 13 99.6923 -1.0654
600642 4 9 13 15.6071 -6.4189
600308 3 10 13 47.9675 -14.5083
000878 8 5 13 145.1613 -2.4213
000488 7 6 13 20.0924 -17.5238
000623 9 3 12 206.4982 -6.1017
600895 6 6 12 45.2672 -37.8218
000997 7 5 12 24.5193 -19.382
600588 6 6 12 45.8853 -9.5719
600718 6 6 12 52.8736 13.9738
000031 5 7 12 30.0539 16.3194
600787 8 4 12 52.147 -3.0928
000917 9 3 12 98.7179 -12.9187
600219 6 6 12 54.44 -2.3451
600685 8 4 12 135.5438 -9.8086
600426 6 6 12 27.8554 -5.3735
600831 7 5 12 115.1602 21.2864
000932 4 8 12 -19.1633 15.0943
600011 2 10 12 -7.7512 -4.3333
000612 5 7 12 166.1871 19.8276
600029 5 7 12 3.3962 6.4257
600438 5 7 12 60.9874 20.7931
600584 4 8 12 41.103 -4.5977
000021 5 6 11 33.4477 -5.9929
600350 8 3 11 -2.9419 -12.1896
000951 6 5 11 63.9306 3.9663
600008 2 9 11 -9.5394 6.2738
600196 7 4 11 50.3246 -2.6694
600835 7 4 11 112.6344 -16.2162
600066 4 7 11 89.4346 -0.5487
000930 6 5 11 52.3936 6.7829
600460 4 7 11 33.9862 -11.5569
600161 8 3 11 160.9572 -7.6052
600035 4 6 10 44.7059 -2.5788
600143 6 4 10 153.6495 0.6494
600963 7 3 10 81.3783 -25.3411
600416 6 4 10 85.1281 -12.3386
000956 4 6 10 delist
600058 5 5 10 52.9825 -10.0946
000581 4 6 10 17.3611 -5.5738
600423 5 5 10 50.6509 -25.1323
600420 3 7 10 33.4788 25.3275
600631 8 2 10 delist
000933 5 5 10 43.3019 4.4776
600597 6 4 10 82.7058 -5.5675
002027 4 5 9 53.6032 -22.8113
600360 6 3 9 41.7569 5.9883
600475 5 4 9 37.988 3.4053
600202 3 6 9 66.9627 -5.8603
600858 5 4 9 107.7922 -3.8702
600325 7 2 9 23.1198 15.0153
600563 5 4 9 23.8126 7.6416
000987 6 3 9 35.8445 8.4321
600521 4 5 9 15.0615 -31.0247
600256 4 5 9 43.6693 -12.4434
000550 8 1 9 62.5156 7.1556
600677 6 3 9 184.8101 1.9355
000089 4 5 9 60.2325 -23.1138
002041 3 6 9 93.4801 -22.2464
000616 7 2 9 102.7742 -10.705
600598 4 5 9 22.011 -7.8829
600764 5 4 9 71.6177 -5.4762
000099 5 3 8 27.7778 14.6814
600755 5 3 8 91.4286 3.7037
600289 4 4 8 50.072 7.0999
600886 2 6 8 11.2454 -6.8148
600004 1 7 8 1.6272 -11.9792
600410 3 5 8 14.5682 25.9033
002008 5 3 8 118.8996 -22.583
000680 5 3 8 140.8031 -1.2605
002029 5 2 7 92.9376 -4.9844
600327 4 3 7 106.0737 10.1818
600970 2 5 7 75.8818 -6.747
600973 4 3 7 40.9485 21.0227
600740 5 2 7 30.8307 -12.5172
600176 4 3 7 57.906 -7.3267
600880 6 1 7 26.7051 -4.9645
600436 3 4 7 10.2823 -4.2469
000837 6 1 7 78.2482 18.5185
600160 1 6 7 19.8629 8.8421
600026 2 5 7 21.5448 -22.8612
600439 4 3 7 57.9512 -22.5551
000831 3 3 6 84.1549 1.4286
600096 2 4 6 22.8743 -6.5217
600386 4 2 6 37.6963 7.3034
600863 3 3 6 -1.3378 -13.5838
600282 4 2 6 44.1721 -11.3924
000006 5 1 6 90.6344 4.914
600132 3 3 6 137.8585 -3.9486
600060 2 4 6 -3.9216 18.6047
600172 3 3 6 46.9444 -26.5306
600054 3 3 6 25.8696 11.7861
002001 2 4 6 34.7888 36.0632
600236 3 3 6 54.0351 -10.9131
600220 3 3 6 175.8454 6.701
000767 3 3 6 66.3098 -20.4082
000762 3 3 6 137.1066 16.0243
600012 2 4 6 -10.0 -2.9126
000759 4 2 6 108.3871 1.6393
600592 2 4 6 39.5602 11.9347
600594 3 3 6 40.7131 -16.6456
000050 3 3 6 50.254 -6.5934
600188 2 4 6 23.3108 -7.3552
000800 1 5 6 13.7821 10.2473
000708 2 3 5 44.086 18.0952
600153 1 4 5 30.6887 -1.4218
000022 1 4 5 9.0259 -22.5581
600710 2 3 5 104.6512 -8.1197
600786 4 1 5 delist
002038 3 2 5 43.1589 -11.6964
600216 2 3 5 15.4176 -8.7891
000598 3 2 5 103.5573 -13.9456
600627 2 3 5 delist
600006 3 2 5 42.1968 -7.8947
000733 4 1 5 98.1723 -2.046
000608 4 1 5 5.3846 -14.6141
002007 3 2 5 114.9583 -14.0765
600302 3 2 5 1.8059 0.0
600639 3 2 5 15.2846 -4.2056
600084 4 1 5 127.9188 -24.5211
600260 3 2 5 112.3894 -9.3583
600261 4 1 5 52.3978 -11.5479
600262 2 3 5 214.8858 -1.194
600595 3 2 5 98.2507 -0.8671
000541 0 5 5 0.3998 -10.4754
600893 3 1 4 37.827 7.3434
600075 3 1 4 79.8891 0.4957
002021 3 1 4 81.629 -5.1107
000100 2 2 4 5.1282 9.8592
002028 3 1 4 62.6182 11.8574
000690 2 2 4 144.3582 -0.361
600322 3 1 4 40.3517 10.5919
601988 4 0 4 -200.0 -200.0
002037 2 2 4 48.3757 -19.9706
002032 3 1 4 109.2043 -16.732
002039 2 2 4 41.5929 -27.1907
600825 2 2 4 158.0796 0.0
600741 2 2 4 18.1743 -8.3558
600525 4 0 4 103.3873 -10.7763
600138 2 2 4 39.8113 -7.1547
600315 3 1 4 166.8703 13.4991
600686 3 1 4 78.0854 4.9161
000761 2 2 4 17.9346 -5.4466
002045 1 3 4 68.686 -28.8756
002046 3 1 4 65.8632 -19.0813
000937 3 1 4 29.3216 -11.2875
600690 2 2 4 14.1463 -2.381
600432 3 1 4 52.2255 -2.1297
000978 4 0 4 51.5283 -7.7961
000657 3 1 4 260.2703 -5.1282
600808 1 3 4 5.1282 -5.8621
000829 1 2 3 150.4695 12.4011
600729 1 2 3 50.9908 -12.5964
000833 2 1 3 119.1957 12.1951
600790 2 1 3 104.3636 -4.8443
000539 1 2 3 1.3758 -4.0161
600078 1 2 3 13.7634 -0.4283
002023 1 2 3 50.3632 -14.8454
600572 2 1 3 61.6556 -16.4933
600366 1 2 3 78.2135 -6.3232
000848 3 0 3 102.3504 6.6059
600102 2 1 3 delist
600249 2 1 3 66.9611 -8.2658
000963 2 1 3 70.2765 -12.3232
000969 1 2 3 76.0774 -4.0584
000406 2 1 3 delist
000910 3 0 3 129.724 6.3205
000569 1 2 3 delist
600211 2 1 3 61.6022 19.6694
600824 1 2 3 68.7671 -26.9269
600748 2 1 3 68.4066 -15.9353
600485 1 2 3 119.596 -17.5
600317 1 2 3 -5.0026 0.1046
000822 1 2 3 18.2858 -13.5484
000826 1 2 3 43.3962 19.1011
600468 1 2 3 151.7982 -22.2467
600088 2 1 3 57.2668 0.5453
600779 1 2 3 81.1177 0.4878
600775 1 2 3 54.8193 28.6822
600195 2 1 3 43.3225 1.1521
600258 1 2 3 53.4458 2.8316
600881 1 2 3 82.0833 3.8961
600888 3 0 3 264.6272 -6.631
600491 2 1 3 55.2053 -30.4668
600649 2 1 3 6.5913 4.5276
600064 1 2 3 70.6542 -9.8253
600062 1 2 3 23.4082 -5.8201
600307 2 1 3 16.3674 -8.2073
000876 1 2 3 51.6312 -4.7297
600693 3 0 3 136.342 -1.6355
600697 2 1 3 62.3565 1.9231
600590 3 0 3 62.5874 -7.5929
600500 2 1 3 51.2352 -11.1111
600502 1 2 3 48.9796 -4.9861
600332 2 1 3 17.7329 -6.2874
600377 0 3 3 -16.2376 -9.887
600557 0 3 3 36.8282 -5.6995
600337 0 3 3 68.7197 -1.8904
000972 2 0 2 69.7246 -17.3661
600724 1 1 2 0.4184 -5.7819
000028 2 0 2 52.9551 -14.3725
600792 1 1 2 24.0166 -26.372
600651 1 1 2 56.3758 12.6654
000533 1 1 2 69.0566 -2.5735
600378 1 1 2 43.3255 -8.3691
000928 1 1 2 94.2857 8.2474
600372 1 1 2 79.8283 -9.6899
002022 2 0 2 73.4067 -14.8458
600479 2 0 2 11.8206 20.6485
600007 1 1 2 39.0196 0.6224
000958 1 1 2 20.4545 -0.3774
600581 1 1 2 1.085 -10.9551
600754 1 1 2 18.5112 -4.8193
000811 1 1 2 59.7008 -7.8125
000707 1 1 2 63.7037 -16.6667
600867 2 0 2 72.5635 -7.7128
000522 1 1 2 delist
600363 1 1 2 22.9063 24.1895
600449 1 1 2 40.1359 -7.0611
600162 1 1 2 81.5331 7.4906
600218 1 1 2 24.7059 -1.5444
600099 1 1 2 88.7967 -8.0153
600736 1 1 2 -2.6942 0.7905
600829 2 0 2 81.9672 -0.4894
600737 2 0 2 100.7246 -8.6093
000511 1 1 2 19.0217 1.6575
600637 1 1 2 12.5945 -0.2513
600022 1 1 2 18.8329 -14.4177
000823 1 1 2 28.231 4.712
600571 1 1 2 44.2946 -19.295
600555 2 0 2 6.9409 5.1351
000783 2 0 2 64.3599 28.4444
000786 1 1 2 8.9405 22.2222
000602 2 0 2 delist
600871 1 1 2 46.6418 9.3878
600872 1 1 2 108.3237 -9.3863
600815 1 1 2 69.7581 -6.7669
600117 1 1 2 76.7361 -1.0309
600777 1 1 2 65.9751 -6.4725
600459 2 0 2 91.8434 -13.5402
600517 2 0 2 174.6333 15.1163
000906 1 1 2 86.8132 -14.4201
000938 1 1 2 -7.1055 -6.9066
000939 2 0 2 27.3392 9.6154
600643 1 1 2 84.5506 -15.0358
600467 2 0 2 39.7239 -15.0124
600397 1 1 2 56.5445 -8.6124
000686 1 1 2 192.5926 -11.8881
600268 2 0 2 53.7298 15.4831
000755 2 0 2 26.5774 -17.6378
600591 1 1 2 delist
000503 2 0 2 -2.1226 4.305
000501 2 0 2 78.7115 3.7791
002014 1 1 2 31.6779 -0.1534
002010 1 1 2 27.5009 5.2846
600230 1 1 2 33.6335 -0.2222
000652 1 1 2 130.7312 -24.7588
600806 1 1 2 97.2603 -9.6535
002051 0 2 2 -45.1986 -200.0
000926 0 2 2 17.5603 -9.1352
000662 0 2 2 18.7406 -31.8693
600580 0 2 2 34.7305 6.5744
600323 0 2 2 -1.4306 10.5
600328 0 2 2 -3.0721 -0.3247
000527 0 2 2 delist
002031 0 2 2 9.5811 -25.0
000513 0 2 2 41.1765 -16.5455
600221 0 2 2 65.8537 2.5
600428 0 2 2 8.6822 -24.8853
600837 0 2 2 47.4264 -13.8643
600723 1 0 1 61.9529 -3.2573
002052 1 0 1 14.4822 -200.0
600094 1 0 1 90.4412 -5.5556
600655 1 0 1 91.4384 1.4898
000531 1 0 1 28.8316 -9.4915
600298 1 0 1 50.5643 4.6067
600352 1 0 1 21.954 -6.4599
600392 1 0 1 81.5873 -23.5437
000695 1 0 1 254.6141 -38.1609
600611 1 0 1 55.9257 -8.9109
000819 1 0 1 102.0603 2.6694
600978 1 0 1 56.2 -17.3554
000793 1 0 1 78.806 7.3718
600861 1 0 1 63.4921 -3.3248
600149 1 0 1 28.5235 13.7405
002030 1 0 1 49.3452 -26.556
600371 1 0 1 140.2985 -14.1026
600820 1 0 1 18.7328 -0.2747
600742 1 0 1 20.4698 -5.6962
600622 1 0 1 27.5362 0.8772
600408 1 0 1 15.367 -31.7684
600528 1 0 1 139.3073 -9.7156
600965 1 0 1 74.3802 -3.2
000301 1 0 1 59.0551 3.252
600122 1 0 1 52.0782 -8.7054
600197 1 0 1 105.6782 -3.6474
600052 1 0 1 44.8529 -6.2069
600458 1 0 1 24.1361 26.5027
600511 1 0 1 133.4352 -4.4207
000549 1 0 1 delist
600884 1 0 1 81.8797 -12.4088
600630 1 0 1 27.4021 0.7168
002049 1 0 1 14.2857 -18.5257
600343 1 0 1 96.2217 -3.6408
600067 1 0 1 26.8293 0.8949
000727 1 0 1 63.786 -15.035
000726 1 0 1 16.5152 -5.7143
000682 1 0 1 47.8469 -7.5221
600267 1 0 1 -7.1505 -16.5882
000897 1 0 1 155.3538 -21.6957
600548 1 0 1 5.5039 -7.2115
600184 1 0 1 109.6447 2.0725
600110 1 0 1 68.0498 -10.5751
600435 1 0 1 91.6511 1.9538
000718 1 0 1 89.2193 -200.0
000717 1 0 1 39.3108 -18.1507
000155 0 1 1 -2.6224 2.9644
000090 0 1 1 88.7483 -12.8964
002020 0 1 1 10.2998 -16.0074
000998 0 1 1 44.352 -0.225
600750 0 1 1 71.9611 19.6464
600536 0 1 1 42.4433 -9.8058
000962 0 1 1 39.2799 2.8953
600405 0 1 1 32.7273 8.4229
600812 0 1 1 49.2958 -7.3913
600814 0 1 1 65.402 3.866
000401 0 1 1 23.4727 12.2744
600662 0 1 1 32.8244 -8.3916
600664 0 1 1 58.8727 1.6985
000919 0 1 1 8.7744 7.1642
600367 0 1 1 29.1855 -35.1906
002033 0 1 1 45.5536 -29.9427
600569 0 1 1 19.3983 -14.9798
600217 0 1 1 52.9412 -15.4229
000988 0 1 1 40.9483 -21.7538
600827 0 1 1 67.6991 1.3453
600481 0 1 1 21.9697 -2.7027
600529 0 1 1 -1.997 4.4262
600318 0 1 1 90.4459 -5.4217
600708 0 1 1 44.5679 -24.1667
600059 0 1 1 44.0978 -11.3889
600512 0 1 1 64.7446 -2.0492
600834 0 1 1 11.1524 -28.2667
000422 0 1 1 92.8976 -2.682
600495 0 1 1 48.537 -6.1898
600498 0 1 1 0.3927 18.0835
600087 0 1 1 delist
000429 0 1 1 -4.8352 -10.9589
600305 0 1 1 30.7784 1.9536
600993 0 1 1 42.3109 -12.7945
600391 0 1 1 100.2479 24.9497
600396 0 1 1 38.2514 -17.9372
000725 0 1 1 58.0952 -33.5443
000618 0 1 1 delist
600601 0 1 1 25.675 -0.9288
600508 0 1 1 37.2692 -6.6474
600114 0 1 1 1.5487 3.4156
600482 0 1 1 2.5378 -3.6466
000806 0 1 1 4.1372 12.0448
000875 0 1 1 56.3492 -18.4466
000655 0 1 1 67.7711 8.1433
000715 0 1 1 114.5989 4.1935
000036 0 1 1 145.0984 2.4862
