600028 124 125 249 48.2037 25.6807
600036 127 119 246 116.266 21.2856
600016 111 101 212 135.023 16.1795
000002 106 105 211 180.1608 -13.7405
600050 99 107 206 92.1811 -8.8646
000063 92 94 186 40.5957 -6.5948
600900 84 94 178 43.6765 9.8885
600019 93 83 176 95.9276 11.1904
600000 87 77 164 115.6883 -7.5523
600009 68 92 160 36.2222 26.8486
600030 84 74 158 72.3229 108.1472
600519 69 77 146 82.5988 54.8523
000858 78 66 144 51.4248 116.0475
600887 64 74 138 14.6194 70.9569
000069 70 63 133 89.0893 1.1307
000402 60 65 125 100.8343 1.4851
601398 71 47 118 89.0244 -200.0
600005 68 46 114 124.735 12.2104
000060 54 53 107 34.4453 67.1651
600320 51 55 106 18.1497 54.8235
600694 52 54 106 -23.6425 70.0076
000039 56 48 104 31.9502 75.7642
601006 60 43 103 46.7391 -200.0
600037 54 49 103 65.073 11.899
002024 53 47 100 76.9981 71.4094
600583 42 58 100 50.5428 53.3155
600309 48 46 94 65.6186 16.737
000898 50 44 94 70.0 18.7258
600879 42 49 91 11.4864 41.2565
000792 43 46 89 13.9816 24.7695
600269 34 51 85 33.4043 6.6232
600331 40 43 83 -1.7099 60.7881
000024 40 41 81 170.0285 -23.3081
000157 42 38 80 60.3896 47.3893
000538 33 38 71 26.2165 5.6184
600547 35 35 70 13.5971 51.8078
600383 33 35 68 115.6359 -0.0003
000825 41 25 66 104.7022 64.396
600688 29 37 66 1.78 7.2414
600348 27 38 65 17.4566 13.3105
000839 37 27 64 15.0858 104.425
600361 32 30 62 24.7434 94.5453
000568 34 25 59 72.3945 147.9661
600489 27 32 59 4.9499 27.7414
000768 30 29 59 31.3131 97.4419
000869 28 30 58 28.4021 69.6052
000410 32 24 56 50.6386 64.994
600183 26 29 55 11.2209 60.3314
600717 27 27 54 8.2625 52.82
600316 28 26 54 -40.5337 163.7054
600596 28 26 54 75.0421 5.8015
600026 27 27 54 62.9921 14.6649
000970 24 30 54 -25.122 34.4305
000625 29 23 52 70.0354 6.0547
600456 28 24 52 22.5971 117.3456
600296 29 23 52 delist
600795 21 30 51 -23.7322 42.2807
600271 23 28 51 21.0581 45.9813
600616 22 29 51 -10.7831 62.7768
600415 19 32 51 25.8962 48.8706
600015 24 27 51 67.5737 -24.0741
600761 25 26 51 60.5339 122.1382
000400 26 24 50 20.5729 37.6838
000528 26 24 50 129.6958 43.4629
000001 31 19 50 93.7082 18.6813
600123 23 27 50 60.3072 10.6406
600809 26 23 49 77.5918 52.9049
000807 28 20 48 80.9847 -2.7771
600585 22 25 47 116.9281 37.9
000061 27 20 47 29.0486 112.9464
600549 21 23 44 15.8463 49.8305
000623 25 18 43 94.9352 127.6139
600675 22 21 43 118.2186 -9.0594
000423 23 20 43 21.4405 116.8932
000729 22 21 43 12.0413 17.5077
600033 14 28 42 -6.0544 33.378
600406 17 25 42 -14.3553 42.464
601988 23 19 42 43.2718 -200.0
600018 14 28 42 86.3448 67.7107
600104 23 18 41 35.9401 77.2104
000983 18 23 41 13.2911 16.6411
600219 22 19 41 60.2496 11.9374
600276 18 22 40 82.1381 31.3159
600497 16 24 40 75.5161 84.8517
600150 17 22 39 54.2759 113.0309
600048 21 18 39 114.3493 -200.0
000709 26 13 39 41.4141 43.6877
600660 20 18 38 79.9026 48.7179
600089 21 17 38 16.9092 60.5046
600031 21 16 37 133.5507 99.5839
600685 21 16 37 103.4483 69.1429
601111 22 15 37 83.9286 -200.0
600011 13 24 37 29.2585 -10.4047
000651 18 19 37 32.8371 29.8677
600205 16 19 35 delist
600832 14 21 35 delist
600085 14 21 35 5.5952 21.3491
600029 18 17 35 46.595 10.4839
000031 15 19 34 57.6068 5.0733
000900 13 21 34 10.7898 1.9253
000089 16 17 33 15.3153 51.7246
600362 15 17 32 6.3245 51.4028
000088 16 16 32 8.6837 40.0
600438 15 17 32 46.2203 39.2424
600312 15 16 31 24.75 57.8378
600428 18 13 31 56.6282 4.0743
600739 16 15 31 54.5471 242.3631
600636 14 17 31 -0.3636 3.2447
000027 13 17 30 9.411 6.1518
000927 15 15 30 -17.3313 42.0479
600299 16 14 30 59.7067 0.0
600855 16 14 30 -30.0728 94.3795
600418 12 18 30 0.8197 21.2913
600631 18 12 30 delist
600125 13 17 30 8.5302 38.7924
600628 12 17 29 37.3003 11.69
000933 17 12 29 19.893 28.2753
600118 16 13 29 16.9213 76.8489
000951 14 14 28 79.7268 58.4358
000629 14 13 27 16.9399 41.18
600895 15 12 27 54.1203 11.2534
600859 16 11 27 88.2453 64.9682
600535 12 15 27 -10.6087 57.0125
600808 18 9 27 63.0017 19.5833
600811 12 14 26 44.2976 56.3877
000006 18 8 26 71.9231 26.2029
000550 14 12 26 37.7145 69.7588
600875 14 12 26 59.882 13.9326
002025 11 14 25 -23.6882 35.3763
000987 14 11 25 54.792 68.1203
600410 12 13 25 30.98 11.1536
600161 14 11 25 45.1153 93.515
600151 13 11 24 -4.5972 117.9724
600970 10 14 24 7.6751 52.444
600718 13 11 24 96.5833 35.8683
000878 15 9 24 15.2002 73.0298
600010 11 13 24 27.3404 21.4286
000758 13 11 24 1.476 22.3394
600511 13 10 23 16.8456 90.8264
000930 12 11 23 -0.6981 41.133
000680 13 10 23 61.3412 98.557
000617 11 12 23 -2.9189 76.661
600330 10 13 23 3.405 24.0919
600584 13 10 23 22.8782 42.5754
600360 13 9 22 25.1273 10.9228
600472 13 9 22 delist
600835 14 8 22 21.0784 82.2581
600143 11 11 22 101.0035 101.1767
600308 10 12 22 71.4465 28.1218
000895 10 12 22 0.0 73.3593
600325 13 8 21 81.3158 -5.1016
000630 9 12 21 10.6162 18.1319
600886 10 11 21 20.8054 11.4462
600642 10 11 21 19.0554 26.3241
600500 8 13 21 19.8594 48.2698
600423 10 10 20 26.8657 16.806
600533 7 13 20 55.3991 10.6762
600550 10 10 20 -15.8598 34.1037
600177 10 10 20 36.7442 64.2181
600426 10 10 20 29.7753 32.4414
000012 11 9 20 31.4217 51.2119
000619 11 9 20 6.3559 22.5009
600588 8 11 19 46.2506 36.4499
600973 11 8 19 86.3636 23.3782
000917 10 9 19 -11.1891 65.1446
600350 10 9 19 18.75 -10.1057
600307 10 9 19 11.0565 -2.6454
000837 8 11 19 23.0874 69.6825
600439 8 11 19 46.8161 36.1167
000960 9 9 18 33.3835 -5.917
600563 7 11 18 22.123 0.1534
600001 9 9 18 delist
002008 12 6 18 32.6491 73.9589
000581 7 11 18 23.0338 10.2773
600831 10 8 18 8.7817 96.2696
600066 9 9 18 59.058 61.7669
000616 12 6 18 21.563 13.5004
600600 6 12 18 15.4429 28.2902
600022 13 5 18 78.1903 -4.9748
000911 4 13 17 -23.2406 15.1715
000612 10 7 17 16.4422 32.1429
000793 14 3 17 50.8361 132.1705
600315 11 6 17 13.8004 84.1578
600639 9 8 17 67.2991 8.0793
600475 8 8 16 10.0312 18.1234
600858 11 5 16 27.25 126.3083
600582 9 7 16 24.7624 92.286
600327 9 7 16 3.8232 65.8441
600787 8 8 16 11.8068 42.3066
000852 8 8 16 -3.5376 75.4054
600195 11 5 16 89.0302 76.2425
600460 8 8 16 -9.1002 53.8861
000759 9 7 16 29.7071 79.4444
600270 3 12 15 -24.7363 46.5912
600416 8 7 15 -5.8615 99.8467
000866 3 12 15 delist
600880 9 6 15 15.3491 65.554
600888 8 7 15 -6.4153 134.2307
600084 9 6 15 17.1111 76.0784
600012 6 9 15 13.7402 -8.7838
600467 9 6 15 87.156 34.4253
000562 8 6 14 delist
600829 9 5 14 3.6172 54.1667
600004 5 9 14 10.7649 10.8065
600088 8 6 14 3.9996 53.277
600677 7 7 14 -18.0899 128.4264
600196 7 7 14 -8.7537 48.4455
000549 10 4 14 delist
600598 6 8 14 27.5269 45.9137
600436 8 6 14 17.0224 -9.5161
600258 7 6 13 78.4133 44.0512
002028 6 7 13 37.2018 53.8373
600386 7 6 13 50.2573 29.8765
000997 5 8 13 -25.3968 11.3304
601699 7 6 13 12.6582 -200.0
600867 8 5 13 79.9163 52.3652
600289 7 6 13 25.0737 38.2651
600521 6 7 13 21.7626 15.535
600138 8 5 13 71.4859 52.6706
600963 7 6 13 68.6275 54.3731
601588 5 8 13 84.022 -200.0
600236 4 9 13 -11.755 20.8118
600008 2 10 12 14.0873 -12.513
600495 6 6 12 109.3467 26.6277
600262 6 6 12 -11.4772 95.9158
600690 9 3 12 102.4047 -9.4778
600597 5 7 12 -21.8405 65.1091
600432 7 5 12 40.6416 12.9127
000488 6 6 12 1.4123 18.451
600096 6 5 11 45.4065 -0.2154
002027 5 6 11 -33.1514 53.3582
002022 7 4 11 29.5775 48.1391
600202 3 8 11 -45.6647 62.4444
600002 3 8 11 delist
600035 4 7 11 -11.2756 46.8657
000831 6 5 11 18.0527 7.3922
600827 4 7 11 -28.909 42.66
600058 5 6 11 -12.8491 42.9508
002007 4 7 11 57.2873 93.1881
600420 3 8 11 -21.0938 35.966
002041 2 9 11 -59.8481 78.0969
600591 5 6 11 delist
600729 5 5 10 35.5122 25.0593
000539 6 4 10 22.9258 28.5349
600302 6 4 10 49.3242 31.1047
600491 5 5 10 27.4545 47.6407
600261 6 4 10 -9.0258 44.124
600693 6 4 10 31.4286 75.1761
600592 5 5 10 17.4486 47.5067
000978 8 2 10 22.9327 47.2194
000848 4 5 9 62.8483 47.0497
600755 5 4 9 9.083 67.5
000401 6 3 9 28.2776 -9.434
600060 4 5 9 -0.1548 -5.3492
000021 4 5 9 -4.8 5.8059
601333 4 5 9 16.6937 -200.0
600557 3 6 9 34.4681 20.4971
600054 4 5 9 42.3287 68.0697
600737 4 5 9 39.1867 68.9024
600067 6 3 9 46.7934 20.9302
000428 5 4 9 75.8621 141.2338
000829 6 3 9 96.8135 111.2871
600595 5 4 9 13.5894 60.3774
600337 5 4 9 22.3847 98.112
000099 4 4 8 -24.6042 32.5815
000690 6 2 8 37.0476 121.2446
600580 4 4 8 25.4038 32.5783
600754 5 3 8 23.5991 24.0051
601628 8 0 8 -200.0 -200.0
600797 6 2 8 78.2967 32.5926
000926 4 4 8 71.4646 2.3337
600132 3 5 8 12.9348 51.5225
600686 5 3 8 39.9508 70.4866
600176 4 4 8 3.8391 22.5539
600458 4 4 8 66.3918 36.1967
600517 6 2 8 33.0681 172.9789
000932 1 7 8 7.6336 10.1908
600266 6 2 8 107.992 4.7882
600697 4 4 8 29.0012 57.4939
600590 5 3 8 -1.8214 70.3297
600160 1 7 8 -15.798 40.5195
600764 3 5 8 -25.8621 108.3554
000537 5 2 7 59.1837 60.6557
600078 3 4 7 12.4283 22.7378
002029 5 2 7 67.9389 69.5849
000910 5 2 7 29.896 44.8461
000956 2 5 7 delist
000022 3 4 7 33.0669 1.0595
600786 4 3 7 delist
002039 3 4 7 3.827 33.3333
000598 4 3 7 -21.4286 9.3418
600282 3 4 7 0.5195 21.9583
600740 4 3 7 -1.4235 19.2097
600748 5 2 7 94.3284 58.8083
000733 3 4 7 -36.4583 85.122
000608 6 1 7 57.9422 -0.1821
600673 4 3 7 64.9351 13.25
600172 3 4 7 -14.0255 29.0244
600298 5 2 7 56.5997 24.2689
000767 4 3 7 5.5901 50.4892
000762 4 3 7 14.0092 59.0909
002045 5 2 7 55.0562 47.028
600649 4 3 7 2.891 -4.8739
000800 2 5 7 20.7978 4.1056
000090 3 3 6 69.9872 48.4052
600790 4 2 6 25.1304 75.625
002021 4 2 6 18.5596 72.3464
600007 3 3 6 51.6517 27.4565
600611 3 3 6 16.8911 40.869
600750 4 2 6 28.381 45.8556
002069 6 0 6 19.2079 -200.0
002061 3 3 6 38.3158 -200.0
000888 4 2 6 39.1872 18.5842
600863 3 3 6 -1.2268 -2.3179
002037 2 4 6 2.6506 58.5583
000777 3 3 6 12.4781 62.7561
600627 3 3 6 delist
002073 5 1 6 -6.2562 -200.0
600256 2 4 6 -0.5348 -4.6312
600122 3 3 6 18.3099 46.6981
600220 3 3 6 -24.5902 151.5419
600062 4 2 6 17.1584 22.037
600064 4 2 6 29.8817 22.1494
600303 3 3 6 28.2219 37.127
600260 3 3 6 -6.1828 79.5511
600594 3 3 6 -27.6873 30.0858
000050 3 3 6 18.2944 41.9066
000652 2 4 6 18.0498 107.6581
000657 4 2 6 -24.6812 142.3636
002056 3 2 5 23.7624 -200.0
000028 3 2 5 9.5313 33.4021
600075 3 2 5 0.9862 42.1931
002023 2 3 5 -26.7342 57.4144
600479 3 2 5 28.2234 20.1412
600208 4 1 5 140.1929 42.6667
600322 3 2 5 18.107 20.9341
600978 4 1 5 105.5256 60.3696
000969 3 2 5 13.0977 68.3847
600710 2 3 5 -1.7241 51.7241
600169 2 3 5 45.9507 48.3709
002031 3 2 5 36.1399 28.919
002032 3 2 5 42.3304 96.5533
002038 2 3 5 -1.4737 38.1309
600216 2 3 5 -17.5483 31.7848
600435 3 2 5 -10.8417 79.1657
600825 3 2 5 7.489 80.3601
600485 2 3 5 17.0155 77.3246
600317 2 3 5 8.3437 15.5367
000823 4 1 5 5.8027 38.0165
000826 2 3 5 32.7087 31.0345
600468 2 3 5 -19.4056 99.2932
600006 2 3 5 -18.481 42.1968
600777 2 3 5 1.0554 47.1374
600197 2 3 5 -2.904 70.235
002001 1 4 5 -19.2 27.3902
002048 3 2 5 18.9207 85.496
600087 1 4 5 delist
600268 3 2 5 4.7896 -1.3583
600548 4 1 5 26.5985 33.9622
002084 2 3 5 40.8602 -200.0
001696 3 2 5 96.1771 26.9163
000972 4 1 5 82.2839 81.825
000717 3 2 5 8.7613 25.1702
002059 2 2 4 -7.7124 -200.0
600153 1 3 4 61.8577 18.9639
600655 3 1 4 14.0914 44.9153
600651 2 2 4 -26.2876 53.0378
600372 2 2 4 -26.253 41.5541
600572 2 2 4 -8.3893 51.9238
000999 4 0 4 40.1818 53.022
600102 3 1 4 delist
000963 2 2 4 -31.899 50.8163
600817 2 2 4 -30.6358 65.8427
002082 2 2 4 19.3702 -200.0
000527 1 3 4 delist
000912 2 2 4 9.0535 33.1531
600713 3 1 4 26.879 50.7558
600211 2 2 4 52.7434 86.0095
000778 3 1 4 31.9442 16.3596
600881 2 2 4 115.4621 62.4535
600525 2 2 4 53.8462 88.7079
600481 2 2 4 38.467 43.3234
000822 2 2 4 3.8627 23.5088
600960 4 0 4 29.6296 30.3297
600117 2 2 4 -16.9124 47.5362
002003 2 2 4 65.4405 34.3786
002009 2 2 4 9.8947 80.0787
000860 4 0 4 58.4922 33.1507
000761 2 2 4 9.3117 9.6009
002046 3 1 4 -13.371 46.8781
002049 2 2 4 18.9393 31.1475
600017 2 2 4 11.938 -200.0
600861 3 1 4 14.7947 31.7697
600166 1 3 4 20.7018 35.2184
600527 3 1 4 93.7088 44.4649
600111 3 1 4 59.0141 17.7741
600332 3 1 4 6.4917 3.5124
000541 0 4 4 -4.3611 -12.1286
600893 2 1 3 -2.6277 57.8341
600366 1 2 3 -14.1818 43.4314
000667 2 1 3 42.8904 19.8324
600839 1 2 3 15.9341 -16.2413
600536 2 1 3 -2.6932 27.9785
600323 1 2 3 2.4155 7.4419
000708 1 2 3 7.078 44.4744
000707 2 1 3 -11.7647 21.7631
002081 2 1 3 20.9677 -200.0
002085 1 2 3 -10.6098 -200.0
600664 1 2 3 -12.7464 45.7854
600449 1 2 3 0.8572 -5.4762
000569 1 2 3 delist
000591 2 1 3 5.8096 77.8
000988 1 2 3 -11.6279 30.0199
600280 3 0 3 -12.9302 45.4649
600828 1 2 3 27.1817 52.6201
600741 1 2 3 14.557 44.0117
600189 3 0 3 70.2 39.304
600529 1 2 3 35.3242 34.2536
000559 2 1 3 19.774 11.8259
600962 1 2 3 14.8789 49.3356
000046 2 1 3 133.75 57.3171
600779 1 2 3 72.5 82.0012
600459 2 1 3 65.7143 38.1904
600518 2 1 3 21.5973 32.6349
000906 1 2 3 22.8846 71.7172
000939 2 1 3 -6.4782 31.1747
000935 2 1 3 61.2565 62.7841
000876 1 2 3 64.0649 54.2569
600397 2 1 3 -33.7317 61.6216
000755 2 1 3 13.1902 12.0135
000897 2 1 3 9.7656 91.9681
002088 1 2 3 4.1699 -200.0
600188 1 2 3 0.8452 0.4127
002010 2 1 3 23.494 25.2442
600114 2 1 3 -15.5109 13.6428
600502 1 2 3 -10.8216 30.3571
002033 0 3 3 16.4758 50.144
600377 0 3 3 -0.5747 -16.6296
601991 0 3 3 -9.553 -200.0
600726 1 1 2 -20.9974 26.3182
000833 1 1 2 -34.4978 48.2794
002053 1 1 2 -15.6733 3.0445
002052 1 1 2 -34.5078 14.4822
600094 1 1 2 -17.913 75.0
600792 1 1 2 -28.2137 15.4143
000533 1 1 2 39.9554 82.1138
600378 1 1 2 -23.0358 37.5281
600379 2 0 2 173.8035 -5.7007
600363 1 1 2 -4.6729 24.913
600352 1 1 2 2.7842 21.618
600201 1 1 2 6.8807 66.9251
600401 1 1 2 -0.9259 45.6432
600724 1 1 2 -36.1824 2.8571
600392 1 1 2 -23.8203 47.6129
000663 1 1 2 -27.9456 75.1323
000958 1 1 2 -12.8527 9.2784
000698 1 1 2 -7.2881 37.2596
600581 1 1 2 46.1794 1.085
002095 1 1 2 -12.2293 -200.0
000406 1 1 2 delist
000815 1 1 2 16.5919 67.3367
000811 1 1 2 21.4171 43.6937
600247 1 1 2 10.0089 42.8571
000565 1 1 2 -11.8503 50.7123
000560 1 1 2 55.335 7.6087
600409 2 0 2 25.0 33.5123
000799 1 1 2 99.4455 43.4316
600098 1 1 2 23.4409 20.5223
600371 1 1 2 25.9627 112.963
600663 2 0 2 92.4299 -10.0998
000522 1 1 2 delist
002035 1 1 2 9.375 44.2702
600162 1 1 2 -0.7458 55.5224
600971 1 1 2 27.3404 10.2088
600218 1 1 2 -1.6393 39.4737
000531 1 1 2 32.0946 42.8157
000928 1 1 2 -19.9346 86.0182
600820 1 1 2 15.7773 32.2086
600826 1 1 2 122.1239 44.7368
600824 1 1 2 -1.2054 21.499
600736 1 1 2 14.9068 -5.1129
600184 1 1 2 -8.7167 121.25
600742 1 1 2 -1.0811 7.485
000503 1 1 2 1.1905 11.2601
000501 1 1 2 -5.4366 70.5882
600027 2 0 2 -13.8418 33.5498
600408 2 0 2 -9.6235 7.9399
600487 2 0 2 19.4878 35.0853
000419 1 1 2 27.5862 28.5451
600961 1 1 2 10.4819 104.4296
600967 1 1 2 15.8879 8.0709
600965 1 1 2 -21.327 66.7984
600570 2 0 2 32.7635 84.821
600571 1 1 2 -18.75 35.5684
600469 1 1 2 4.6369 3.7475
000731 1 1 2 17.1134 31.1005
000783 1 1 2 66.309 25.3298
000786 1 1 2 -9.761 10.0777
600871 1 1 2 0.0 2.611
600872 1 1 2 -9.7561 54.7019
600815 1 1 2 31.6217 57.0896
600126 1 1 2 4.0609 15.5328
000042 2 0 2 53.3333 17.5812
600051 1 1 2 52.4027 15.3636
600452 1 1 2 3.6199 23.4627
000887 1 1 2 91.5444 76.9634
000882 2 0 2 -3.4965 88.1579
000938 1 1 2 -9.2379 31.7037
000936 1 1 2 25.5208 44.3934
600732 1 1 2 21.8918 -6.1728
600343 2 0 2 -0.6158 57.0565
600801 2 0 2 43.9103 6.3245
600128 1 1 2 21.425 25.0847
600643 1 1 2 30.0 51.7321
000937 1 1 2 -2.1346 19.3555
600198 1 1 2 48.6674 -1.0441
000726 1 1 2 16.9128 12.4269
000686 1 1 2 -7.3715 142.5439
600523 1 1 2 35.6209 129.845
002014 1 1 2 4.9517 29.8823
600509 2 0 2 39.116 30.2691
600110 1 1 2 -1.358 33.4432
600230 1 1 2 -4.1051 -4.1511
000973 1 1 2 -4.7809 48.7008
000718 1 1 2 66.3366 67.9868
600806 1 1 2 8.852 86.0465
000899 1 1 2 3.4767 41.7021
000066 1 1 2 -16.2328 -16.765
000100 0 2 2 -6.7194 5.1282
000662 0 2 2 8.3784 48.8722
600328 0 2 2 -26.9625 -5.8328
601872 0 2 2 24.8038 -200.0
002078 0 2 2 -10.7728 -200.0
002075 0 2 2 15.0852 -200.0
000602 0 2 2 delist
600870 0 2 2 -10.5263 32.3383
600221 0 2 2 -11.7647 51.6729
600357 0 2 2 delist
600837 0 2 2 -8.6614 39.5413
000429 0 2 2 6.9138 20.9497
000715 0 2 2 -27.3387 101.2059
600723 1 0 1 -1.0395 38.6167
600896 1 0 1 4.5093 1.7011
600071 1 0 1 40.2116 11.4283
600072 1 0 1 20.9979 64.0523
000913 1 0 1 -12.439 30.9904
000695 1 0 1 -30.1242 179.7396
002065 1 0 1 14.6667 -200.0
000420 1 0 1 3.7935 -6.4639
000421 1 0 1 14.9485 75.0994
000819 1 0 1 71.649 88.8414
002030 1 0 1 -16.992 48.3395
600884 1 0 1 -15.2381 69.1904
002079 1 0 1 -13.686 -200.0
002076 1 0 1 10.4118 -200.0
600528 1 0 1 13.2787 109.6002
000609 1 0 1 40.2214 48.0519
600874 1 0 1 -4.0847 10.5691
600086 1 0 1 104.8718 114.8352
000589 1 0 1 -5.5102 12.3894
600290 1 0 1 125.8394 50.1089
600635 1 0 1 0.85 31.3425
600641 1 0 1 14.7009 0.6885
600997 1 0 1 6.4953 35.4421
000877 1 0 1 9.4421 30.5177
000949 1 0 1 69.6 1.6393
000727 1 0 1 -22.2494 5.291
000682 1 0 1 -10.7937 49.2754
000748 1 0 1 65.25 46.3504
600267 1 0 1 -18.6082 20.3479
000753 1 0 1 -30.9693 74.0741
600765 1 0 1 59.845 27.6923
600020 1 0 1 13.253 3.7704
600501 1 0 1 0.4952 105.0
000572 1 0 1 9.5238 9.8592
000155 0 1 1 -11.245 5.1613
002086 0 1 1 -16.6308 -200.0
600897 0 1 1 -26.7336 40.2685
002054 0 1 1 -21.2931 -200.0
002020 0 1 1 -14.3485 24.4792
600470 0 1 1 -11.5334 22.6813
600351 0 1 1 8.0869 26.1194
000998 0 1 1 -14.5665 29.3939
000417 0 1 1 13.1222 53.7193
000068 0 1 1 -7.085 35.8904
002094 0 1 1 -16.7133 -200.0
002091 0 1 1 -13.5461 -200.0
002099 0 1 1 -10.1124 -200.0
600405 0 1 1 -9.0461 19.3165
600812 0 1 1 -1.3289 29.7959
600814 0 1 1 -1.5414 29.4311
002092 0 1 1 -19.8964 -200.0
000422 0 1 1 -3.5124 44.531
600716 0 1 1 -34.072 70.283
600249 0 1 1 -0.8691 43.8356
002100 0 1 1 -10.9434 -200.0
600662 0 1 1 -22.2222 19.7248
000919 0 1 1 -7.4442 26.9919
000525 0 1 1 -5.5556 81.5647
600561 0 1 1 41.7411 13.4685
600217 0 1 1 -23.0769 44.4444
000902 0 1 1 -7.191 58.1818
000859 0 1 1 -1.4388 45.2632
600823 0 1 1 33.7334 17.7011
600731 0 1 1 -3.4364 20.339
000776 0 1 1 30.8933 198.5185
601666 0 1 1 10.3764 -200.0
600630 0 1 1 -5.3521 26.9504
002070 0 1 1 -4.2996 -200.0
002077 0 1 1 -17.0685 -200.0
600133 0 1 1 -33.2902 101.6043
600318 0 1 1 -4.5307 39.7196
000780 0 1 1 57.6271 -27.8287
000788 0 1 1 20.303 -18.25
600775 0 1 1 -29.1829 35.5009
600059 0 1 1 77.2234 52.715
600512 0 1 1 4.0816 28.9474
600834 0 1 1 -3.3678 6.7857
600498 0 1 1 0.1491 25.1223
600081 0 1 1 -7.1605 67.7824
600640 0 1 1 30.4745 23.8193
000425 0 1 1 10.7203 60.2067
600305 0 1 1 1.0987 5.3038
000513 0 1 1 -6.9444 30.3823
600993 0 1 1 -5.3039 42.0158
600391 0 1 1 -17.4757 86.9984
000725 0 1 1 -22.9358 7.0968
000618 0 1 1 delist
600840 0 1 1 delist
002083 0 1 1 -2.0362 -200.0
002087 0 1 1 -5.1084 -200.0
600601 0 1 1 4.75 26.069
600508 0 1 1 2.8531 27.4079
600482 0 1 1 -9.366 20.2107
000806 0 1 1 -3.8811 13.5338
600233 0 1 1 5.0847 27.7735
000655 0 1 1 12.7469 27.46
000036 0 1 1 25.4054 65.0
