000002 171 153 324 50.8368 74.0393
600030 164 156 320 68.5294 23.5187
600036 167 150 317 62.0187 41.4269
600028 152 159 311 77.7632 34.1437
600019 161 144 305 58.5455 14.1556
600000 153 139 292 44.8934 36.9386
600016 140 141 281 29.6588 9.32
601318 147 130 277 48.6528 52.428
600005 144 132 276 95.825 14.0613
601628 129 124 253 41.4206 16.6903
600900 125 111 236 28.9021 18.0728
601006 128 106 234 69.2206 19.8829
600050 118 115 233 105.7922 5.1509
601398 113 110 223 62.2754 -8.3873
000898 122 101 223 90.1903 24.947
000858 98 111 209 44.5645 69.0809
601166 115 91 206 47.7914 30.1426
600519 99 101 200 93.3514 26.6455
000063 102 96 198 17.405 23.918
000001 105 86 191 40.2616 45.7627
601919 97 92 189 133.6254 11.4774
000069 98 89 187 26.2563 101.7884
600009 88 90 178 -0.9239 55.9705
600383 88 81 169 19.2285 113.7327
000402 73 88 161 -2.4138 90.3782
000983 88 71 159 124.8317 110.3911
600309 80 75 155 -0.3496 57.5294
601111 78 76 154 180.286 24.0478
600048 84 68 152 41.1278 65.0377
601088 92 59 151 -5.3247 -200.0
002024 76 71 147 53.0026 46.75
000024 73 66 139 20.5703 72.4509
600015 77 62 139 59.1362 8.3278
000039 58 79 137 -11.7326 45.2841
600675 65 71 136 -5.328 128.5952
601939 83 53 136 15.4748 -200.0
600104 64 71 135 53.2188 39.4992
000825 65 69 134 23.4796 40.5703
000709 74 57 131 95.4617 56.2051
600887 58 73 131 -5.5717 22.1961
600583 63 67 130 43.8674 27.0222
000157 65 63 128 49.2208 118.2829
600029 66 60 126 225.641 15.4778
000878 65 61 126 60.8554 84.492
000792 57 67 124 79.5557 58.2739
000625 62 61 123 37.1345 14.524
000568 64 56 120 75.6144 54.7794
600717 59 59 118 8.8598 78.4475
600037 54 63 117 20.0917 40.0922
000623 50 62 112 35.3769 102.9784
600739 54 57 111 44.8377 111.9263
600795 64 46 110 32.9268 28.3694
600320 57 52 109 28.7393 19.8432
000651 67 42 109 41.404 106.3868
601857 57 50 107 -29.5723 -200.0
000060 56 50 106 51.6724 20.9191
600428 53 50 103 81.1558 24.5165
600026 52 49 101 61.0966 61.45
600585 53 47 100 23.5075 79.3099
600694 52 48 100 -20.5849 67.9531
000800 57 42 99 76.4034 20.5752
000031 49 49 98 40.12 72.0152
000933 49 49 98 86.1259 85.056
600150 55 41 96 80.6568 69.0593
000401 50 43 93 50.7994 69.4989
600748 52 41 93 139.32 39.7989
600269 44 47 91 34.4308 18.75
601001 46 43 89 26.5322 109.293
600031 46 43 89 28.9622 118.0412
600325 48 41 89 20.3759 38.2407
600886 45 43 88 28.8977 33.1464
000528 45 42 87 69.9184 30.1651
000612 43 44 87 66.2217 90.322
600879 38 48 86 4.3023 35.1805
600685 42 44 86 62.6616 90.2725
600348 47 39 86 47.1221 104.1989
600100 44 40 84 34.5424 43.7552
600489 41 43 84 143.9067 46.2376
000839 40 44 84 23.2143 20.053
600690 47 37 84 41.7788 34.3409
000895 37 47 84 1.8826 124.9372
000960 47 36 83 103.199 70.116
601988 39 44 83 32.7135 -9.5495
600096 42 38 80 101.0208 24.6217
600808 42 37 79 52.3182 5.1643
600631 43 34 77 delist
600011 39 38 77 38.2106 24.9305
600219 31 45 76 17.6289 54.2488
600616 36 39 75 8.7182 6.2631
601328 49 26 75 42.1292 -18.8331
600415 36 39 75 -14.2673 32.459
600547 38 37 75 130.5772 75.9973
600895 36 38 74 3.4144 65.5493
000807 30 44 74 53.1543 51.5545
000869 35 37 72 39.2323 10.4006
600761 35 37 72 32.4647 18.4047
600628 39 32 71 -13.3917 59.1549
600058 40 31 71 94.6256 36.7959
600596 38 33 71 55.4295 44.4188
600361 39 31 70 18.3703 31.6065
000410 31 37 68 -14.875 54.3146
600859 33 35 68 3.579 83.6697
600456 35 33 68 58.3236 4.9937
601600 22 46 68 72.0351 24.6894
600266 34 34 68 2.4117 103.8849
600183 38 30 68 29.5844 9.1618
000338 31 36 67 10.4619 20.8994
600001 38 27 65 delist
600331 34 31 65 65.5315 98.4812
000717 35 30 65 63.6879 14.4147
600067 33 31 64 2.7254 76.0621
600600 34 30 64 52.3119 51.8475
600123 31 32 63 56.885 38.4193
600085 32 31 63 -8.9171 77.7726
601699 32 30 62 75.6056 98.8324
600308 30 32 62 17.9223 62.5248
601390 37 24 61 42.0272 -200.0
600143 33 28 61 0.2854 19.8383
600299 32 29 61 5.3175 69.464
600835 30 31 61 20.876 66.5772
600809 24 36 60 9.589 5.6221
600195 27 32 59 55.6345 39.6551
600997 39 20 59 99.5455 85.9367
600022 32 27 59 54.7256 39.6645
000562 30 27 57 delist
600177 28 29 57 -7.8166 115.5256
000088 31 26 57 3.0228 13.8305
600161 30 27 57 48.5519 28.274
000951 29 27 56 30.2554 67.1593
000539 33 22 55 35.3451 11.5702
000729 31 24 55 58.8679 5.4357
000917 27 27 54 67.0034 4.357
000012 29 24 53 61.486 -9.0156
000027 25 27 52 8.9301 79.3212
600276 25 27 52 26.0831 68.932
600963 26 26 52 8.705 54.3083
000423 28 24 52 24.6554 93.0094
600312 23 28 51 0.351 37.7039
600089 25 26 51 110.2764 51.3997
600500 24 27 51 56.4848 15.4642
600111 28 23 51 75.3415 62.6975
600660 29 21 50 17.4967 64.045
600282 26 24 50 55.4723 72.9765
000538 21 29 50 -2.8573 28.1776
000937 28 22 50 76.1278 80.0521
000680 24 26 50 23.2573 73.58
601666 33 16 49 157.7457 32.3709
600066 25 23 48 26.5051 72.2077
000759 27 21 48 39.1476 12.8631
600004 23 24 47 13.6304 57.6271
600832 24 23 47 delist
000089 25 22 47 27.3273 9.018
601169 27 20 47 -10.2293 -200.0
600655 23 23 46 23.2513 97.1644
000758 28 18 46 53.1581 51.497
000927 23 22 45 74.2602 -16.4
000422 26 19 45 66.0173 68.46
600591 23 22 45 delist
600528 21 23 44 42.1644 43.3051
600236 24 20 44 9.633 15.0064
600426 23 21 44 75.6518 26.4033
600423 24 20 44 50.7606 10.9375
601601 28 16 44 2.6573 -200.0
600087 27 17 44 delist
000652 21 23 44 -19.9001 77.3041
600350 24 19 43 32.7001 13.1462
000581 25 18 43 4.9769 51.5254
000829 24 19 43 -21.3134 68.7626
600718 20 22 42 11.8551 33.6434
600582 22 19 41 29.2037 48.1619
600639 20 21 41 16.4652 33.9545
600875 19 22 41 39.7278 49.1826
600511 24 17 41 53.5087 46.6063
600535 23 17 40 25.6279 21.5097
600406 20 20 40 3.8806 27.5381
000793 15 25 40 22.5537 -26.362
000778 19 21 40 -7.3046 63.1456
600307 20 20 40 219.1874 18.647
000755 20 20 40 46.7543 65.8463
000616 19 21 40 22.5859 43.1866
000488 22 18 40 85.2064 -1.5913
600584 22 17 39 48.6763 -6.1699
000768 22 17 39 18.5617 64.4032
600166 20 19 39 1.4695 82.8854
600271 20 18 38 46.9208 6.5464
600008 22 16 38 85.4514 30.9304
600125 20 18 38 19.1296 7.0781
600642 19 19 38 25.8756 18.7575
600169 19 18 37 57.7428 87.6847
600649 20 17 37 45.1704 76.0351
000061 20 17 37 31.8721 25.5014
000629 19 17 36 63.8452 45.3741
600376 24 12 36 -1.4333 224.7378
600258 17 19 36 24.3472 72.9185
000046 19 17 36 31.9223 33.8898
601168 13 23 36 27.0097 -200.0
002022 22 13 35 40.873 53.6794
600786 18 17 35 delist
600549 18 17 35 52.6002 -11.737
000831 18 17 35 86.9055 63.0413
000963 21 13 34 23.7809 51.138
000400 19 15 34 40.8346 1.8209
600176 17 17 34 113.6097 11.289
600352 20 14 34 61.41 27.7892
000751 18 16 34 -11.9229 74.1166
600270 19 14 33 50.841 -4.3496
000910 18 15 33 14.8034 14.0721
600820 21 12 33 37.2667 16.6842
000006 15 18 33 5.0201 77.0278
600138 16 17 33 35.5836 29.0142
002007 18 15 33 54.2848 43.0253
600396 19 14 33 26.0301 24.9272
600508 19 14 33 127.2064 38.3314
600208 15 17 32 30.6874 23.559
600240 16 16 32 10.6742 24.15
000822 15 17 32 45.4623 22.9459
600688 17 15 32 47.5426 27.6786
600970 14 17 31 9.6006 32.3598
000522 18 13 31 delist
600362 20 11 31 110.9449 25.7304
600880 18 13 31 53.3751 2.3336
000837 16 15 31 19.3295 12.4633
600697 17 13 30 26.949 20.8929
000501 18 12 30 49.3195 11.9176
600529 16 14 30 15.4394 -0.5795
000718 19 11 30 -15.0522 107.3548
600360 17 13 30 13.8171 11.2832
600075 18 11 29 15.4835 47.2072
000527 14 15 29 delist
000987 17 12 29 4.0954 46.2434
600823 18 11 29 -21.6305 255.0136
601333 14 15 29 24.4915 -11.6898
000550 14 15 29 30.1161 22.8807
600007 14 15 29 12.5938 31.3126
600153 17 11 28 35.8303 40.7733
600357 15 13 28 delist
600588 14 14 28 4.5873 30.2775
000022 14 14 28 2.9207 10.5769
600785 15 13 28 40.4529 37.0519
600686 14 14 28 -3.4468 48.3828
000900 15 13 28 103.998 12.9827
600831 13 15 28 45.2391 11.8605
600497 15 13 28 20.733 30.747
002069 10 17 27 26.0274 -3.583
600978 15 12 27 -12.6336 81.6056
002106 14 13 27 13.7954 6.9654
600569 16 11 27 43.9919 62.3077
600829 14 13 27 19.3773 25.5543
600316 10 17 27 -2.0233 39.6213
600062 18 9 27 85.7222 50.957
600268 16 11 27 31.5756 2.2795
600162 16 11 27 10.5263 163.1381
600438 11 16 27 23.3603 -0.3673
600472 11 15 26 delist
600867 14 12 26 19.7256 -8.3333
600663 12 14 26 -3.2999 27.7526
600607 13 13 26 delist
002028 11 14 25 41.326 37.6834
600201 15 10 25 43.4711 38.9208
600327 11 14 25 28.1818 5.4036
600713 15 10 25 26.0051 17.5
002078 14 11 25 39.5617 1.8699
600521 13 12 25 17.6902 22.2478
000559 13 12 25 58.2668 7.4272
600416 11 14 25 1.499 37.8017
000972 12 13 25 65.6075 -21.7345
600432 14 11 25 106.771 46.6495
000978 10 15 25 31.7746 11.6352
600570 11 13 24 123.1537 2.9772
600858 13 11 24 36.8093 28.8655
000860 11 13 24 37.8858 11.3809
601808 13 11 24 -13.9348 -200.0
600010 14 10 24 12.4464 25.895
600118 14 10 24 40.8356 15.0615
600337 13 11 24 10.4054 37.6647
000848 11 12 23 -1.7931 42.1255
600533 14 9 23 14.2147 48.8616
000815 10 13 23 47.331 2.1818
000968 16 7 23 245.1346 22.7731
600315 14 9 23 18.3509 57.6414
600966 14 9 23 141.9633 2.2051
600122 13 10 23 115.8909 4.618
000876 10 13 23 31.7813 15.6654
600467 11 12 23 111.8284 28.0407
000667 11 11 22 30.8731 17.6778
000690 14 8 22 52.2843 -5.5722
600837 13 9 22 38.0756 64.1773
600230 11 11 22 131.1192 -24.6646
600102 12 9 21 delist
600971 13 8 21 107.0757 49.0568
600210 11 10 21 56.7961 9.5209
000608 11 10 21 -0.6534 72.0
600673 12 9 21 39.9469 49.7544
000619 10 11 21 -8.4104 -3.8104
600488 12 9 21 144.1624 -0.4239
600586 10 10 20 67.4383 76.7794
000090 10 10 20 1.244 28.6193
600117 12 8 20 212.1602 2.9455
600458 10 10 20 41.6248 -14.7883
600012 10 10 20 21.1564 -2.1992
600115 12 8 20 121.7708 92.3848
600206 9 10 19 -29.5642 76.1666
601009 9 10 19 0.8448 -200.0
600754 10 9 19 35.3138 -1.7946
600780 10 9 19 60.6771 21.9048
600188 10 9 19 57.3066 53.8462
600059 8 11 19 9.0983 -1.1152
002008 13 6 19 34.9451 46.5408
000932 10 9 19 39.9766 9.2683
002155 9 10 19 -23.9394 -200.0
002010 10 9 19 44.6585 24.7332
000657 10 9 19 85.2174 -20.2497
000531 10 8 18 37.0147 2.9483
000999 8 10 18 31.7127 28.8256
000666 8 10 18 19.5735 2.4882
600973 6 12 18 33.7239 32.1435
000630 10 8 18 33.4035 72.5693
600598 11 7 18 77.3241 5.9809
600280 10 8 18 24.2933 8.4911
600736 11 7 18 12.4711 65.9542
000419 9 9 18 -0.5236 53.8067
600256 8 10 18 107.8556 -8.7923
000952 10 8 18 19.1685 254.3677
600054 8 10 18 66.3512 22.6206
600518 10 8 18 25.1695 7.0448
600290 9 9 18 23.9941 108.3673
000661 9 9 18 16.0714 -8.0657
000748 9 9 18 36.4706 11.9895
600261 8 10 18 9.5615 16.0329
002122 14 4 18 96.7319 9.7206
600527 8 10 18 7.7348 35.0746
000655 9 9 18 47.4886 83.7529
600797 10 7 17 36.1352 -14.5914
600750 8 9 17 34.8534 26.4324
600033 9 8 17 28.0516 12.6471
002037 9 8 17 60.8594 -12.3286
002038 9 8 17 61.3333 76.352
600563 10 7 17 17.798 26.0568
600740 8 9 17 22.2923 52.6534
000828 8 9 17 74.2896 -27.588
000042 8 9 17 -14.3864 64.733
600436 7 10 17 0.6109 34.6604
600641 10 7 17 28.5657 91.9827
000617 6 11 17 23.8286 65.7754
600693 10 7 17 69.6489 1.0876
600729 9 7 16 23.3957 35.6322
000028 12 4 16 118.2002 -4.6789
000537 11 5 16 52.5424 30.7238
002029 10 6 16 48.9268 9.3545
600035 9 7 16 33.8756 1.5773
000708 10 6 16 36.6638 3.8698
600665 8 8 16 29.4785 31.8413
600216 10 6 16 202.9176 0.4687
000926 7 9 16 11.3737 21.6206
000761 9 7 16 60.6557 9.9391
600888 8 8 16 51.428 3.3188
002128 9 7 16 37.1468 37.2624
002084 6 10 16 -24.1057 18.0994
600509 9 7 16 136.5144 -1.9651
600439 8 8 16 23.8617 63.6642
601866 7 8 15 5.013 -200.0
600202 10 5 15 50.4021 24.3333
600557 11 4 15 96.4844 8.2677
600581 10 5 15 230.8802 12.1309
000888 7 8 15 46.9003 -9.7681
600787 6 9 15 26.5655 2.7753
002032 8 7 15 35.5249 36.9204
000959 8 7 15 40.8428 5.1779
002001 8 7 15 310.8723 -6.9118
600082 8 7 15 22.2647 37.0308
600597 8 7 15 38.0645 0.1837
000970 8 7 15 15.2672 -16.5318
600267 8 6 14 27.7857 65.6118
002025 6 8 14 0.7522 -1.5914
600662 7 7 14 -15.216 67.9487
600812 8 6 14 101.2567 1.8282
600189 9 5 14 151.5763 -7.1429
002073 7 7 14 38.4112 10.0289
600725 6 8 14 57.6033 88.6893
600962 7 7 14 27.1828 67.7734
000762 9 5 14 64.4156 -1.2821
002045 7 7 14 21.3918 -18.5006
600495 6 8 14 -8.7179 21.079
600064 4 10 14 16.5242 83.5384
600303 7 7 14 24.6954 4.322
600548 7 7 14 42.2902 12.4828
600027 6 8 14 40.7132 20.649
000823 6 7 13 25.4925 -5.2689
600071 5 8 13 -6.2753 13.6939
002097 8 5 13 62.3823 76.8844
000707 7 6 13 61.7122 28.5933
600098 6 7 13 12.3013 35.1177
000852 6 7 13 0.0 54.921
000677 8 5 13 155.117 35.8744
600525 7 6 13 1.5876 28.2716
600482 6 7 13 77.1794 43.8861
000009 8 5 13 37.069 54.6667
600470 6 7 13 91.2088 -27.2144
600830 8 5 13 268.4641 5.3791
000425 6 7 13 81.6327 -10.0587
600069 9 4 13 123.7674 7.619
600017 8 5 13 58.4247 6.3627
002152 10 3 13 37.3403 -200.0
600572 6 6 12 20.8204 56.816
601002 6 6 12 12.9528 -12.2613
000698 6 6 12 25.7979 33.8078
600323 7 5 12 28.6885 -7.0358
600863 7 5 12 46.1804 -1.2281
600825 7 5 12 48.7242 88.9072
600409 7 5 12 116.8151 30.5723
600317 6 6 12 10.5193 8.9195
600257 6 6 12 23.0252 -9.3872
600961 7 5 12 62.9429 5.6303
600418 6 6 12 4.9679 26.844
600677 6 6 12 61.3295 52.4229
600779 8 4 12 85.4605 3.9886
600196 8 4 12 40.7054 52.0179
600052 6 6 12 -2.9372 76.015
600459 5 7 12 14.3382 45.0225
600517 6 6 12 63.8736 65.6605
600499 6 6 12 82.8326 8.8543
000723 7 5 12 309.3142 0.0
600469 6 6 12 -10.6476 70.6695
000897 5 7 12 0.6684 71.1103
600590 6 6 12 -15.9477 23.4
600897 6 5 11 8.7968 41.9613
002021 4 7 11 35.3782 5.8469
600612 6 5 11 40.6854 21.6438
600109 6 5 11 65.5601 103.9715
002092 8 3 11 89.741 37.0648
600322 5 6 11 10.5263 68.2376
000560 6 5 11 94.3057 2.1429
000021 4 7 11 16.0332 9.4086
000911 6 5 11 54.7619 -16.2651
000912 6 5 11 36.1486 16.6208
002031 5 6 11 56.4115 -3.2353
600995 6 5 11 199.7459 -3.1181
000920 5 6 11 18.8537 -10.4054
600824 5 6 11 -6.1524 39.8665
600828 7 4 11 79.5953 -15.1645
600737 6 5 11 145.6996 -28.5976
600132 5 6 11 -31.7711 45.2335
600479 8 3 11 90.087 35.6787
600192 5 6 11 19.1304 48.6486
000908 6 5 11 81.5926 4.7763
000541 5 6 11 7.1163 65.5688
600121 5 6 11 88.5613 30.5402
600801 7 4 11 55.4506 79.6482
000930 5 6 11 24.181 -27.5706
000685 6 5 11 314.3491 -18.1787
002080 6 5 11 2.1127 11.5731
600408 6 5 11 152.371 0.9768
001696 4 7 11 58.8583 63.6022
000417 6 4 10 26.7838 69.7384
600298 4 6 10 22.6601 90.3066
600790 5 5 10 25.7065 28.1542
600380 5 5 10 90.701 54.9889
600410 3 7 10 34.3367 3.6334
002142 6 4 10 -0.9038 -200.0
002067 7 3 10 65.1214 -4.5232
600810 4 6 10 96.8225 -6.4343
600072 5 5 10 199.439 6.577
600481 5 5 10 99.7315 30.4647
600486 5 5 10 54.5245 29.7229
002003 5 5 10 79.4906 11.0267
600088 4 6 10 18.127 53.8968
600263 7 3 10 delist
600601 5 5 10 -12.6638 74.5324
600110 4 6 10 15.4601 101.5861
000507 6 4 10 9.5156 14.576
002111 6 3 9 60.3651 -0.5714
600377 7 2 9 35.9173 14.7612
600855 5 4 9 27.7333 5.6719
600638 4 5 9 54.2021 20.5587
600238 5 4 9 78.6486 13.6171
600827 4 5 9 53.8061 13.2275
600550 3 6 9 109.4837 41.1533
600684 5 4 9 27.1827 35.6532
600086 6 3 9 18.8561 -21.0303
600993 4 5 9 15.2765 46.3545
600018 5 4 9 18.2055 -22.663
600592 5 4 9 14.0782 16.0465
600021 4 5 9 13.9151 22.4315
000572 3 6 9 42.6573 31.5469
600806 5 4 9 32.3331 145.8564
600720 4 4 8 65.6891 6.5625
002054 5 3 8 40.5867 34.6677
600378 4 4 8 43.0262 46.9565
600386 4 4 8 33.9932 47.4562
000159 5 3 8 13.8224 111.2561
000997 5 3 8 82.0359 -5.005
600391 5 3 8 72.2017 23.808
000428 2 6 8 -2.5788 9.5417
600580 4 4 8 45.1972 2.0188
600611 4 4 8 12.711 117.7553
002146 6 2 8 -28.6811 -200.0
600755 2 6 8 44.8783 21.3106
002061 5 3 8 0.2304 0.5516
600246 5 3 8 36.9907 23.1844
000597 5 3 8 76.8916 44.4609
000777 2 6 8 95.5556 2.0665
600627 4 4 8 delist
002076 4 4 8 -13.1796 14.5472
600006 5 3 8 32.8573 3.1056
600872 4 4 8 18.3333 4.5296
600129 3 5 8 10.2147 39.5142
600636 3 5 8 -1.8692 -4.609
600635 5 3 8 61.0694 110.4259
002041 3 5 8 23.5839 -23.8431
600343 4 4 8 55.9717 5.597
600991 4 4 8 delist
600861 3 5 8 28.2805 11.5061
600595 4 4 8 83.7662 97.5119
000059 4 4 8 23.0392 17.9632
002018 4 4 8 103.4005 13.2947
000973 4 4 8 55.7647 -9.9576
600251 4 3 7 122.5907 25.8149
002052 3 4 7 0.8595 13.006
600475 4 3 7 11.747 11.0645
600555 4 3 7 0.7427 15.6128
002140 5 2 7 96.2843 -200.0
002056 3 4 7 25.7439 17.8724
600531 4 3 7 110.1274 27.1612
002082 3 4 7 18.8269 -13.01
000598 3 4 7 19.3093 67.3086
000520 3 4 7 29.7872 53.0399
600960 4 3 7 40.499 -18.1461
000602 4 3 7 delist
000043 3 4 7 7.2008 31.8003
000510 3 4 7 24.2388 5.6693
600198 3 4 7 -9.0647 7.6407
600231 3 4 7 47.6329 12.6812
600834 4 3 7 30.0008 15.8235
000767 3 4 7 19.2271 32.0441
600491 4 3 7 36.932 10.4189
600305 4 3 7 7.931 -7.0498
600332 4 3 7 41.2738 4.8234
000066 4 3 7 21.9701 18.1287
002129 4 2 6 34.6005 -10.6505
600253 3 3 6 delist
600159 3 3 6 35.8376 16.1557
000919 3 3 6 55.0494 6.8558
600389 4 2 6 203.3403 34.1732
600896 3 3 6 30.8472 66.983
000887 3 3 6 100.2144 -16.2478
000062 3 3 6 57.8546 -28.5211
600589 3 3 6 35.6948 8.7762
600839 2 4 6 -2.3756 36.2385
000819 2 4 6 -16.041 33.6069
002123 4 2 6 12.0723 49.6304
000790 3 3 6 15.0197 -11.7647
000797 4 2 6 110.1905 -17.2028
002202 4 2 6 7.2137 -200.0
002083 3 3 6 9.366 30.442
002098 3 3 6 21.1268 3.1699
600371 2 4 6 7.7872 1.7255
600782 3 3 6 60.9108 52.2127
600664 3 3 6 13.1114 8.4746
600365 4 2 6 47.5765 -23.0618
600561 3 3 6 10.6747 14.9628
000929 3 3 6 43.6255 25.6571
000850 2 4 6 -4.4088 64.3922
600559 4 2 6 157.7778 14.1522
000785 4 2 6 38.036 3.4335
002183 5 1 6 48.4196 -200.0
600055 3 3 6 11.1582 28.8277
600221 3 3 6 118.3051 3.6907
600838 3 3 6 10.8434 19.3291
600884 3 3 6 -8.6255 85.3951
600881 3 3 6 -5.9246 128.5128
000636 3 3 6 50.0 11.8825
002046 2 4 6 15.591 -1.7247
000935 3 3 6 0.9434 59.0568
600522 3 3 6 24.0 50.8916
002153 6 0 6 66.8467 -200.0
600151 3 3 6 -4.9687 -2.924
600501 3 3 6 7.4279 -15.2886
601918 0 6 6 14.6148 -200.0
000826 3 2 5 24.4788 48.9163
000026 2 3 5 -0.187 20.7831
000151 3 2 5 60.4423 -3.6163
002023 2 3 5 18.0251 -8.4128
000100 2 3 5 20.1646 3.1847
000662 3 2 5 26.2022 -5.2974
600141 3 2 5 60.4315 47.9763
002068 4 1 5 57.6754 9.245
002095 3 2 5 4.549 24.9157
000565 3 2 5 139.9545 40.6183
000563 4 1 5 53.713 35.0536
000969 3 2 5 15.8999 4.0909
600811 2 3 5 -20.6219 120.1141
600814 2 3 5 10.8464 8.7059
600060 3 2 5 30.6562 6.8816
002081 3 2 5 42.9911 16.877
002093 4 1 5 52.9984 78.8924
002102 3 2 5 56.6069 24.6847
600367 3 2 5 88.6311 -7.5107
600449 3 2 5 81.761 27.5302
600215 2 3 5 33.0402 -4.6707
000530 2 3 5 26.0537 7.3446
600741 3 2 5 -0.3083 74.2689
600622 2 3 5 20.1362 30.1266
600020 2 3 5 4.3268 34.488
600252 5 0 5 53.2877 83.8791
000731 3 2 5 38.6962 19.685
600476 3 2 5 -13.5253 31.2328
601998 2 3 5 10.3261 -19.0853
000609 2 3 5 277.7174 66.9691
600815 3 2 5 51.6055 13.2468
601872 3 2 5 17.32 20.8747
000513 3 2 5 85.2814 83.3333
002009 2 3 5 133.1744 45.2748
000584 3 2 5 41.5488 34.4344
600425 3 2 5 94.5504 -3.8279
600273 3 2 5 -12.5948 88.7814
600302 2 3 5 1.8537 31.5808
600640 2 3 5 22.9272 -21.3049
000429 2 3 5 28.9981 8.5795
000939 2 3 5 27.9206 48.6737
000727 2 3 5 63.7631 -0.1739
000726 3 2 5 4.4172 89.5557
600765 3 2 5 18.2128 99.5042
600131 3 2 5 63.4286 -13.2568
601588 2 2 4 38.9598 20.5256
002116 2 2 4 23.5909 -17.3378
600791 2 2 4 70.8102 24.55
601003 2 2 4 18.2237 89.7451
600262 2 2 4 38.0542 -26.278
000663 2 2 4 88.1633 -7.7792
000886 2 2 4 10.8893 3.7665
600710 2 2 4 15.3677 38.4498
000525 2 2 4 36.1011 5.2129
000548 2 2 4 -15.0118 77.3585
000533 2 2 4 6.2439 27.4876
000988 2 2 4 29.6402 2.1277
600289 1 3 4 -3.1105 26.6778
600630 2 2 4 32.9181 -8.6179
000014 1 3 4 28.6614 32.6838
002050 2 2 4 159.9138 -5.5788
000821 2 2 4 35.7522 -12.614
600967 3 1 4 79.6004 -10.3676
600478 2 2 4 142.7758 32.9099
000780 2 2 4 60.1036 70.194
601991 2 2 4 19.4689 182.1284
600287 2 2 4 21.5385 15.4343
600708 2 2 4 31.6227 13.715
600877 1 3 4 25.2101 41.1067
600546 2 2 4 9.0441 29.5238
002133 3 1 4 39.8539 -6.3684
000519 2 2 4 40.0 -7.5188
000515 3 1 4 delist
600170 2 2 4 33.1249 34.5977
000545 2 2 4 116.7587 -9.9502
600279 2 2 4 -19.6066 58.5591
002043 2 2 4 42.8571 -6.6877
600990 2 2 4 30.2544 -25.1436
600390 2 2 4 -15.5632 95.522
000686 2 2 4 214.8715 0.0
000836 2 2 4 -9.7152 102.2634
600393 2 2 4 18.731 70.8155
600840 2 2 4 delist
002088 4 0 4 33.9232 20.3852
002120 2 2 4 -10.3647 16.2152
002124 2 2 4 49.7605 -12.5628
600606 3 1 4 32.5773 -3.4115
600160 2 2 4 41.4317 19.9433
600805 2 2 4 26.945 -11.7253
600587 1 2 3 13.5995 2.5677
000418 2 1 3 94.7886 15.8134
000830 2 1 3 33.7838 -23.1507
600650 1 2 3 32.9231 7.3026
000534 2 1 3 67.3246 37.1429
600375 2 1 3 38.7931 -10.7597
600420 1 2 3 37.8882 9.1158
600854 1 2 3 16.6932 -14.4218
000882 2 1 3 51.9547 -5.6311
600379 1 2 3 -17.3824 3.165
600538 2 1 3 99.6564 6.5934
600328 2 1 3 54.2214 36.7101
000567 2 1 3 -8.963 114.9682
000798 1 2 3 48.8851 3.9216
600485 1 2 3 26.6667 -26.1981
002101 2 1 3 29.2929 -1.371
000716 2 1 3 47.6684 -10.2326
600704 2 1 3 62.483 12.5
000903 2 1 3 -7.5825 85.8702
000975 1 2 3 75.1347 17.2452
000859 2 1 3 37.2093 -11.8297
600284 2 1 3 71.8072 56.7164
600738 2 1 3 44.0678 3.5088
002070 1 2 3 12.1739 -21.3633
600874 1 2 3 -1.1988 50.9009
600135 1 2 3 24.7078 2.6564
000922 1 2 3 5.2632 -18.1329
600702 3 0 3 51.9889 36.9768
600871 1 2 3 -8.5125 45.9222
002132 2 1 3 34.9468 10.6533
600682 2 1 3 -20.8416 56.0178
600770 2 1 3 120.8989 16.1999
600197 2 1 3 95.3858 -6.8396
002004 1 2 3 63.5983 53.009
000906 1 2 3 4.6278 46.752
002048 2 1 3 69.9219 3.8761
600496 1 2 3 71.582 -12.4786
600126 1 2 3 68.774 10.5505
600084 1 2 3 39.357 14.0329
000877 2 1 3 123.4211 -8.2126
002005 1 2 3 140.9972 -7.4359
002177 3 0 3 4.8089 -200.0
600764 1 2 3 7.8685 27.2497
002017 2 1 3 61.3592 -13.4885
002013 1 2 3 10.1546 45.7461
600330 2 1 3 44.6891 -15.8244
600232 2 1 3 6.6541 -24.2685
600487 2 1 3 62.1543 -4.083
600460 1 2 3 17.3562 -19.1904
000875 2 1 3 33.1783 24.7582
600804 2 1 3 107.8066 28.6095
000516 0 3 3 22.932 9.4891
000155 1 1 2 98.1086 -1.25
000628 1 1 2 68.4211 -16.3095
600723 1 1 2 72.5912 23.5838
600726 1 1 2 25.8652 7.3647
002194 2 0 2 19.2785 -200.0
002110 2 0 2 28.5106 18.6018
600265 1 1 2 124.0059 -14.2677
600651 1 1 2 47.3456 -4.71
600653 1 1 2 10.2518 6.9231
600074 1 1 2 52.4272 -7.8712
000923 1 1 2 15.4719 71.1656
600382 1 1 2 123.123 3.573
000407 1 1 2 26.9231 50.9434
600578 1 1 2 46.2875 34.6872
600363 1 1 2 12.7737 4.25
600200 1 1 2 29.5745 -25.814
000990 1 1 2 9.7191 36.5964
000998 1 1 2 -17.2046 70.1022
600366 1 1 2 25.0239 36.9655
601005 1 1 2 13.5215 21.2168
600359 1 1 2 86.5095 -15.6061
600277 1 1 2 52.0126 54.324
600429 1 1 2 66.4207 -1.4545
000949 1 1 2 44.6573 6.0963
000068 1 1 2 35.7137 -11.0981
002147 2 0 2 -5.1064 -200.0
000881 1 1 2 -3.9098 78.5714
002063 1 1 2 7.7547 11.5044
600247 1 1 2 65.3846 5.4674
002064 1 1 2 6.4067 58.8963
002094 1 1 2 6.4356 22.1282
600107 1 1 2 73.9274 16.092
600106 1 1 2 -19.3131 153.3954
600243 1 1 2 74.9658 -3.9422
000566 1 1 2 44.2623 -3.1746
000961 1 1 2 53.6321 10.2215
600405 1 1 2 35.005 52.3258
000966 1 1 2 18.0233 -2.0521
000700 1 1 2 78.3465 3.9655
600351 1 1 2 125.0502 0.6527
000796 1 1 2 93.9394 -33.5013
000637 1 1 2 15.2116 2.902
600868 1 1 2 43.508 -14.425
000868 1 1 2 15.5229 12.5
600168 1 1 2 70.4319 -11.3106
600798 1 1 2 23.617 32.6444
600358 1 1 2 31.405 -17.5
600217 1 1 2 23.3096 22.1739
600211 1 1 2 -9.109 -1.7186
600285 1 1 2 63.9398 78.6596
600281 1 1 2 49.7085 24.2251
600889 1 1 2 74.5962 -2.6789
600634 1 1 2 54.7733 -10.3743
600621 1 1 2 41.319 -3.6469
600182 1 1 2 30.4158 25.7221
002071 1 1 2 14.0587 -24.2718
600520 1 1 2 43.2308 -13.2176
002154 1 1 2 -28.125 -200.0
600821 1 1 2 68.0251 -15.1596
600826 1 1 2 -14.2932 46.0476
600133 1 1 2 -4.9909 13.258
600388 2 0 2 19.8651 8.5938
000521 1 1 2 -2.5672 21.0059
000786 1 1 2 20.7031 15.3003
601999 1 1 2 1.5554 -200.0
000600 1 1 2 57.732 10.7435
000607 1 1 2 34.2685 -3.4816
600679 1 1 2 -11.6794 32.457
002187 2 0 2 10.5141 -200.0
600452 1 1 2 35.2564 -4.5037
600461 1 1 2 78.9683 -1.3581
000582 1 1 2 17.8832 1.107
600301 1 1 2 30.7218 40.4762
000011 1 1 2 5.1495 39.8374
600356 1 1 2 30.7531 3.4478
600300 1 1 2 32.4361 -0.7324
600063 2 0 2 -13.604 111.6032
000078 1 1 2 34.0267 35.6538
000936 1 1 2 23.5512 15.7896
600068 1 1 2 18.49 99.5575
002047 1 1 2 33.4328 -13.1123
002074 1 1 2 56.4286 -3.4176
000632 1 1 2 -12.1005 68.1382
002164 1 1 2 -15.9534 -200.0
600643 1 1 2 35.7075 47.6359
000668 1 1 2 27.2644 15.9304
600463 1 1 2 17.4603 20.9194
600865 1 1 2 1.9966 5.3055
000683 1 1 2 124.0618 13.1086
000687 1 1 2 67.8313 18.4023
000838 1 1 2 -23.434 205.6338
000712 1 1 2 7.7773 201.3471
600594 1 1 2 187.8588 -15.0171
600599 1 1 2 174.0902 -16.2195
600199 1 1 2 24.3902 15.9226
002086 1 1 2 45.3125 -12.8304
002012 1 1 2 31.6923 -1.2158
600114 1 1 2 44.2338 -18.0052
600233 1 1 2 56.2854 12.6382
000976 1 1 2 3.8319 53.5104
600566 1 1 2 43.6923 -11.8537
000899 1 1 2 69.9942 -4.7128
600803 1 1 2 13.1805 6.8913
000958 0 2 2 145.0617 -6.3584
002065 0 2 2 75.9873 -3.0538
002006 0 2 2 140.9722 -11.4391
002051 1 0 1 7.2299 27.1997
600372 1 0 1 39.6694 -5.4688
600985 1 0 1 69.8413 -5.8477
600205 1 0 1 delist
601008 1 0 1 -4.9315 2.0266
600536 1 0 1 27.2246 -21.7272
600816 1 0 1 34.2991 62.5346
600108 1 0 1 21.4925 27.1347
600175 1 0 1 -8.1136 127.9302
000635 1 0 1 97.6552 67.0507
600446 1 0 1 15.6504 -33.3785
002179 1 0 1 0.6365 -200.0
000050 1 0 1 48.3158 -15.562
000503 1 0 1 6.9282 -7.1318
002170 1 0 1 14.7945 -200.0
600203 1 0 1 0.0 191.7563
600683 1 0 1 118.509 27.1903
002131 1 0 1 15.4075 1.7797
002138 1 0 1 -11.4195 0.0292
600674 1 0 1 237.6705 11.2019
002181 1 0 1 16.0 -200.0
000016 1 0 1 13.6415 13.8329
002121 1 0 1 77.8658 59.7389
002011 1 0 1 130.9562 9.3972
000036 1 0 1 19.4118 -16.2562
000158 0 1 1 45.6579 14.034
600094 0 1 1 61.4486 -30.2932
600576 0 1 1 61.9048 -13.8801
600894 0 1 1 50.3704 5.2632
002039 0 1 1 16.4789 8.0915
000962 0 1 1 152.3691 9.3369
002201 0 1 1 -5.7101 -200.0
600156 0 1 1 -2.0955 27.6374
600860 0 1 1 31.8421 22.7787
000811 0 1 1 24.8502 15.3846
600090 0 1 1 -2.3089 39.8664
002191 0 1 1 7.4434 -200.0
002033 0 1 1 62.4196 0.451
600212 0 1 1 53.3589 6.7623
600732 0 1 1 31.6456 -1.6598
600184 0 1 1 18.9117 -17.3079
600749 0 1 1 31.7638 -4.7872
002172 0 1 1 39.2982 -200.0
002075 0 1 1 -6.8417 135.161
600480 0 1 1 29.881 8.9494
000733 0 1 1 33.9775 -9.3137
600056 0 1 1 127.5797 11.8573
600992 0 1 1 31.3172 -9.7087
002036 0 1 1 -8.061 53.4829
002171 0 1 1 -28.4048 -200.0
600552 0 1 1 34.9699 -14.4816
002019 0 1 1 108.381 85.0107
002014 0 1 1 23.2 16.5155
600237 0 1 1 21.6117 1.676
000659 0 1 1 16.8806 13.8182
600802 0 1 1 70.1711 30.2548
