600036 141 130 271 50.2445 64.5875
600028 119 139 258 46.0578 34.3152
600030 131 121 252 94.1202 82.8991
600016 123 120 243 33.3276 89.2393
600000 131 103 234 71.7034 100.6591
600019 122 110 232 30.5012 108.6747
000002 111 118 229 87.002 103.963
600005 98 104 202 62.8423 150.3937
600900 104 87 191 57.5916 48.7062
601628 111 75 186 5.5998 -200.0
601318 123 47 170 53.275 -200.0
601006 93 77 170 90.1846 28.5714
000858 82 77 159 93.0556 75.9045
600519 77 81 158 36.2632 85.1782
000063 81 72 153 39.1304 22.3022
600050 74 77 151 27.2169 86.8
600009 74 72 146 101.0048 37.0021
601166 84 50 134 59.5978 -200.0
601398 49 77 126 -18.8784 89.0244
000898 68 58 126 78.4782 82.1429
000039 61 61 122 89.0082 57.6569
600309 69 53 122 121.0483 61.2109
000402 62 57 119 74.4475 68.1637
600887 56 62 118 17.5849 26.7943
000069 62 51 113 81.8938 47.2241
002024 55 50 105 106.8722 74.8171
000825 49 53 102 101.1683 110.6452
000157 49 48 97 160.1131 96.8999
600383 51 46 97 87.71 96.8051
000024 53 43 96 73.7877 86.2205
600675 54 39 93 173.7629 42.5926
000001 53 39 92 90.1866 77.3284
000623 37 54 91 200.6042 66.1647
600037 41 49 90 69.0011 65.7333
000625 40 48 88 84.7534 78.7575
600583 43 42 85 25.5567 53.543
600015 49 36 85 64.4706 70.2765
600104 43 41 84 111.3831 56.8138
000792 40 44 84 88.3701 28.0435
600717 41 43 84 183.5933 1.5964
600694 41 43 84 110.87 -29.689
000983 52 25 77 220.8757 34.9925
000709 40 36 76 134.3076 61.3833
600739 35 39 74 245.5242 53.9724
600795 39 32 71 114.0878 20.2729
600320 41 28 69 68.9626 36.4269
600428 33 32 65 101.3799 60.3245
600100 36 26 62 217.2988 1.2172
601111 35 27 62 91.0096 43.8547
600325 32 29 61 120.1016 44.596
000568 34 27 61 66.1405 66.8203
600331 32 29 61 217.6722 15.1335
600048 35 25 60 112.1559 55.8273
600616 33 26 59 81.6411 4.0419
600026 34 25 59 124.7821 29.5369
600685 28 31 59 184.0113 57.1936
600269 28 31 59 63.3687 39.4089
000401 35 23 58 177.5163 21.7073
000528 27 31 58 45.0085 109.5588
000839 28 30 58 23.1583 39.1702
600348 37 21 58 148.5541 31.8262
600585 29 28 57 97.2409 93.5484
600879 26 30 56 72.7745 8.9943
600859 27 27 54 102.2634 52.6382
600886 27 27 54 117.4725 29.7297
000651 33 21 54 194.0185 47.6368
600031 24 29 53 175.2745 97.7301
600895 28 24 52 151.434 24.4604
000562 26 25 51 delist
600415 25 25 50 30.3226 15.458
600085 31 19 50 123.9232 9.5663
000878 31 19 50 215.645 4.9952
000933 27 23 50 154.7202 42.6209
600022 27 23 50 108.5875 105.8981
600096 29 20 49 80.6427 47.4304
600456 24 24 48 38.8626 16.4976
000869 23 25 48 25.1813 40.7345
601001 29 18 47 172.5519 18.251
600219 24 23 47 152.3915 22.1467
000612 25 22 47 223.0942 40.1093
600011 23 23 46 69.8667 29.7787
600809 19 27 46 9.712 75.7799
600690 27 18 45 73.5358 75.2852
600596 22 23 45 140.3008 48.0456
600161 23 22 45 55.8498 40.8163
600361 27 18 45 19.922 37.1955
000060 27 17 44 89.6469 45.6303
600631 23 21 44 delist
000031 26 17 43 145.3362 6.2212
000410 18 25 43 91.7965 40.8006
600835 23 20 43 162.3679 36.5079
000538 21 21 42 43.8329 34.6861
600748 26 16 42 66.1827 51.292
600177 20 22 42 280.9574 55.2817
000960 26 15 41 269.1919 57.8292
600150 28 13 41 335.6734 33.6696
000807 14 27 41 144.2501 75.9076
000800 22 19 41 170.4715 30.0
000027 22 17 39 172.7491 19.1702
600299 22 17 39 149.9316 19.0879
000951 19 20 39 103.6 121.2389
601988 14 25 39 -7.5506 63.0631
600195 19 20 39 79.1203 35.5758
600808 18 21 39 49.3333 66.0517
000793 14 24 38 -7.0953 59.0829
600143 21 17 38 93.2291 57.7787
000917 21 17 38 93.8642 -15.5458
600236 21 17 38 107.1409 13.4043
600123 21 17 38 52.7987 61.2195
600761 20 18 38 28.0899 43.6411
600001 23 14 37 delist
600426 18 19 37 96.7732 19.6891
600067 21 16 37 197.2414 11.026
600547 20 16 36 133.9571 21.8834
600183 20 16 36 50.3299 11.0811
600832 21 14 35 delist
600266 19 16 35 147.0793 31.6877
601919 33 1 34 11.4774 -200.0
601699 22 11 33 157.4147 20.5418
600312 15 18 33 52.2378 2.1146
000088 21 12 33 83.0971 17.715
600655 15 17 32 188.525 23.3193
600169 19 13 32 175.7539 41.9521
600628 21 11 32 82.9524 44.6281
600004 19 13 32 146.6844 12.0357
000089 13 19 32 58.0761 20.5273
600029 18 14 32 109.78 39.1156
000927 15 16 31 55.102 41.8421
000539 15 16 31 91.8295 35.6627
000778 16 15 31 165.3715 26.4977
600489 18 13 31 149.2316 8.1995
600350 15 16 31 75.286 28.9086
600066 19 12 31 112.8733 60.8059
000829 17 13 30 219.8452 83.5664
600406 13 17 30 58.2974 -12.2504
000768 15 15 30 164.8718 8.8372
000759 16 14 30 46.2366 43.0769
600584 16 13 29 17.2172 9.2998
000400 16 13 29 44.9244 -13.2146
000822 14 15 29 145.1297 11.5207
600308 17 12 29 80.4109 87.2253
600166 16 13 29 275.8721 8.1761
000061 16 13 29 71.7647 5.4591
000629 13 15 28 133.6855 33.75
600639 13 15 28 64.7708 33.8636
600642 13 15 28 94.7883 26.9097
600997 20 8 28 183.5121 25.3185
600600 17 11 28 86.3931 12.1065
600660 16 11 27 108.8047 86.2547
600125 18 9 27 73.7592 23.8024
000652 14 13 27 397.0123 -14.3072
000338 20 7 27 20.8994 -200.0
600500 12 15 27 108.919 18.8153
600276 10 16 26 83.1617 51.03
600718 14 12 26 76.6426 54.0823
600875 12 14 26 135.7196 36.3179
600058 15 11 26 213.2104 3.6827
000755 15 11 26 252.8166 3.9437
600582 13 12 25 139.174 6.6268
600535 16 9 25 83.2101 1.8494
600663 14 11 25 83.0692 73.9348
002007 14 11 25 117.0254 41.3073
600549 11 14 25 8.2994 14.0013
600607 13 12 25 delist
600316 10 14 24 85.2133 -39.42
000046 14 10 24 84.4385 91.7949
600511 10 14 24 123.3199 7.0726
601600 2 22 24 24.6894 -200.0
000012 11 13 24 23.2426 35.8025
600230 12 12 24 89.3705 2.2767
002022 13 10 23 118.0348 20.9689
600423 15 8 23 60.6335 23.8789
600271 12 11 23 27.5453 17.4044
600528 13 10 23 144.7178 25.6364
600416 11 12 23 184.9634 -0.3759
600688 11 12 23 87.541 -1.6129
600831 11 12 23 36.7254 16.1823
600649 12 11 23 145.7093 12.1807
600111 11 12 23 146.8563 37.181
000717 15 8 23 97.0475 25.4355
600138 9 13 22 93.1688 32.8838
600963 14 8 22 127.4597 55.2778
000729 13 9 22 36.8398 19.8773
000758 12 10 22 206.6667 12.3978
002028 12 9 21 110.2307 16.3813
600858 11 10 21 50.6385 29.1059
600007 11 10 21 85.6578 39.3103
002069 10 11 21 3.462 17.5425
600978 12 9 21 130.9389 31.5482
000963 16 5 21 172.6591 -32.1918
000751 13 8 21 254.4964 12.3232
000501 11 10 21 117.5958 1.4134
600118 10 11 21 57.1544 -9.5043
600820 12 8 20 122.8457 22.0049
000006 11 9 20 87.9848 55.7491
600176 13 7 20 83.6196 21.9002
600087 13 7 20 delist
000876 7 13 20 74.4266 73.0159
000680 11 9 20 132.1473 56.4054
600529 14 6 20 60.3516 19.7885
600432 9 11 20 187.0786 21.7115
600240 10 9 19 112.2206 44.6121
600867 8 11 19 35.5814 32.716
600785 11 8 19 99.3987 -4.7297
000910 11 8 19 81.3986 18.1818
600282 9 10 19 249.5287 -1.7766
600880 11 8 19 41.1981 17.5168
600008 12 7 19 100.8358 22.3404
600258 8 11 19 102.6919 31.8337
000619 11 8 19 59.0386 10.5727
600438 8 11 19 64.6073 52.1348
000022 12 6 18 44.4566 36.6418
600208 8 10 18 79.9628 18.7599
600270 11 7 18 69.4901 -19.3217
600588 10 8 18 63.9351 40.8667
600970 8 10 18 90.0668 18.4912
600829 8 10 18 84.721 -3.3195
000559 10 8 18 110.2938 15.2174
000581 15 3 18 131.0078 22.8571
000837 8 10 18 55.776 23.934
000616 9 9 18 99.0975 21.9158
000895 1 17 18 124.9372 0.0
600206 8 9 17 212.9234 33.4126
000999 9 8 17 134.7601 47.7011
600786 11 6 17 delist
000987 11 6 17 110.6591 39.7541
600570 9 8 17 110.4845 31.2676
000860 8 9 17 66.6451 35.1724
600307 10 7 17 99.2324 25.5556
000937 13 4 17 173.7033 14.3954
600697 9 8 17 92.8775 26.1007
000970 8 9 17 28.6915 3.367
000488 9 8 17 68.4591 18.2844
000527 6 10 16 delist
000828 8 8 16 114.9471 1.7544
600352 9 7 16 145.4823 11.3065
600268 10 6 16 52.1433 3.6816
000978 5 11 16 59.1928 24.7204
000522 8 7 15 delist
601666 9 6 15 67.3851 10.3764
000900 8 7 15 70.3815 27.3657
600469 9 6 15 203.0189 12.5265
600396 11 4 15 166.1986 5.4645
600010 10 5 15 125.5619 43.1193
000972 6 9 15 12.9076 52.9096
000090 10 4 14 58.0926 46.9095
000661 6 8 14 122.069 10.2662
600533 7 7 14 80.2631 31.8976
600787 6 8 14 69.0447 8.1315
600823 12 2 14 422.9541 14.2966
002078 8 6 14 77.537 -10.7728
600521 9 5 14 62.4252 4.6368
601333 6 8 14 5.9722 16.6937
600315 9 5 14 122.2514 14.0828
600686 8 6 14 79.9555 60.0375
600122 7 7 14 64.8148 12.8358
600059 6 8 14 50.99 97.8208
002008 8 6 14 65.5316 39.5412
000422 9 5 14 199.0436 -3.112
600303 8 6 14 56.6158 9.1667
600467 8 6 14 55.8142 11.9342
600162 8 6 14 385.5729 -14.685
600360 8 5 13 36.4993 5.2857
600201 8 5 13 126.5918 -9.029
600102 7 6 13 delist
600482 7 6 13 250.9083 -6.3988
000550 7 6 13 32.0968 37.1681
600458 6 7 13 48.3549 32.7303
000423 6 7 13 93.0094 16.4116
600497 6 7 13 138.3081 80.1848
600064 3 10 13 222.7601 21.4385
600012 6 7 13 33.8503 13.5659
600713 7 6 13 93.4451 19.2727
000748 7 6 13 157.1861 28.3495
600439 6 7 13 208.5325 22.1642
600754 6 6 12 32.7957 23.5991
600973 5 7 12 115.214 81.0541
002106 8 4 12 24.928 -200.0
600780 6 6 12 159.4595 8.8235
600662 6 6 12 222.6601 0.7444
000920 6 6 12 103.3742 -10.6849
600257 6 6 12 68.6893 31.2102
600470 6 6 12 36.0821 -7.2802
600677 6 6 12 137.3114 -21.0184
000425 6 6 12 85.3253 8.7171
600495 5 7 12 31.7163 48.5735
600261 7 5 12 68.8416 -0.936
000831 8 4 12 178.1787 14.3418
000718 8 4 12 299.4048 62.7907
600591 5 7 12 delist
002010 7 5 12 81.5223 35.3135
000657 6 6 12 14.5418 -34.7204
600098 5 6 11 110.9154 29.8643
002025 5 6 11 32.4863 -14.9576
600380 5 6 11 159.8513 -24.0113
601002 5 6 11 3.7358 -200.0
000848 7 4 11 84.4569 75.7238
600750 4 7 11 105.3119 16.9124
600033 4 7 11 50.4912 29.5165
600323 6 5 11 45.695 4.4335
600322 5 6 11 218.5962 21.6102
000815 7 4 11 80.1282 13.2075
000021 4 7 11 77.4442 2.0833
000888 5 6 11 16.8592 24.3839
002037 6 5 11 52.293 -0.2342
600563 6 5 11 54.4221 4.6769
600210 6 5 11 136.5319 9.5833
600824 7 4 11 113.6187 10.3034
600317 6 5 11 72.6437 7.0111
000823 5 6 11 72.0794 17.8879
000952 7 4 11 697.0674 0.59
600192 6 5 11 139.5833 4.142
600518 4 7 11 118.5456 5.8766
600888 6 5 11 73.2748 5.6393
002045 6 5 11 6.1855 34.5029
000930 5 6 11 12.6538 13.8
600436 4 7 11 77.9306 14.3927
600729 6 4 10 95.3924 22.9204
600075 7 3 10 132.7635 8.0
600472 5 5 10 delist
000698 7 3 10 106.2157 -2.3214
601328 4 6 10 -18.8331 -200.0
600327 5 5 10 27.7215 51.3937
600810 4 6 10 58.9977 1.3857
600693 5 5 10 32.3838 55.1163
000630 5 5 10 185.4031 17.77
002038 6 4 10 301.8162 -8.2353
600971 7 3 10 110.5723 30.2503
600072 5 5 10 145.0172 19.0184
600828 6 4 10 33.4083 26.2784
000777 2 8 10 118.2112 4.387
000419 6 4 10 146.886 35.5096
600418 5 5 10 113.2114 20.8845
600054 5 5 10 70.0165 17.9094
600290 6 4 10 197.8022 66.1654
000541 6 4 10 201.114 6.795
000932 5 5 10 103.8126 18.4874
600548 5 5 10 80.4269 13.2723
600797 6 4 10 35.2851 52.7059
600861 4 6 10 84.3012 0.5563
002128 7 3 10 37.2624 -200.0
002084 5 5 10 40.2132 40.8602
600509 5 5 10 124.955 24.4444
002111 5 4 9 -1.7766 -200.0
600153 5 4 9 138.4036 50.5515
000690 5 4 9 119.2929 49.1192
600569 5 4 9 202.509 27.9817
600280 6 3 9 61.7486 17.3077
600737 4 5 9 3.4529 38.1651
600027 3 6 9 122.3107 28.692
002073 4 5 9 35.9386 -6.2562
600481 5 4 9 125.26 27.9468
600962 5 4 9 158.7349 2.7864
600052 5 4 9 191.9588 15.9574
600343 5 4 9 75.3408 -23.0696
600086 6 3 9 40.0501 43.447
600188 5 4 9 100.8487 15.9016
600337 7 2 9 104.4726 26.9545
600298 3 5 8 124.7414 27.0664
600790 4 4 8 95.5437 14.5532
600071 5 3 8 86.4151 -5.0179
600202 6 2 8 126.7477 -12.3835
000666 4 4 8 115.7107 9.5628
600755 2 6 8 164.1034 24.2144
000560 4 4 8 59.9042 27.7551
600408 4 4 8 83.3703 5.3738
000852 4 4 8 113.0183 -12.5178
600740 5 3 8 111.4369 19.3966
000959 4 4 8 85.0638 17.1821
600525 5 3 8 82.3487 31.1321
600550 2 6 8 200.0957 5.3087
600198 4 4 8 62.5097 5.2502
000761 5 3 8 74.0703 31.068
600736 6 2 8 137.1202 16.8421
600641 5 3 8 164.0835 12.5839
600993 4 4 8 110.2609 13.2028
002080 5 3 8 54.8795 30.8159
600590 6 2 8 96.4968 2.7263
000059 4 4 8 179.3188 -8.4788
600601 4 4 8 215.8854 15.1099
600527 4 4 8 136.6238 67.9348
000973 4 4 8 77.8243 0.8439
000507 5 3 8 122.5797 -2.0599
002052 3 4 7 89.335 -6.3111
000028 5 2 7 41.3605 1.9417
600378 3 4 7 217.1582 -24.1567
000531 4 3 7 51.2628 25.7235
002021 3 4 7 67.9207 17.4211
601003 2 5 7 85.5951 -200.0
600855 4 3 7 67.6283 -28.2051
000667 4 3 7 262.824 -7.1212
000598 3 4 7 213.2412 3.2995
600362 3 4 7 111.4655 14.061
002031 3 4 7 25.2141 -3.8426
600238 4 3 7 121.8238 -3.0769
002076 5 2 7 75.0857 10.4118
600132 3 4 7 130.8114 9.607
600960 4 3 7 35.3247 38.2406
600410 3 4 7 43.1525 3.2392
000608 5 2 7 126.0571 46.0768
600872 4 3 7 102.7027 -4.2071
600673 6 1 7 148.0185 -0.9103
600196 3 4 7 123.2067 5.3082
000510 3 4 7 162.1094 4.065
600459 3 4 7 162.5407 57.3823
600517 5 2 7 130.934 16.6667
600837 4 3 7 589.8276 3.0195
002041 3 4 7 22.4464 -26.7098
600089 5 2 7 106.6935 12.5753
600017 3 4 7 41.1702 11.938
000617 4 3 7 82.4603 6.8553
002122 6 1 7 8.8273 -200.0
002082 3 4 7 77.1787 19.3702
600597 4 3 7 47.2086 -19.0597
600595 4 3 7 342.0261 14.095
600598 4 3 7 49.4098 17.6587
600189 4 3 7 -6.8155 60.566
001696 4 3 7 207.9077 40.2878
600896 3 3 6 252.1901 2.8721
000537 3 3 6 41.8269 38.3592
000919 3 3 6 93.576 2.1882
000100 3 3 6 105.9322 4.8889
600386 3 3 6 101.8265 5.5422
000997 3 3 6 53.3202 -15.9642
000062 3 3 6 25.3086 8.1442
600611 3 3 6 239.9986 31.1031
600035 2 4 6 54.067 -10.1082
002097 4 2 6 117.2169 19.7266
000708 3 3 6 100.1695 9.462
000707 4 2 6 115.641 2.6316
600665 4 2 6 101.6573 23.5955
000520 3 3 6 189.1798 4.1534
000929 3 3 6 134.5794 -23.9787
600995 3 3 6 39.2323 18.75
600827 3 3 6 88.9029 14.43
600825 4 2 6 186.428 1.3493
600627 3 3 6 delist
600486 3 3 6 111.9342 1.4614
000009 3 3 6 174.2317 -2.9817
600131 4 2 6 40.9361 4.8117
600725 4 2 6 232.8978 28.5714
600006 4 2 6 106.2112 -15.0396
000785 4 2 6 117.1171 -15.9091
601998 2 4 6 -19.0853 -200.0
002001 3 3 6 57.6048 -13.2302
000908 6 0 6 139.0345 85.422
000762 4 2 6 24.4947 26.0958
600884 3 3 6 238.5023 -6.3158
600636 2 4 6 31.1336 3.7879
002046 2 4 6 25.479 -2.4735
600491 3 3 6 46.6476 28.6239
600499 2 4 6 144.263 23.2409
600062 5 1 6 137.9492 5.2126
600391 4 2 6 113.5081 -16.5985
000726 3 3 6 317.6487 8.5517
000685 3 3 6 56.6509 4.5894
600151 3 3 6 56.0517 -15.3234
600115 4 2 6 157.3727 25.5892
600110 2 4 6 264.0661 25.8268
000572 3 3 6 279.4717 2.1236
000897 4 2 6 167.0174 -6.177
600897 3 2 5 123.9912 1.9036
600262 3 2 5 10.8043 -17.279
000151 3 2 5 126.131 -5.2083
600376 3 2 5 503.0844 -9.5448
600377 3 2 5 52.7938 11.1349
600479 3 2 5 120.3302 7.0339
600572 3 2 5 138.5747 1.487
000428 1 4 5 173.7255 55.4878
600586 3 2 5 260.6171 0.0
600531 3 2 5 123.653 18.3639
600109 3 2 5 346.1024 143.0311
000819 2 3 5 64.6067 34.3396
000565 2 3 5 211.0849 -12.5773
600811 2 3 5 253.8991 55.9928
000790 3 2 5 16.4659 67.4888
000636 3 2 5 134.4766 1.6997
600863 3 2 5 104.7273 7.4219
000969 2 3 5 47.3346 19.5604
600365 4 1 5 15.1248 -7.3469
002032 2 3 5 88.7089 21.3836
600561 2 3 5 58.0512 30.9278
000850 2 3 5 194.6834 37.7358
600371 1 4 5 28.8558 34.6614
000677 2 3 5 139.2105 19.1223
000926 1 4 5 81.895 41.2835
600741 3 2 5 249.5005 22.2973
600409 3 2 5 113.2169 31.5789
600476 3 2 5 212.3971 -13.2515
600684 4 1 5 142.5764 -7.8471
600117 3 2 5 73.4491 10.1634
000042 4 1 5 68.6211 78.2946
002004 2 3 5 152.9101 29.4521
600231 3 2 5 82.9412 40.1099
000584 3 2 5 341.7763 0.9967
600279 2 3 5 213.5587 -5.2224
600640 2 3 5 65.3147 9.4946
000429 3 2 5 72.3214 10.6173
600160 2 3 5 79.7989 1.3725
002018 2 3 5 104.2653 9.375
600508 4 1 5 92.2442 16.4782
600501 2 3 5 35.4115 -11.2177
600332 3 2 5 57.847 -4.6972
002129 4 0 4 -10.6505 -200.0
600267 3 1 4 161.6543 -1.6453
002116 2 2 4 15.5804 -200.0
002023 3 1 4 37.0886 -17.1076
000912 3 1 4 91.5809 -0.5006
000662 3 1 4 27.0574 16.2319
600557 2 2 4 64.2289 18.946
600580 1 3 4 28.4194 18.2825
002095 2 2 4 16.4853 -12.2293
600246 3 1 4 88.1308 41.041
000968 4 0 4 103.7675 14.3198
002083 2 2 4 109.37 -2.0362
002102 2 2 4 65.2797 0.0
000548 2 2 4 229.8246 18.4758
600215 2 2 4 54.5631 -11.8151
600638 2 2 4 190.1724 21.5933
600630 2 2 4 67.2619 0.0
600020 2 2 4 90.0 35.0575
002070 1 3 4 31.2892 -4.2996
000821 2 2 4 105.3571 -1.7544
601991 2 2 4 236.531 -9.553
600877 1 3 4 218.75 8.7379
600546 2 2 4 170.9163 10.3297
601872 2 2 4 38.5118 24.8038
000515 3 1 4 delist
600055 3 1 4 181.6829 -6.3197
600129 2 2 4 200.1742 -4.3333
600357 2 2 4 delist
600834 2 2 4 88.7719 -1.2132
600839 1 3 4 111.1374 30.2469
600302 2 2 4 61.8505 48.6047
600881 2 2 4 228.1296 143.3692
600121 2 2 4 112.1683 9.2141
600082 3 1 4 81.1977 10.1669
600305 2 2 4 40.3399 11.4656
600990 2 2 4 37.8898 -20.1027
600801 3 1 4 160.2698 41.6404
600390 2 2 4 391.1426 10.2326
600393 2 2 4 190.5109 1.2315
000727 1 3 4 80.5031 -4.2169
600263 2 2 4 delist
002120 2 2 4 25.1862 -200.0
600488 2 2 4 47.0167 -1.9465
600806 1 3 4 292.0524 4.7936
000716 2 2 4 71.8101 -11.0818
002054 1 2 3 95.2903 -3.5903
000826 2 1 3 110.2797 31.5878
002029 1 2 3 38.0186 57.1429
000159 3 0 3 252.861 -7.0886
600578 2 1 3 154.0373 -1.227
600475 3 0 3 63.4697 15.4709
601005 1 2 3 11.0 -200.0
000663 1 2 3 54.0881 11.4486
600589 2 1 3 97.5625 17.0391
002068 3 0 3 89.4241 -8.5154
002061 3 0 3 67.9686 -13.5526
002056 1 2 3 46.1617 15.8078
600018 1 2 3 10.9714 92.1503
600816 2 1 3 389.9791 22.5064
002081 2 1 3 69.8126 20.9677
000798 1 2 3 101.0345 0.6944
002098 1 2 3 49.7265 10.4921
600141 2 1 3 109.6503 7.3574
600664 3 0 3 121.6867 -0.7474
000525 2 1 3 52.422 -0.5442
600367 2 1 3 83.7953 -8.0392
000417 1 2 3 174.9762 19.9041
600449 2 1 3 99.9854 41.604
000597 2 1 3 167.2131 -10.7317
600485 1 2 3 -10.1866 -3.5259
000922 1 2 3 92.0 34.5609
600966 1 2 3 54.8336 11.8959
600555 2 1 3 126.1069 14.711
000609 2 1 3 85.6786 22.8448
600874 1 2 3 159.6899 5.163
002135 2 1 3 -4.9489 -200.0
600460 1 2 3 11.8972 -5.2239
002009 1 2 3 117.0773 -6.3677
000887 2 1 3 45.1748 67.7254
600838 3 0 3 124.3243 -12.3684
000939 1 2 3 115.6606 9.4521
600635 2 1 3 308.8958 0.5714
600084 1 2 3 71.1575 10.7143
000935 2 1 3 60.6061 69.2308
002005 1 2 3 52.3207 -4.6278
600461 1 2 3 55.6126 -4.1096
002123 2 1 3 59.9229 -200.0
600764 1 2 3 112.2622 -21.2978
000014 1 2 3 107.1923 6.6372
600330 2 1 3 34.6518 -2.2034
000655 2 1 3 283.5987 5.0167
000066 3 0 3 84.6435 -6.0137
600587 1 1 2 84.0598 36.1017
000155 1 1 2 78.733 -8.4886
600720 1 1 2 120.0 11.1111
600726 1 1 2 83.3405 14.0152
000418 2 0 2 112.0833 30.7902
600253 2 0 2 delist
000830 1 1 2 65.8584 -3.3639
000026 1 1 2 141.203 4.5597
600651 1 1 2 47.7203 -16.1172
600650 1 1 2 56.3986 19.1011
600653 1 1 2 87.2054 32.5893
600074 1 1 2 100.3891 -4.461
600375 2 0 2 58.3361 1.373
600200 1 1 2 52.9484 -37.9032
000990 2 0 2 212.8186 -6.1947
000998 1 1 2 159.0143 -5.9756
600273 1 1 2 246.0993 -3.4247
600854 1 1 2 72.3288 0.551
000949 1 1 2 133.9623 47.2222
600612 1 1 2 85.0 52.381
000882 1 1 2 40.8696 -3.7657
000881 1 1 2 256.1254 8.3333
002063 1 1 2 45.4965 -8.5211
002050 1 1 2 50.1333 -3.9264
002064 1 1 2 375.1888 45.8686
600379 1 1 2 40.9384 31.2802
002094 1 1 2 69.6054 -16.7133
002092 2 0 2 87.0425 -19.8964
600107 1 1 2 201.4925 2.551
600106 1 1 2 345.7317 3.9666
600247 1 1 2 85.7143 -14.3617
600976 1 1 2 40.8805 14.1831
000961 1 1 2 108.7097 -5.4878
600405 1 1 2 170.9621 -14.5012
000966 1 1 2 84.4643 14.2424
600351 1 1 2 43.5754 15.7328
002093 2 0 2 206.9652 -17.2499
600868 1 1 2 89.2241 17.7665
600363 1 1 2 111.1392 -10.8352
002036 1 1 2 248.2288 -8.2949
002033 1 1 2 31.8324 8.1833
600798 1 1 2 163.0964 0.8333
600566 1 1 2 39.5966 -1.0616
600217 1 1 2 181.0 5.2632
600216 1 1 2 46.4692 -5.3879
000533 1 1 2 63.4769 29.2784
000530 1 1 2 67.5485 24.3421
000975 1 1 2 152.2892 14.6409
000988 1 1 2 85.2632 -9.8101
000859 2 0 2 104.0146 1.8587
600634 1 1 2 74.2204 -8.7287
600621 1 1 2 111.0078 5.6047
600622 2 0 2 119.1898 -2.2917
000513 1 1 2 283.0846 -6.9444
002071 1 1 2 11.2696 -29.2634
002075 1 1 2 206.2562 15.0852
600520 1 1 2 62.9073 -8.2759
600821 1 1 2 92.7492 -9.3151
600135 1 1 2 149.0644 -3.2193
600967 1 1 2 53.3871 -3.2761
600704 1 1 2 193.75 -4.8458
000731 1 1 2 43.1452 -1.937
000786 1 1 2 127.2918 -8.1136
600287 1 1 2 309.6784 4.5082
000600 1 1 2 95.6394 12.9545
600871 1 1 2 200.5168 -4.2079
002132 1 1 2 10.6533 -200.0
002133 2 0 2 -6.3684 -200.0
600682 2 0 2 179.7513 17.1696
600779 2 0 2 16.9971 85.1695
600770 1 1 2 68.7781 22.5773
600197 1 1 2 37.6307 20.8421
002003 2 0 2 55.9181 41.2397
600221 1 1 2 63.8889 12.1495
600301 1 1 2 148.2673 0.7481
000906 1 1 2 133.3333 -1.2365
600170 1 1 2 124.7601 17.6072
000936 1 1 2 68.8798 20.5
600068 1 1 2 281.5587 15.2027
600088 2 0 2 102.8686 2.251
600069 1 1 2 84.8131 8.0808
002047 1 1 2 55.1956 -9.1429
002043 2 0 2 44.5846 -0.7018
002074 1 1 2 19.6499 -4.4038
600300 1 1 2 64.0642 22.973
600199 1 1 2 98.2188 34.589
600991 1 1 2 delist
000687 1 1 2 123.1183 45.8824
000836 1 1 2 293.2 -4.7619
002121 1 1 2 64.5435 -200.0
600592 2 0 2 27.1063 26.2832
600594 1 1 2 12.1622 1.7182
600765 1 1 2 242.3113 -3.2833
600522 1 1 2 127.2727 17.1913
600021 1 1 2 78.5881 11.2644
600114 1 1 2 38.385 3.3482
600487 1 1 2 29.1705 13.545
000976 1 1 2 244.2553 -9.6154
000875 1 1 2 116.443 4.5614
600805 1 1 2 70.0 -10.6628
600803 1 1 2 94.9721 -8.4399
002065 0 2 2 20.5486 -6.1712
002108 0 2 2 4.6657 -200.0
600289 0 2 2 61.2973 -1.9476
600251 1 0 1 125.731 51.5957
601588 1 0 1 53.0025 84.022
600252 1 0 1 244.3396 -16.8627
600265 1 0 1 55.3776 -2.4554
600372 1 0 1 95.7929 -11.4613
000923 1 0 1 215.8491 5.1587
600985 1 0 1 50.1301 -0.722
600205 1 0 1 delist
600420 1 0 1 60.7928 7.8292
600581 1 0 1 59.5318 51.7241
000068 1 0 1 65.7952 -9.4675
000886 1 0 1 120.4 5.9322
600814 1 0 1 80.8219 3.2323
600108 1 0 1 219.0476 1.9417
000637 1 0 1 27.2551 14.5556
000632 1 0 1 233.0798 3.5433
600710 1 0 1 128.3208 -1.7241
000868 1 0 1 116.2544 -1.049
000521 1 0 1 129.1317 0.2809
600446 1 0 1 -3.4347 23.5152
600211 1 0 1 6.0255 44.0735
000903 1 0 1 219.4343 49.3023
600328 1 0 1 149.4639 -9.5137
600285 1 0 1 256.6901 4.4118
600738 1 0 1 104.0346 -11.7048
000503 1 0 1 40.9412 5.068
600182 1 0 1 141.1609 -7.335
600133 1 0 1 113.9806 -20.0311
600203 1 0 1 378.8235 10.3896
002131 1 0 1 1.7797 -200.0
600679 1 0 1 86.3442 52.4946
600063 1 0 1 334.3636 33.4951
000078 1 0 1 154.351 6.8323
002048 1 0 1 26.0748 1.1551
000519 1 0 1 56.0914 -2.2333
000016 1 0 1 89.9038 0.4831
600643 1 0 1 140.1837 24.7851
600053 1 0 1 165.9514 63.7002
000668 1 0 1 75.4813 -3.8948
600865 1 0 1 71.3515 11.2311
000683 1 0 1 118.3133 0.2415
000838 1 0 1 306.5926 40.5854
002124 1 0 1 -12.5628 -200.0
600599 1 0 1 16.4407 0.0
600606 1 0 1 40.1504 -23.6084
600232 1 0 1 46.9115 -4.0064
600804 1 0 1 147.6476 47.2292
000036 1 0 1 46.5517 41.4634
000158 0 1 1 88.6489 22.7273
600090 0 1 1 168.3761 6.1224
600094 0 1 1 15.9408 -10.2662
600894 0 1 1 92.1708 -1.0563
002067 0 1 1 85.4252 -10.5042
000811 0 1 1 67.1088 0.5333
000567 0 1 1 245.2685 -6.4593
000563 0 1 1 111.7557 37.605
000962 0 1 1 76.1185 -11.1399
600156 0 1 1 192.1769 4.2553
600860 0 1 1 107.6503 -8.9552
600370 0 1 1 120.417 -4.2079
002109 0 1 1 10.7725 -200.0
002107 0 1 1 17.6028 -200.0
600782 0 1 1 163.0836 -19.3227
002039 0 1 1 81.7528 17.9641
600212 0 1 1 102.7237 -1.9084
600184 0 1 1 99.894 -4.798
600480 0 1 1 113.7405 -13.6264
600961 0 1 1 84.421 17.1137
600478 0 1 1 95.0847 -9.9237
000733 0 1 1 51.6393 -16.295
002134 0 1 1 -1.6292 -200.0
002136 0 1 1 -18.8256 -200.0
002137 0 1 1 46.7807 -200.0
002138 0 1 1 0.0292 -200.0
000043 0 1 1 117.0996 -12.5828
000516 0 1 1 85.1852 1.8868
000796 0 1 1 49.1525 21.2329
000767 0 1 1 105.3156 16.7048
600496 0 1 1 46.495 12.9241
600992 0 1 1 64.9667 -3.4261
002019 0 1 1 521.2463 1.2793
002013 0 1 1 152.979 -19.4995
600233 0 1 1 139.8105 -0.5348
600802 0 1 1 174.4966 21.6327
