600036 131 123 254 -40.9034 3.5537
000002 121 122 243 -49.7108 -4.5033
600030 79 133 212 -45.9516 -7.6931
601318 91 111 202 -53.1543 -21.3783
600019 95 99 194 -48.7888 -4.1231
600000 101 92 193 -45.5833 0.5714
601088 109 81 190 -42.5255 -5.3247
600005 93 92 185 -48.7427 11.4884
600028 77 99 176 -56.2549 23.7064
600050 82 91 173 -44.1995 29.3362
601398 54 69 123 -37.4235 22.9955
601006 76 40 116 -46.8774 0.5889
601628 58 58 116 -58.0719 -7.1623
600016 58 56 114 -49.8038 -6.2619
601919 44 69 113 -53.2778 -5.3262
601166 62 50 112 -50.4106 -8.0822
000898 58 53 111 -55.1765 -6.5426
000001 56 51 107 -49.9223 -3.4517
000983 58 48 106 -20.5373 -11.2184
600519 53 51 104 -39.4104 52.8544
601939 45 57 102 -39.406 5.3476
000063 59 36 95 -1.7114 14.9847
000858 36 48 84 -59.9384 7.1378
000792 39 39 78 13.1484 34.1371
600048 37 38 75 -58.3313 -13.0866
002024 45 24 69 -42.3122 4.7071
601857 29 40 69 -51.3051 -29.5723
600585 45 21 66 -45.0838 -12.8113
601186 47 18 65 -19.5876 -200.0
601898 48 17 65 -28.018 -200.0
601666 39 24 63 -18.1803 -5.091
000568 37 23 60 -33.933 17.4121
600015 27 33 60 -51.4654 -3.1834
000402 35 21 56 -52.612 -14.0079
600900 24 31 55 -24.8332 0.8799
600029 18 36 54 -74.5168 16.7084
000024 27 26 53 -62.009 -25.0633
601390 23 30 53 -54.7433 42.0272
600348 24 29 53 -15.7138 -22.164
600596 28 24 52 -9.0834 53.1949
000651 27 25 52 -36.5755 14.5543
600309 32 19 51 -50.1206 -3.0079
000069 31 19 50 -59.5318 -18.0127
601328 23 27 50 -51.1549 20.6178
601111 14 36 50 -68.8184 16.3205
600547 24 26 50 -38.6915 -12.5763
000878 25 25 50 -67.3782 -40.9248
000709 26 23 49 -57.3659 -4.7292
600031 23 20 43 -51.2447 11.7336
600026 26 15 41 -44.9506 5.0213
600383 23 17 40 -55.4881 -23.994
000422 19 21 40 -24.7302 1.7241
000612 22 18 40 -58.012 -20.5142
600009 19 19 38 -57.8358 -4.7716
600739 19 19 38 -49.8384 -12.1363
000960 14 23 37 -54.7388 -33.94
000933 22 15 37 -32.8297 -20.4984
600325 23 13 36 -37.3192 -33.0828
600037 16 19 35 -58.2061 -3.8238
600737 24 11 35 -14.2633 65.0
600875 18 17 35 -66.573 7.216
000800 20 15 35 -57.6686 -11.3689
601601 21 14 35 -60.484 2.6573
600150 10 23 33 -69.441 -8.8507
000825 13 19 32 -55.4164 -19.0787
600795 13 18 31 -25.749 -5.9331
600100 17 13 30 -57.0018 30.7102
000937 21 8 29 57.7655 -10.62
600428 13 15 28 -32.8826 5.0431
600997 14 14 28 -7.8001 -12.4452
000839 15 13 28 -23.9856 -11.9224
000401 14 13 27 -39.592 -5.2511
000528 14 13 27 -53.7593 5.3924
000895 14 13 27 -35.4095 16.2365
600583 17 9 26 -16.2123 6.8527
600686 14 12 26 -46.3534 -14.5064
601169 15 11 26 -32.4656 -7.5806
600887 17 8 25 -33.2101 -13.4553
000060 5 19 24 -55.2521 -30.5625
601699 15 8 23 -2.5258 -20.2556
600748 12 11 23 -66.7716 -3.3333
600489 12 11 23 -56.3469 -18.7602
600123 13 10 23 -23.8682 -23.0113
600096 13 9 22 25.9395 -2.205
600001 11 11 22 delist
601808 20 2 22 -31.4606 -13.9348
000157 12 9 21 -51.6684 31.585
600362 11 10 21 -55.1964 -13.6125
600550 19 2 21 -13.8214 34.2643
600674 13 8 21 -12.0338 113.1126
600058 12 9 21 -37.2263 -10.5306
600426 17 4 21 -16.3396 18.9408
000729 13 8 21 -19.5835 17.6635
600104 0 21 21 -69.6272 -11.002
600598 10 10 20 6.6877 8.0085
600694 11 9 20 -29.8282 -21.792
000623 7 12 19 -51.314 -7.8659
600690 9 10 19 -59.7398 -10.6603
600660 8 10 18 -64.0553 6.4095
600963 10 8 18 -47.8183 -34.0594
600089 8 10 18 -39.7852 33.2646
600196 11 7 18 -18.0894 -4.466
600022 5 13 18 -47.0918 -13.617
000911 9 8 17 5.3179 5.5195
600717 12 5 17 -49.781 -1.9678
600141 12 5 17 36.3438 42.9169
600188 11 6 17 -10.0726 -3.8394
000488 12 5 17 -35.6037 5.9016
601001 10 6 16 -33.4949 -22.9844
000667 10 6 16 -53.1612 -23.7945
000707 8 8 16 -16.8382 4.2146
000527 10 6 16 delist
600685 4 12 16 -68.7069 -4.0934
000338 8 8 16 -53.4642 -7.6759
600251 11 4 15 109.0551 45.6765
600879 8 7 15 -57.2359 -1.2152
600830 7 8 15 -66.5652 36.6667
600631 7 8 15 delist
000680 8 7 15 -39.6348 -7.2042
000917 9 5 14 -21.6249 -17.4159
000822 9 5 14 -50.8814 0.0583
000581 10 4 14 -54.0887 -8.9538
600835 8 6 14 -51.3224 -7.2936
600307 3 11 14 -65.6037 3.3626
000932 9 5 14 -46.5447 -10.0904
600600 9 5 14 -48.697 -9.5865
000717 5 9 14 -53.7698 -13.8806
600761 8 6 14 -65.3771 3.1362
600808 5 9 14 -46.8127 -25.2976
000629 8 5 13 -32.1771 22.5136
600153 5 8 13 -44.7358 -9.9965
600456 9 4 13 -63.8273 -16.6009
601600 6 7 13 -66.7694 -17.2604
600308 7 6 13 -54.7196 -7.6849
600266 5 8 13 -60.0759 -0.8553
000758 8 5 13 -63.5905 -24.2793
600111 5 8 13 -31.81 -9.4655
600409 5 8 13 -25.7922 12.4783
600423 5 7 12 -32.3369 4.165
600202 10 2 12 -41.1873 -8.4097
600859 9 3 12 -23.9849 4.5558
000968 4 8 12 -7.5955 15.0846
600320 5 7 12 -58.4914 -15.3436
002001 4 8 12 21.4116 90.7277
000012 8 4 12 -29.8507 -11.25
000423 9 3 12 -20.7617 6.197
600331 1 11 12 -71.1596 0.0
000972 7 5 12 -28.0667 13.3717
600078 7 4 11 -3.2605 11.3441
600102 7 4 11 delist
600216 4 7 11 6.7526 61.1296
600282 4 7 11 -56.9849 1.1707
600880 9 2 11 -39.4229 6.6107
600087 5 6 11 delist
600267 7 4 11 -9.1262 18.1638
600432 5 6 11 -56.0995 -6.0079
000061 8 3 11 -29.5039 31.8721
600299 8 2 10 -56.7085 -14.4107
600219 3 7 10 -60.3258 -20.9654
600521 4 6 10 -12.0008 9.1837
600138 2 8 10 -33.9184 19.114
600316 6 4 10 -42.4404 1.4612
600779 6 4 10 -24.9366 32.4718
600236 4 6 10 -43.7837 -25.6841
000831 4 6 10 -57.7308 -18.5684
000755 5 5 10 -66.641 0.8765
600117 6 4 10 -52.7498 9.3734
600201 5 4 9 -49.5635 -1.9763
000969 5 4 9 -8.7993 5.1165
000912 7 2 9 -33.0728 -7.4414
600312 5 4 9 -44.224 -5.4177
600415 8 1 9 6.8253 -0.414
600675 2 7 9 -60.5494 -30.6004
600176 6 3 9 -22.7119 7.625
600195 4 5 9 -55.2825 11.2352
000768 3 6 9 -53.2183 -3.3791
600886 1 8 9 -58.7986 -11.1052
600469 6 3 9 -40.6969 -6.2704
600011 2 7 9 -50.8658 -14.868
600896 5 3 8 -34.9482 -10.01
000538 6 2 8 -21.8858 0.2312
600616 6 2 8 -52.1055 -17.5423
600812 3 5 8 -37.0205 38.3951
601988 3 5 8 -37.2893 11.4671
600143 6 2 8 -55.5675 11.7052
600569 2 6 8 -58.648 -6.9713
000599 4 4 8 -30.3324 -2.3004
600966 4 4 8 -39.0604 15.0847
000807 5 3 8 -60.8412 -20.4154
600438 1 7 8 -3.1318 -0.7231
600361 5 3 8 -44.5298 11.553
000159 5 2 7 15.4681 -9.0123
600408 2 5 7 -12.064 -4.7204
600970 3 4 7 -3.487 5.4283
002202 5 2 7 -42.9576 7.2137
600718 2 5 7 -39.6911 18.7819
600867 4 3 7 11.6046 1.8235
000039 3 4 7 -56.4775 -22.7463
600962 5 2 7 -29.3959 -22.5177
000550 5 2 7 -58.194 -14.5016
600357 2 5 7 delist
000869 6 1 7 -21.8794 27.0973
600540 3 4 7 14.279 -3.7686
000655 3 4 7 -35.5474 -10.0962
000829 0 7 7 -66.9426 -12.6284
600897 3 3 6 -22.5874 5.3297
600895 4 2 6 -47.2697 -20.7539
000028 4 2 6 -27.3333 20.0
600798 5 1 6 -35.4488 -8.5759
600271 4 2 6 -17.428 37.0581
600276 3 3 6 -26.4126 36.4267
600557 5 1 6 4.0024 21.9887
600584 3 3 6 -47.2048 -3.5991
000565 3 3 6 -36.1769 94.1718
000566 3 3 6 -7.7273 0.0
000031 2 4 6 -56.2255 -21.5602
002038 3 3 6 -21.2043 60.3499
600971 2 4 6 -49.6346 -10.9097
000539 1 5 6 -55.7719 -25.5694
600825 3 3 6 -49.6772 -5.1763
000778 3 3 6 -52.7187 -14.4302
000677 2 4 6 -60.3047 12.8293
600027 2 4 6 -48.7856 -12.3959
002078 5 1 6 -37.4955 12.4187
600725 3 3 6 -6.1468 -2.8539
600256 3 3 6 -32.4821 -0.5587
600004 5 1 6 -51.0486 10.363
000046 3 3 6 -63.8948 -31.9779
600518 4 2 6 -15.3577 3.7948
000088 2 4 6 -54.7816 -3.5227
600122 4 2 6 -42.8996 69.7161
600649 5 1 6 -49.6271 20.4192
600066 3 3 6 -48.6683 1.5022
600062 3 3 6 -20.9579 31.0938
600017 3 3 6 -23.8964 18.5821
600467 4 2 6 -50.0597 18.8077
600713 4 2 6 -53.0917 -10.5115
600269 3 3 6 -45.8113 0.5473
000625 1 5 6 -68.9074 -19.485
002122 2 4 6 -35.8602 6.2974
600231 5 1 6 0.2412 -5.614
600806 3 3 6 -49.7878 30.5243
600655 4 1 5 1.1537 -19.2395
002022 2 3 5 -6.0471 17.5108
600470 3 2 5 -28.908 35.6196
000690 2 3 5 -38.5636 -5.7715
600581 2 3 5 -48.6104 27.2475
600582 3 2 5 -7.7134 -6.8866
601958 3 2 5 -24.5233 -200.0
002097 1 4 5 -66.8941 -6.0033
600816 4 1 5 -49.6193 -9.7624
000630 1 4 5 -55.9662 -19.7468
600786 2 3 5 delist
600820 1 4 5 -40.8112 2.0175
600815 3 2 5 -36.233 -9.0784
600315 4 1 5 -28.8936 5.8425
002187 4 1 5 -41.5705 10.5141
600238 3 2 5 -49.2342 -0.4518
600511 3 2 5 -17.2158 25.5873
600352 3 2 5 -13.3333 -9.6104
000860 2 3 5 -16.5833 -1.6511
600636 2 3 5 -10.5714 -9.7938
600067 5 0 5 -59.522 -10.0837
600549 2 3 5 -62.7797 -17.1471
000759 3 2 5 -18.4475 8.9855
600488 1 4 5 -45.4743 49.6888
600183 1 4 5 -62.2511 2.1195
000501 3 2 5 -52.2788 7.8035
600509 1 4 5 -55.1418 15.0114
000652 1 4 5 -61.7926 -20.9107
600809 1 4 5 -64.6467 -8.0689
600360 3 2 5 -55.1965 6.8097
600258 2 2 4 -53.0966 5.1754
600075 2 2 4 -46.7903 -15.7589
002028 2 2 4 -38.7237 27.3748
002029 3 1 4 -9.1645 3.7179
600479 1 3 4 -49.3505 23.6425
601009 3 1 4 -40.2094 -4.5477
600270 3 1 4 -58.9109 -6.0476
600858 3 1 4 -21.7345 -0.8205
000951 1 3 4 -68.6347 -12.4174
600033 1 3 4 -35.0432 5.5556
000562 2 2 4 delist
600406 3 1 4 -35.9375 15.6146
000635 4 0 4 -35.4564 0.2098
000400 1 3 4 -53.4392 0.0
600664 3 1 4 -32.8529 -10.628
000597 3 1 4 -12.8092 10.1911
600289 2 2 4 -37.0607 0.5353
600628 1 3 4 -46.9449 -13.2739
000006 1 3 4 -40.8764 -26.338
600586 3 1 4 -39.317 -1.4514
002211 3 1 4 -38.2259 -200.0
000602 1 3 4 delist
600118 2 2 4 -56.4889 13.154
600500 3 1 4 -49.9128 -11.1826
600677 4 0 4 -61.8775 -9.2653
002008 4 0 4 -40.6633 6.5602
600516 4 0 4 0.4909 -2.7948
600350 2 2 4 -48.1481 -9.8375
600837 1 3 4 -8.8858 9.7522
000425 3 1 4 -34.427 -10.3907
000089 1 3 4 -50.854 -3.1226
002048 2 2 4 -42.1227 -3.69
600641 3 1 4 -60.4525 -5.3975
600396 1 3 4 -58.794 -2.9742
600268 3 1 4 -33.4427 6.5878
600804 1 3 4 -56.3907 5.7665
600166 2 2 4 -50.414 -16.6455
002152 2 2 4 -46.0286 36.1231
002153 2 2 4 -1.5663 48.5043
600439 3 1 4 -42.0095 30.3141
000718 3 1 4 -42.1053 -33.13
000009 0 4 4 -69.3711 9.4288
000731 0 4 4 -46.5454 14.2365
000683 0 4 4 -28.2759 6.5617
600591 0 4 4 delist
002054 1 2 3 -39.0655 5.6476
600376 1 2 3 -66.6393 -7.9768
600354 1 2 3 68.8396 -11.534
000999 2 1 3 -30.3272 -2.8129
600856 1 2 3 -56.9231 59.2219
000428 2 1 3 -44.0588 -5.765
002242 2 1 3 -12.1061 -200.0
600612 2 1 3 -39.989 -11.9001
002069 3 0 3 -57.4832 33.6126
600535 3 0 3 -47.7716 -2.9969
002095 1 2 3 -47.5703 5.6556
600973 1 2 3 -62.0981 2.1538
000563 3 0 3 -57.2233 -17.5242
000790 2 1 3 -53.4185 3.1088
600663 2 1 3 -44.4943 -14.3256
000903 2 1 3 -59.6601 -11.253
600824 2 1 3 -40.2647 -12.7986
600525 1 2 3 -47.3409 -1.911
002154 2 1 3 3.4619 12.1586
000952 1 2 3 -53.1522 -31.6522
002161 2 1 3 46.1931 -16.9231
600688 1 2 3 -61.313 -15.0934
002003 2 1 3 -38.3163 32.1444
600517 3 0 3 -18.3422 12.2096
600226 1 2 3 -16.9675 -5.1101
000589 1 2 3 -37.2863 -7.781
000900 1 2 3 -52.2924 31.2912
600839 2 1 3 -40.9234 -11.9388
600635 2 1 3 -29.4294 -7.139
600497 2 1 3 -60.2714 -10.1341
600499 2 1 3 -28.9124 30.6748
600801 2 1 3 -55.1329 4.1403
600995 2 1 3 -26.7845 66.0099
000876 2 1 3 -55.2553 -3.3382
000727 2 1 3 -40.1064 1.7316
000617 2 1 3 -68.7696 -32.8549
600693 1 2 3 -8.2777 40.131
600161 2 1 3 -60.3008 -1.9729
002018 1 2 3 9.76 69.8212
600416 1 2 3 -63.3449 -8.6357
600337 1 2 3 -60.4281 -6.2715
000712 1 2 3 -67.6098 15.6232
000748 0 3 3 -47.0496 -9.9379
600588 0 3 3 11.4364 7.2223
002092 0 3 3 -36.823 10.6593
000910 0 3 3 -62.1894 1.0176
600482 0 3 3 -56.2478 -4.7362
600528 0 3 3 -52.6848 -26.6178
600008 0 3 3 -61.8998 15.6916
600508 0 3 3 -44.1434 -23.7827
002056 1 1 2 -53.401 -3.3511
002110 1 1 2 -26.147 8.3084
600098 1 1 2 -54.7716 -9.6904
000026 1 1 2 -46.2764 -28.2706
600790 1 1 2 -57.2107 -2.613
000926 1 1 2 -60.7647 -14.7059
600375 1 1 2 -50.5645 -10.5556
000090 1 1 2 -63.6968 -18.1748
600571 1 1 2 -38.3513 -5.9551
600572 1 1 2 -42.3232 -2.268
600363 1 1 2 -39.7655 -13.2285
601002 1 1 2 -34.1108 -8.2888
600279 1 1 2 -25.2039 -17.7181
000949 1 1 2 -65.7564 -14.0719
000663 1 1 2 -48.0116 8.3007
000661 1 1 2 -55.4515 5.2076
000698 2 0 2 5.9197 -3.1399
002249 1 1 2 -12.1553 -200.0
600589 1 1 2 -52.928 8.3394
002063 1 1 2 -32.3329 -0.3453
000818 1 1 2 -36.4179 55.9953
600978 2 0 2 -63.338 -16.6148
000963 1 1 2 -26.0606 12.7049
600405 1 1 2 -56.6122 23.9411
000708 1 1 2 -54.5829 -14.558
000705 1 1 2 -33.1797 -3.233
600351 2 0 2 -27.6023 50.9267
002109 1 1 2 -9.1755 6.6012
002194 1 1 2 -26.8349 19.2785
600565 1 1 2 -40.0368 -5.5851
600563 1 1 2 -57.441 0.0454
000532 1 1 2 -42.5612 2.1809
600210 1 1 2 -56.4499 -8.9286
000987 1 1 2 -27.7823 6.0589
600283 1 1 2 -53.9241 8.1451
000927 1 1 2 -71.0345 -12.1212
600630 1 1 2 27.1754 -8.9024
600889 1 1 2 -54.4996 -7.4708
002251 1 1 2 14.7754 -200.0
002252 2 0 2 20.203 -200.0
600740 1 1 2 2.5305 -12.3614
600624 1 1 2 16.182 -2.706
600189 1 1 2 -59.8997 29.6296
002177 1 1 2 -60.9174 4.8089
002074 1 1 2 -44.5292 21.3296
600486 2 0 2 0.1094 23.6078
600007 1 1 2 -45.6778 0.0953
600410 1 1 2 -55.23 13.2473
000783 1 1 2 -51.725 286.4646
002218 1 1 2 -42.6393 -200.0
000609 1 1 2 -51.7408 108.0838
600682 1 1 2 -48.7032 -4.1186
600088 2 0 2 -51.0478 10.2928
002180 1 1 2 -56.9494 -5.9869
002009 1 1 2 -52.8064 14.2857
600295 2 0 2 18.5407 -13.24
600359 1 1 2 -5.9713 17.7143
601899 1 1 2 -43.9655 -200.0
600831 2 0 2 -60.0498 -11.1196
600838 1 1 2 -40.0966 -9.607
000761 2 0 2 -54.4218 -5.7088
600881 1 1 2 -58.6355 -22.1975
600883 1 1 2 -61.8737 5.3298
600069 2 0 2 -63.8726 -15.5534
002041 1 1 2 111.75 -0.4975
600491 2 0 2 -48.5775 1.0877
600125 1 1 2 -53.8131 -13.21
600391 2 0 2 -55.9702 22.3866
600397 1 1 2 -55.4381 0.9146
000685 1 1 2 -42.8775 7.7308
000616 1 1 2 -56.3735 -12.0
600846 1 1 2 -3.1646 -9.0909
002080 2 0 2 -43.7767 2.5253
002128 1 1 2 -40.1765 -18.9025
002073 2 0 2 -24.7429 21.1617
002155 1 1 2 -61.6495 -28.6425
600527 1 1 2 -51.7004 -4.7037
002012 1 1 2 -9.1121 2.148
601588 1 1 2 -55.6451 8.0092
002106 2 0 2 -43.8682 1.4859
000027 0 2 2 -65.6943 -13.9625
000537 0 2 2 -68.963 -31.5416
000848 0 2 2 -33.5677 -6.2541
000959 0 2 2 -48.6623 -6.6595
002146 0 2 2 -57.7075 3.5143
002064 0 2 2 -67.5657 5.6917
600665 0 2 2 -56.3705 -12.8244
000826 0 2 2 -17.342 -0.054
600478 0 2 2 -26.6571 18.3128
600836 0 2 2 31.6405 13.0104
000970 0 2 2 -51.7211 1.4937
000155 1 0 1 -40.6067 28.6441
600729 1 0 1 -42.8915 -2.2333
002053 1 0 1 16.4835 22.7077
002052 1 0 1 -47.8045 -2.5879
002055 1 0 1 -47.3181 9.0275
600797 1 0 1 -48.8684 14.6013
600378 1 0 1 -62.4113 -7.186
600389 1 0 1 -13.6787 80.1612
600208 1 0 1 -46.483 -10.3313
000507 1 0 1 -48.0287 -14.5172
600290 1 0 1 -52.3775 14.5746
600855 1 0 1 -55.6019 -1.5079
600587 1 0 1 -43.4313 -2.042
600750 1 0 1 -32.4767 5.9298
600754 1 0 1 -42.9167 -14.0008
002140 1 0 1 -44.0111 -12.6842
600107 1 0 1 -44.3548 -15.6463
600327 1 0 1 -26.469 4.4444
600323 1 0 1 -31.2614 4.7365
002083 1 0 1 -48.5729 -0.1972
601918 1 0 1 -38.505 14.6148
600787 1 0 1 -58.4708 -3.9597
000522 1 0 1 delist
000525 1 0 1 -30.504 22.1053
600169 1 0 1 -37.8813 -5.7501
002032 1 0 1 -42.4901 20.8672
600449 1 0 1 -43.8444 29.1826
600639 1 0 1 -54.137 0.2229
600828 1 0 1 -20.7512 42.5703
600523 1 0 1 -27.5815 -0.406
600529 1 0 1 -48.5597 -7.546
600487 1 0 1 -51.1465 11.0115
601333 1 0 1 -55.5319 -5.3374
600132 1 0 1 -44.1017 -15.1107
000410 1 0 1 -64.3661 -18.6056
000553 1 0 1 -47.0042 12.6426
600570 1 0 1 -30.6559 -8.1348
000955 1 0 1 34.0426 -14.6648
002212 1 0 1 -51.6249 -200.0
002216 1 0 1 -22.3285 -200.0
600680 1 0 1 -42.1389 1.7045
000042 1 0 1 -58.6276 -24.2951
002183 1 0 1 -41.9154 48.4196
600460 1 0 1 -54.2562 -3.7252
000515 1 0 1 delist
600054 1 0 1 -51.4855 13.3644
002005 1 0 1 -56.4716 27.9412
600512 1 0 1 -45.8065 0.0
000939 1 0 1 -57.3059 -6.0086
000930 1 0 1 -20.8543 0.2519
600888 1 0 1 -57.4868 -20.0533
600642 1 0 1 -47.2404 -8.567
000877 1 0 1 -33.5027 15.1186
600018 1 0 1 -46.4132 -6.4815
000837 1 0 1 -47.5493 -3.0145
000836 1 0 1 -44.507 -9.6692
600261 1 0 1 -38.0242 -2.3874
600543 1 0 1 -7.5848 14.7328
600395 1 0 1 87.0049 -12.735
002088 1 0 1 -53.1273 -4.3488
600765 1 0 1 -42.4416 -7.3382
001696 1 0 1 -66.947 2.8102
600114 1 0 1 -41.0546 -2.4573
600332 1 0 1 -36.755 9.9099
600239 1 0 1 25.0144 136.7791
600485 1 0 1 -25.2905 16.1111
000893 1 0 1 46.6667 5.1661
600803 1 0 1 -2.0253 -6.7296
002247 0 1 1 -22.0745 -200.0
600894 0 1 1 -36.5764 -12.026
600071 0 1 1 -51.1879 -14.733
600072 0 1 1 -71.2881 -11.0231
000923 0 1 1 -72.0641 -19.3912
002025 0 1 1 -37.4202 -1.5074
002021 0 1 1 -66.3624 -0.6169
600380 0 1 1 -61.6666 25.3409
600475 0 1 1 -52.0755 -6.7839
600206 0 1 1 -50.3437 -14.2808
600203 0 1 1 -61.1179 0.0
002233 0 1 1 -40.6001 -200.0
002236 0 1 1 -14.3061 -200.0
600580 0 1 1 -54.5446 -11.2485
002244 0 1 1 -35.4733 -200.0
002243 0 1 1 -29.6491 -200.0
002067 0 1 1 -51.2032 6.5527
600531 0 1 1 -58.0669 -21.1332
000819 0 1 1 -50.0813 -16.6384
600240 0 1 1 -53.7437 -6.0227
600814 0 1 1 -34.6116 -4.0566
002101 0 1 1 -51.7188 3.6018
600782 0 1 1 -52.6159 -26.1324
600780 0 1 1 -60.4139 -20.3357
000988 0 1 1 -38.2178 0.0
600823 0 1 1 -54.0976 -28.2966
002250 0 1 1 -2.6616 -200.0
600622 0 1 1 -46.3968 -15.4689
000513 0 1 1 -61.3696 25.8453
600135 0 1 1 -68.2731 -4.5977
000823 0 1 1 -53.3269 -4.6655
000559 0 1 1 -58.9675 2.2845
600961 0 1 1 -65.9767 -28.0371
600006 0 1 1 -53.2063 -11.4402
600418 0 1 1 -55.0078 -16.8962
600702 0 1 1 -53.9257 2.0497
002138 0 1 1 -52.5249 6.2478
600673 0 1 1 -49.7346 -22.3889
600177 0 1 1 -56.7983 -12.2989
002181 0 1 1 -68.2672 16.0
600059 0 1 1 -19.8866 -8.8616
000514 0 1 1 -44.0552 -6.8674
002007 0 1 1 -22.3869 17.8958
600220 0 1 1 9.3773 3.8716
600221 0 1 1 -62.5 9.3379
000905 0 1 1 12.8692 -5.6716
600736 0 1 1 -46.4793 -14.2606
600496 0 1 1 -56.4369 2.3893
600121 0 1 1 -53.6585 -14.9468
600085 0 1 1 -42.9513 -3.5912
600436 0 1 1 -36.9852 4.1231
600012 0 1 1 -44.6587 -3.5565
600865 0 1 1 -48.7669 -5.7956
000686 0 1 1 -57.3372 -2.3534
600263 0 1 1 delist
002223 0 1 1 41.5245 -200.0
000751 0 1 1 -66.8779 -30.9467
600607 0 1 1 delist
000050 0 1 1 -49.8051 1.3669
002017 0 1 1 -46.0289 24.0299
600115 0 1 1 -69.845 16.0218
600230 0 1 1 -21.0001 -1.8926
000978 0 1 1 -54.1684 -2.4604
000897 0 1 1 -55.3147 -3.5851
