600036 166 167 333 -50.0714 -34.4731
000002 165 165 330 -28.6504 -46.8044
601318 162 157 319 -45.4536 -8.8067
600030 146 170 316 -26.8024 -14.8207
600000 125 138 263 -42.3662 -25.7351
600028 124 124 248 -31.4405 -18.9163
601088 135 109 244 -53.5733 -7.6596
600005 111 117 228 -51.6684 -33.5785
600019 101 121 222 -48.0403 -32.1633
600050 109 108 217 -23.5562 -25.6308
601628 97 94 191 -24.3101 -20.0309
601398 86 100 186 -29.3413 -19.5169
601006 96 75 171 -36.3813 -22.9874
000983 80 71 151 -53.1357 18.9308
000063 84 64 148 -37.3241 4.9592
000001 72 73 145 -36.5246 -33.5106
601186 96 41 137 6.5817 -6.333
600048 72 64 136 8.3521 -56.9412
600016 68 66 134 -29.0941 -34.0748
601166 68 64 132 -42.1324 -32.0194
600519 69 57 126 -22.5011 -26.7671
601939 54 65 119 -34.6988 -15.4709
601919 51 65 116 -61.7152 -27.7031
000898 57 58 115 -48.5185 -34.176
002024 60 47 107 -14.6914 -25.1676
600585 55 43 98 -36.1802 -28.972
000858 42 55 97 -25.0141 -25.3306
600015 47 49 96 -23.4737 -37.3638
601390 52 40 92 6.9034 -26.5537
000024 49 40 89 -12.1821 -54.3144
000568 47 40 87 -41.1575 -24.5158
601857 37 50 87 -31.3254 -15.2051
601328 35 43 78 -35.7066 -26.4865
601898 52 26 78 -59.2305 -3.125
601666 39 32 71 -67.2355 -13.684
600383 36 31 67 -24.478 -55.9199
600348 35 32 67 -56.4318 26.6416
000651 32 35 67 -8.957 -31.8779
000402 43 23 66 -0.5229 -43.2541
600009 35 31 66 -28.3097 -39.0947
600547 31 34 65 -4.8216 -29.1972
600089 39 22 61 59.6257 -8.6374
600031 31 28 59 -27.3579 -27.8536
000792 32 27 59 -34.3883 2.9439
601766 31 28 59 24.9275 -200.0
600596 32 24 56 -47.2302 -13.8255
000069 31 24 55 -18.3633 -52.1682
000709 25 28 53 -44.3145 -37.8835
600795 23 29 52 -17.6036 -15.8687
600309 31 20 51 -46.5241 -44.6906
600026 27 23 50 -59.872 -28.3625
601169 27 22 49 -36.8085 -6.5
000878 21 27 48 -57.3558 -45.7585
600900 18 29 47 -0.0006 4.2705
600875 27 18 45 3.1633 -41.0451
600325 26 18 44 -11.6809 -55.3866
600029 14 30 44 -29.4629 -54.2453
000157 16 27 43 -27.1661 -36.2109
000629 25 18 43 -1.2903 -13.6961
000422 19 23 42 -54.9534 -32.8941
000800 23 18 41 -14.7268 -42.4139
000937 22 19 41 -68.6099 12.3231
600737 26 15 41 -44.2758 -22.7883
000895 22 19 41 -3.4174 -1.2005
600583 22 18 40 -32.3111 -0.5742
600100 21 19 40 -30.6545 -41.6509
601601 22 18 40 -41.0392 -25.863
601111 12 27 39 -49.4451 -50.7649
600739 20 19 39 -52.6111 -28.646
600428 20 18 38 -49.4725 -22.9003
000933 20 16 36 -62.9734 -13.6694
000960 14 20 34 -61.2479 -17.44
000825 13 21 34 -51.6008 -39.1224
600997 16 18 34 -71.125 8.8647
600489 18 15 33 -25.4016 -39.1733
000839 13 20 33 -54.1538 -12.5964
000612 17 15 32 -60.0216 -30.2344
600550 22 9 31 -35.5385 -4.8238
600887 18 13 31 -49.1094 -9.1229
600150 10 20 30 -49.0609 -38.5354
601699 17 12 29 -68.6967 33.9527
600037 15 14 29 -23.7138 -33.9706
600598 16 13 29 -30.5502 -9.0982
601001 16 13 29 -46.6353 -47.1527
601808 21 8 29 -48.75 7.4515
000528 13 15 28 -49.5303 -30.7339
600600 18 10 28 2.2082 -23.2422
000527 16 11 27 delist
600660 12 14 26 -39.8764 -52.3355
600251 16 10 26 -57.2692 13.932
600123 13 13 26 -52.4361 -0.7632
000060 10 16 26 -44.3652 -37.4911
600096 11 14 25 -71.3636 0.0006
000401 13 12 25 -14.6552 -29.4466
000538 17 8 25 28.9989 -0.1111
600426 17 8 25 -50.8796 -5.6714
600674 13 11 24 -34.1595 12.8364
000423 14 10 24 -47.0413 -0.8907
600362 13 10 23 -54.3876 -25.4527
600694 13 10 23 -47.0831 -24.2589
600022 7 16 23 -59.116 -29.3164
600216 8 14 22 -30.5765 1.4471
000729 15 7 22 -19.4512 -9.5399
600141 13 9 22 -61.0666 24.0019
600104 2 19 21 -33.4161 -43.5465
600686 12 9 21 -42.4691 -46.7915
600690 12 9 21 -1.5334 -31.8321
600582 9 11 20 -39.1188 -2.6891
600312 13 7 20 54.6682 -16.349
600879 12 8 20 -25.3873 -43.7745
600352 9 11 20 -55.2557 6.8592
600276 12 7 19 9.4345 -0.9043
600867 10 9 19 -10.09 14.0413
600748 10 9 19 -39.3849 -60.4337
600058 7 12 19 -50.6599 -17.1594
600880 13 6 19 14.5203 -20.1989
000012 13 6 19 -41.3793 -18.0688
600011 8 11 19 -8.8274 -23.6925
000338 10 9 19 -28.6337 -36.8495
000623 9 9 18 -44.122 -15.9816
002028 10 8 18 26.8116 -24.7561
600859 12 6 18 -47.9943 -7.2611
600664 11 7 18 -4.2528 7.185
600631 9 9 18 delist
000680 7 11 18 -33.1009 -15.3725
600895 12 5 17 14.643 -47.1602
600271 12 5 17 -8.56 -1.1887
000400 9 8 17 47.1476 -68.1436
600320 9 8 17 -21.8182 -32.645
600717 12 5 17 -34.1118 -33.3259
600188 8 9 17 -59.8121 7.6285
600963 8 9 17 -48.5567 -19.8545
600415 12 5 17 18.6417 -10.8777
600196 13 4 17 -6.8852 -19.4858
600835 8 9 17 -34.0456 -32.0255
600202 11 5 16 3.5934 -41.5735
000707 9 7 16 -53.3156 -26.5806
000917 10 6 16 -16.4706 -6.2529
600820 8 8 16 33.4149 -31.9431
600685 4 12 16 -50.8975 -44.9029
600886 8 8 16 29.872 -40.0687
600111 7 9 16 -57.2733 -6.4007
600153 7 8 15 -17.4475 -38.2146
600812 8 7 15 -14.7472 0.0
600456 9 6 15 -53.8415 -47.5613
600269 10 5 15 -20.3269 -32.494
000488 8 7 15 -49.8801 -33.5106
000061 11 4 15 -23.0397 -14.5406
000667 7 7 14 -27.4468 -43.6689
600001 8 6 14 delist
000932 8 6 14 -29.8003 -32.5292
600299 8 5 13 -54.1823 -50.0736
000869 8 5 13 -25.0039 -4.2726
000911 7 6 13 -56.2914 -12.8709
600143 6 7 13 -46.0411 -41.0739
600219 6 7 13 -42.3507 -38.767
600195 7 6 13 -17.9344 -16.8933
002008 8 5 13 -46.5753 -23.4017
600125 7 6 13 10.0394 -39.6012
600395 7 6 13 -29.8261 43.75
600267 8 5 13 -8.0615 -18.7134
600808 5 8 13 -38.7558 -22.2548
000969 6 6 12 -30.739 -27.1633
002202 9 3 12 -38.1127 -24.5558
002038 5 7 12 48.4419 -13.6074
600282 6 6 12 -43.2749 -45.3859
600122 6 6 12 -42.8571 -29.2475
600779 8 4 12 -45.6574 -26.5044
002001 4 8 12 -33.6685 7.4367
600331 1 11 12 -54.9842 -70.611
000581 8 4 12 -40.2115 -52.9412
600830 7 5 12 -42.5166 -57.4312
601600 6 6 12 -53.0707 -36.0053
600423 4 8 12 -47.6636 -12.0283
600307 5 7 12 -51.9628 -40.5752
600017 6 6 12 -33.6752 -13.8004
600557 8 3 11 -10.0999 4.7498
000968 3 8 11 -59.8301 31.9275
000822 6 5 11 -38.9027 -34.6553
600176 6 5 11 -40.8312 -13.2011
000860 5 6 11 -21.5714 1.1922
000768 4 7 11 -21.9375 -31.0111
600266 5 6 11 -36.1164 -38.324
000759 7 4 11 -4.8583 -2.0334
002122 6 5 11 11.4292 -20.1511
000717 5 6 11 -39.1813 -41.5581
600761 6 5 11 -45.259 -42.1757
600804 8 3 11 -15.9758 -28.4414
000028 7 3 10 0.6748 -6.4327
601009 7 3 10 -27.6557 -23.9115
600616 7 3 10 -17.8462 -34.6778
600970 5 5 10 -42.3248 -2.7207
000566 5 5 10 5.3165 -33.277
601988 3 7 10 -26.6667 -18.692
600449 5 5 10 57.2477 -30.1423
600409 3 7 10 -62.6136 -23.1893
600517 7 3 10 0.9013 -4.8047
600087 5 5 10 delist
600649 5 5 10 -19.3629 -18.4966
600308 5 5 10 -52.0299 -45.7043
000758 7 3 10 -53.2909 -37.5249
600078 5 4 9 -47.5728 16.0122
600102 6 3 9 delist
000987 5 4 9 -39.9677 -5.9058
600521 3 6 9 -30.1952 -6.5912
601333 7 2 9 -6.8022 -33.0065
600316 5 4 9 -11.6688 -39.1875
600004 6 3 9 -30.0095 -27.8056
600675 2 7 9 -18.9655 -55.1402
600499 4 5 9 -22.2443 5.7579
000972 5 4 9 -41.2733 -31.2044
600432 3 6 9 -56.956 -45.6434
000159 4 4 8 -51.4793 -2.8377
002022 4 4 8 5.4776 0.47
600201 3 5 8 -35.1319 -33.7668
600588 4 4 8 -19.5906 0.7015
000562 4 4 8 delist
600406 5 3 8 3.7131 -9.5179
002251 5 3 8 -9.2672 12.2459
002252 4 4 8 1.3666 22.2813
600315 7 1 8 -2.1982 -5.1787
000515 4 4 8 delist
002003 5 3 8 -27.4386 -29.5029
601899 4 4 8 -39.2461 -45.1149
600837 3 5 8 -66.3765 45.4274
000089 4 4 8 -13.54 -26.0792
600062 4 4 8 -7.2748 -1.9016
000877 4 4 8 44.884 -29.32
600469 5 3 8 -41.4269 -37.1189
600713 5 3 8 -17.3793 -42.0356
600231 5 3 8 -58.4038 8.708
600439 6 2 8 -29.7478 -25.5843
600655 5 2 7 -63.1089 0.0
600354 2 5 7 -17.0352 -18.7704
600581 3 4 7 -44.9115 -27.2361
600816 5 2 7 -22.4527 -15.5702
600361 4 3 7 -54.8706 -5.3869
000912 5 2 7 -44.6838 -40.1181
600569 2 5 7 -36.952 -41.6485
000597 3 4 7 -18.133 -9.402
000599 4 3 7 -46.7181 -37.5969
600289 2 5 7 -16.7601 -29.8717
002078 5 2 7 -58.7062 -38.9872
600528 2 5 7 18.6957 -25.817
600138 2 5 7 -50.3569 -14.3667
600962 5 2 7 -50.6876 -36.68
600966 3 4 7 -42.4594 -35.6755
000999 6 1 7 -13.0042 -4.3404
600066 4 3 7 -32.5843 -32.7908
000683 2 5 7 -57.0629 -4.2325
000831 2 5 7 -43.8028 -36.108
000625 1 6 7 -25.8586 -41.2299
600169 4 3 7 -33.9228 -21.2721
600488 1 6 7 -26.4744 -14.6659
002154 4 3 7 -34.9497 -5.2297
002153 4 3 7 -28.2074 -10.7297
600118 4 3 7 7.6317 -20.5868
000807 4 3 7 -44.3758 -34.1718
600725 3 3 6 -69.8125 17.1189
600475 3 3 6 -5.8872 -40.3701
600270 3 3 6 -24.2268 -43.5035
000951 3 3 6 -24.3308 -46.3167
600408 1 5 6 -66.1439 -9.7628
002097 1 5 6 -40.7407 -34.0631
000630 3 3 6 -39.6552 -33.53
600718 2 4 6 -22.0379 -15.4645
000031 1 5 6 -17.6903 -54.7911
000525 3 3 6 20.1364 -28.0224
600971 3 3 6 -57.2145 -25.625
600825 3 3 6 -24.6896 -19.0152
000677 2 4 6 -40.5702 -48.236
600628 3 3 6 -21.1384 -30.4314
600525 3 3 6 -12.6406 -37.4701
600410 3 3 6 16.2133 -29.3428
000731 1 5 6 -15.3642 -43.5
002218 3 3 6 -33.4949 -1.9185
600518 6 0 6 10.9622 -14.8958
600236 3 3 6 -10.7872 -23.9693
000848 3 3 6 -13.9837 -15.6357
600495 2 4 6 49.0246 -36.0998
600641 4 2 6 -12.1034 -56.4362
600067 4 2 6 -43.6006 -54.018
000425 4 2 6 7.0168 -25.3708
600438 1 5 6 -49.2378 -21.7979
600540 3 3 6 -18.9109 -23.0168
002080 3 3 6 21.4717 -14.4085
002128 3 3 6 -59.9455 8.5087
600161 2 4 6 8.5394 -21.1609
600117 3 3 6 -59.3536 -28.6123
600801 5 1 6 -7.4375 -30.0598
002242 3 2 5 12.6582 -11.541
601958 3 2 5 -41.7582 -23.7694
000039 3 2 5 -42.8044 -44.1454
600736 1 4 5 -29.9539 -49.8336
600636 2 3 5 -55.5896 -1.3655
600627 2 3 5 delist
600256 2 3 5 -31.9403 -1.2879
600470 3 2 5 -45.2422 -28.5714
000783 3 2 5 -50.6711 -2.8084
600815 3 2 5 -33.8202 -15.9274
600177 3 2 5 -30.9387 -34.6481
600357 2 3 5 delist
600350 3 2 5 -3.2637 -27.1831
000900 2 3 5 -26.8657 -35.2026
600068 4 1 5 18.1818 -23.2107
600391 3 2 5 -23.0532 -33.369
000652 1 4 5 -14.0323 -46.7748
002123 4 1 5 9.2283 0.065
600162 3 2 5 -42.027 -56.3312
600027 4 1 5 -20.1344 -20.1377
600238 3 2 5 -49.2462 -44.5222
000893 3 2 5 -13.6842 47.8788
600896 2 2 4 -47.3568 -30.4196
000026 2 2 4 -41.5663 -44.3455
000027 3 1 4 -0.2925 -43.0478
000927 3 1 4 -6.4843 -47.2152
000539 2 2 4 -0.869 -31.8486
002029 4 0 4 -36.0875 -4.7181
600425 3 1 4 8.187 -35.9286
600897 2 2 4 -18.0547 -21.5113
600392 2 2 4 -21.9941 -7.2489
000661 2 2 4 35.9281 -43.8903
000690 1 3 4 -36.2245 -24.664
600586 3 1 4 -49.4204 -29.6634
600750 3 1 4 -7.0715 19.3288
600535 3 1 4 10.4464 -35.4118
600533 2 2 4 -21.608 -56.0811
000565 2 2 4 -67.4022 -48.3197
600327 3 1 4 -49.0826 -20.1838
002106 2 2 4 -51.2263 -42.3583
002191 2 2 4 32.6531 -32.7412
600663 2 2 4 7.9792 -49.5954
002264 3 1 4 -42.0952 -200.0
000926 2 2 4 -16.8385 -49.3033
600827 2 2 4 -13.5387 -27.9599
600740 1 3 4 -61.2245 -15.2778
600479 2 2 4 9.3063 -30.6939
600007 2 2 4 -32.3837 -26.335
600008 1 3 4 -42.3885 -43.9635
000952 2 2 4 -45.1327 2.0666
002211 3 1 4 -43.7956 -32.5869
002216 3 1 4 -27.8718 18.3898
000602 1 3 4 delist
002007 3 1 4 -6.3716 -2.9524
600500 3 1 4 -29.5023 -22.0604
600677 3 1 4 -49.8633 -49.859
002183 3 1 4 -10.9779 10.248
600054 3 1 4 -8.337 -38.3911
600511 3 1 4 9.8846 -16.8033
002161 3 1 4 -44.4874 0.5256
600831 3 1 4 -13.7731 -21.4781
002269 4 0 4 2.974 -200.0
000088 2 2 4 -36.2784 -31.7926
002261 1 3 4 -17.7419 -200.0
000726 3 1 4 -12.5356 -35.0172
000837 3 1 4 -25.6579 -42.8815
600693 3 1 4 -34.2165 -3.6749
002018 1 3 4 -56.5891 -21.0554
600527 2 2 4 -16.7653 -33.5533
000655 1 3 4 -59.7059 -18.1369
000718 3 1 4 -40.5967 -20.3549
600806 2 2 4 -43.2634 -30.087
000155 2 1 3 -41.0733 -38.3943
600729 2 1 3 -24.0374 -15.5672
002054 2 1 3 -46.1538 -8.8593
600098 1 2 3 -18.2759 -41.5643
600798 2 1 3 -42.9658 -35.9647
600075 2 1 3 -49.3519 -27.2304
000910 1 2 3 -31.0646 -38.764
002238 2 1 3 1.2397 -32.9282
002232 2 1 3 7.5733 -29.2308
600858 3 0 3 -16.5153 -19.9613
600584 1 2 3 -37.581 -42.1107
002244 3 0 3 -7.4292 -35.5967
600612 2 1 3 -42.4316 -24.6607
600754 2 1 3 -16.422 -29.2883
600033 1 2 3 -18.2274 -28.641
600035 2 1 3 -23.6662 -26.9058
002060 2 1 3 -6.5217 -28.084
002067 1 2 3 -54.2735 -27.0833
002095 1 2 3 -32.1739 -48.5593
000819 1 2 3 22.5806 -48.3296
600973 1 2 3 -44.6454 -40.3257
000963 3 0 3 -10.9917 -16.7133
600351 3 0 3 2.4671 -17.4029
000790 2 1 3 -19.0672 -55.604
002109 2 1 3 -5.8173 -6.1623
002194 1 2 3 -11.4921 -9.5215
000522 2 1 3 delist
002032 2 1 3 -11.3357 -32.0892
000903 2 1 3 -32.7078 -50.4574
600639 2 1 3 -22.579 -44.4769
600824 2 1 3 -11.6232 -34.0463
000006 1 2 3 -36.6324 -38.5404
000513 3 0 3 7.6828 -36.6735
002073 2 1 3 -36.2257 -17.3954
600486 3 0 3 -18.6507 -10.627
600132 2 1 3 0.0766 -44.5405
600258 2 1 3 -54.944 -36.4868
000550 3 0 3 -5.1829 -40.849
600478 1 2 3 -29.1251 4.3575
000046 2 1 3 -30.7692 -59.0806
002187 2 1 3 -32.72 -21.6107
000514 1 2 3 -16.1859 -42.1652
600226 1 2 3 -19.555 -22.1116
600839 2 1 3 -35.8566 -27.4355
000428 2 1 3 -45.0053 -38.3807
000761 2 1 3 -36.5138 -39.5911
002267 1 2 3 -25.625 -200.0
600889 1 2 3 -29.8711 -42.8416
600436 2 1 3 -14.734 -22.5402
600995 2 1 3 -43.9089 0.2985
600018 2 1 3 -31.893 -31.8593
600549 2 1 3 -3.7406 -36.6119
000617 2 1 3 -47.0013 -37.878
600467 2 1 3 -35.9223 -35.2236
601168 2 1 3 -56.9473 -38.3745
600458 1 2 3 16.2515 -36.4741
600591 1 2 3 delist
600607 1 2 3 delist
600166 2 1 3 -23.4531 -39.8514
000501 3 0 3 -44.2222 -31.6366
600509 1 2 3 -44.3758 -40.5634
600809 1 2 3 -15.385 -36.0261
002092 0 3 3 -52.0661 -15.8333
000829 0 3 3 -30.1455 -44.2648
600396 0 3 3 -32.2113 -25.878
600183 0 3 3 -22.7045 -41.2341
600508 0 3 3 -49.1565 -7.8491
600838 1 1 2 -24.0586 -32.6788
600723 1 1 2 -68.3794 -25.4054
002053 1 1 2 -64.8948 0.0015
002052 1 1 2 -6.0026 -31.2918
002115 2 0 2 24.4444 -38.1452
600790 1 1 2 -22.9075 -46.2873
000531 1 1 2 -33.121 -48.9576
600376 1 1 2 -48.2246 -63.3387
600570 2 0 2 -29.6907 -15.8987
600363 1 1 2 -32.5897 -32.3565
000997 1 1 2 -48.1947 -47.499
601002 1 1 2 -14.9351 -9.8667
601007 1 1 2 -27.404 -37.3967
600279 1 1 2 -43.894 -39.4182
002230 1 1 2 -20.1224 -1.0228
600856 1 1 2 -41.358 -63.5618
000949 1 1 2 -38.7909 -51.9444
000959 1 1 2 -34.8416 -33.9202
600580 1 1 2 10.815 -46.2189
600589 1 1 2 -21.3823 -40.1078
002241 1 1 2 -14.6786 -13.0715
000950 1 1 2 -22.9215 -13.7713
002147 1 1 2 -37.8531 -18.173
002063 1 1 2 6.2731 -16.4442
000818 1 1 2 -59.0476 -33.254
600107 1 1 2 -26.3023 -28.3966
000563 1 1 2 -19.0683 -40.1399
600405 1 1 2 -24.1739 -41.4938
002088 2 0 2 -24.5283 -44.3841
600571 1 1 2 -30.315 -43.7773
000708 1 1 2 -38.9116 -34.7325
000705 1 1 2 -19.0267 -29.1615
600787 2 0 2 -26.4249 -44.3756
600786 1 1 2 delist
600360 2 0 2 -32.0313 -48.6154
002036 1 1 2 -32.6052 -36.7733
000569 1 1 2 delist
600565 1 1 2 -37.62 -48.4848
600563 1 1 2 -34.5898 -41.0968
000532 1 1 2 -36.3436 -52.6089
600210 1 1 2 -25.9277 -45.0067
600079 1 1 2 2.1951 -40.8145
000778 1 1 2 -3.7213 -40.6154
600828 1 1 2 -41.9893 -23.4982
600881 1 1 2 -32.7811 -34.8602
600283 1 1 2 -27.3794 -43.7092
600630 1 1 2 -31.1493 -28.5266
000777 1 1 2 -13.7692 -44.3136
002258 1 1 2 -37.6682 -200.0
600624 1 1 2 -24.4481 -30.9119
600189 1 1 2 -27.2113 -32.4077
002074 1 1 2 31.9444 -44.7142
600529 2 0 2 26.2252 -31.5449
001696 1 1 2 -5.2767 -45.4096
600255 1 1 2 -33.5512 -38.7324
000552 1 1 2 -51.6732 -16.1209
000301 1 1 2 -32.0 -44.4068
002212 1 1 2 -0.3026 -35.2172
002215 2 0 2 28.7484 -28.0409
601999 1 1 2 -15.544 -32.0
600874 1 1 2 -36.5865 -38.3433
600688 2 0 2 -18.0741 -37.1614
601588 1 1 2 -53.01 -43.2538
002139 1 1 2 -5.2557 -9.7611
600684 1 1 2 -25.1142 -45.9283
600088 1 1 2 -40.5383 -30.4473
002180 1 1 2 0.7049 -57.883
002005 1 1 2 -25.8575 -50.007
600516 2 0 2 -40.5977 -11.0127
000589 1 1 2 -24.5347 -31.0777
600832 1 1 2 delist
002186 1 1 2 -42.3116 -12.7319
002268 1 1 2 -18.855 -200.0
002262 1 1 2 17.153 -200.0
600883 1 1 2 -48.1622 -68.6224
600069 2 0 2 -46.0094 -54.8038
000728 1 1 2 -39.3665 -10.0833
002041 1 1 2 -35.596 46.0423
002048 2 0 2 -56.7308 -38.1235
002164 1 1 2 -19.2274 -15.2537
600642 1 1 2 -35.0325 -24.9181
000975 1 1 2 -63.3333 -27.5229
600397 1 1 2 -26.4249 -33.6384
000727 1 1 2 -48.7719 -27.9948
000685 1 1 2 -24.1212 -12.7013
000833 1 1 2 -49.8508 -20.7726
600268 1 1 2 -6.4662 -35.4351
002227 1 1 2 -5.5079 -47.4378
000755 1 1 2 -53.9512 -46.1769
600845 2 0 2 -9.2625 -42.3994
600846 1 1 2 -33.4625 -31.8307
000712 1 1 2 -12.3494 -58.8387
600590 1 1 2 -16.8614 -37.6605
002152 2 0 2 2.6736 -32.4607
002012 1 1 2 -52.0885 -22.3195
600110 1 1 2 -43.5927 -48.0817
600332 1 1 2 -43.4615 -12.9801
000876 1 1 2 -11.3067 -40.866
000875 1 1 2 -28.6652 -31.6109
000659 1 1 2 -12.1852 -37.9265
000009 0 2 2 -25.0471 -68.0391
000826 0 2 2 12.0389 -22.5709
600416 0 2 2 -33.7251 -44.3212
600836 0 2 2 36.1568 -12.0866
000748 0 2 2 -44.8276 -44.297
000616 0 2 2 -26.0377 -54.5746
000410 1 0 1 -33.5172 -46.6616
600720 1 0 1 31.2356 -30.1047
002243 1 0 1 -10.828 -30.0
002056 1 0 1 -25.3555 -45.3101
002055 1 0 1 -43.8513 -25.7329
002110 1 0 1 -55.5472 -13.5288
600797 1 0 1 -47.9641 -48.6111
600656 1 0 1 -200.0 -200.0
600378 1 0 1 -32.866 -40.8284
600375 1 0 1 -16.2105 -36.6649
600388 1 0 1 0.8988 -39.5093
600208 1 0 1 -26.0073 -43.8053
600290 1 0 1 -53.6278 -27.9087
002233 1 0 1 -24.7465 -38.8855
600855 1 0 1 -38.4494 -37.2299
600587 1 0 1 13.3065 -31.8869
002069 1 0 1 -20.7911 -49.5855
002140 1 0 1 -25.5006 -46.9115
002142 1 0 1 -38.35 -24.3176
002065 1 0 1 0.6254 -19.2719
600323 1 0 1 -9.6263 -23.62
000815 1 0 1 -36.6552 -45.7344
600978 1 0 1 -38.0952 -42.2213
000793 1 0 1 -44.4444 -28.4592
002083 1 0 1 -30.7241 -45.5178
002204 1 0 1 -9.0365 -10.7282
000635 1 0 1 -53.863 -33.9709
002151 1 0 1 -12.5871 -24.5831
600561 1 0 1 9.0909 -31.1633
600284 1 0 1 -22.3986 -36.145
002250 1 0 1 -11.2543 -4.3346
002179 1 0 1 12.381 -42.4813
600523 1 0 1 -15.1911 -27.3057
600487 1 0 1 -3.3203 -48.6895
600252 1 0 1 -21.6252 -38.601
000553 1 0 1 -12.8874 -34.0788
600551 1 0 1 1.0922 -30.9859
000955 1 0 1 -59.3356 -11.6649
002249 1 0 1 -18.7179 -13.8244
002214 1 0 1 4.7216 -27.1722
600708 1 0 1 0.4547 -41.5001
600680 1 0 1 -18.2471 -49.1766
600460 1 0 1 -38.0776 -50.0975
002009 1 0 1 -30.3455 -34.174
600512 1 0 1 -25.215 -29.8948
600298 1 0 1 -10.151 -25.9643
000939 1 0 1 -50.0936 -39.8007
000930 1 0 1 -47.7636 -26.1168
002266 1 0 1 -11.6003 -200.0
600888 1 0 1 -31.913 -29.7593
600635 1 0 1 -43.4018 -26.4941
002045 1 0 1 -5.6911 -44.95
600491 1 0 1 -34.8189 -49.4048
002177 1 0 1 -29.1446 -52.7838
000836 1 0 1 -9.7097 -35.865
600543 1 0 1 -25.2219 -10.1138
002220 1 0 1 -7.9121 -8.0983
600697 1 0 1 -21.3527 -2.7311
600765 1 0 1 -8.8787 -17.3552
600114 1 0 1 -19.0207 -45.4337
000698 1 0 1 -58.2566 31.3158
600337 1 0 1 -24.5353 -35.75
600239 1 0 1 -19.3942 -1.7176
000650 1 0 1 8.5826 -52.0261
000899 1 0 1 -20.3593 -46.3849
002273 0 1 1 -58.4055 -200.0
600894 0 1 1 -21.7949 -45.4756
000559 0 1 1 -45.1155 -42.616
600071 0 1 1 -31.4159 -40.988
000537 0 1 1 -33.3333 -55.4324
002025 0 1 1 -27.8802 -26.0284
600985 0 1 1 -40.8605 -1.7642
600380 0 1 1 -20.8696 -53.3912
000090 0 1 1 -43.3333 -53.7535
600206 0 1 1 -22.2868 -30.9594
000990 0 1 1 -53.876 11.2069
000887 0 1 1 -44.188 -32.1948
002237 0 1 1 -29.7203 -25.2874
000611 0 1 1 -7.0496 -34.8758
002146 0 1 1 -23.5211 -54.6654
002064 0 1 1 -30.7429 -52.8491
002096 0 1 1 4.2 -36.4774
600246 0 1 1 -21.1203 -46.175
600328 0 1 1 -42.3453 -13.3149
000812 0 1 1 -33.2481 -37.1846
000560 0 1 1 -52.2358 -44.6995
600814 0 1 1 -29.3318 -21.8447
002081 0 1 1 -18.9516 -3.0496
002206 0 1 1 -10.5956 -39.3938
000888 0 1 1 -18.5567 -45.4122
002101 0 1 1 -28.654 -39.8615
002107 0 1 1 3.3282 15.4907
600782 0 1 1 -52.5264 -39.3455
600665 0 1 1 -41.1043 -36.6477
002037 0 1 1 3.3898 -42.088
000050 0 1 1 -33.5498 -34.1577
000988 0 1 1 -26.0582 -26.1311
600823 0 1 1 -28.151 -44.777
002259 0 1 1 -49.0439 -200.0
002254 0 1 1 -3.3307 -8.9112
002256 0 1 1 -28.4211 -18.0723
600622 0 1 1 -19.9743 -37.8545
002070 0 1 1 -23.2517 -42.1906
000417 0 1 1 12.3403 -16.8675
600482 0 1 1 -36.6146 -46.3768
600485 0 1 1 2.1626 -26.0839
600135 0 1 1 -28.81 -43.154
600418 0 1 1 -24.9357 -41.1425
002210 0 1 1 -16.1149 -39.3939
000609 0 1 1 -55.5231 -29.7216
600702 0 1 1 -24.2991 -25.4115
002138 0 1 1 -19.2062 -31.607
600673 0 1 1 -53.3619 -22.4561
002181 0 1 1 -17.082 -49.5136
600059 0 1 1 -45.4755 -25.1087
000905 0 1 1 -44.4416 -24.743
002260 0 1 1 -47.9441 -200.0
600121 0 1 1 -45.8728 -56.6141
600084 0 1 1 -32.8215 -66.1871
600085 0 1 1 -25.0266 -15.7143
600993 0 1 1 29.1667 -34.1297
600012 0 1 1 -23.0612 -24.4218
000723 0 1 1 -63.1902 -15.0357
600263 0 1 1 delist
002228 0 1 1 -7.8154 -36.5882
002226 0 1 1 -1.773 -42.8952
600844 0 1 1 -44.7966 -0.1801
000897 0 1 1 -36.0417 -40.4987
600115 0 1 1 -35.6698 -50.6698
600233 0 1 1 -25.3676 -51.1558
600230 0 1 1 -60.5038 -7.9242
000978 0 1 1 -38.4023 -37.766
