600030 236 234 470 13.7079 15.9489
601318 249 217 466 14.7546 33.6487
600036 227 219 446 3.5872 44.57
000002 216 223 439 -16.1365 60.0323
600016 222 188 410 -1.861 60.844
600000 196 198 394 -6.5489 55.3131
601166 204 168 372 7.9829 71.7322
600048 174 191 365 -19.1628 71.9837
601088 174 166 340 16.7673 49.6907
600028 174 162 336 33.835 22.2137
600050 163 172 335 9.0584 19.0641
601601 186 146 332 13.968 42.2089
000983 165 139 304 34.1291 84.5416
000001 152 141 293 12.8241 45.8595
600005 145 144 289 2.2222 12.7194
601628 148 137 285 14.1982 25.2019
601328 150 133 283 4.4927 50.4199
600383 129 146 275 -13.6816 102.0585
600519 132 141 273 15.8574 27.9293
000063 141 127 268 59.6797 7.4694
000069 125 142 267 -12.8426 73.1168
600019 147 118 265 33.4254 31.6341
000898 143 117 260 17.6471 75.5309
000024 122 133 255 -16.2315 50.5026
600837 142 112 254 17.5858 21.4372
601169 146 107 253 19.226 40.4542
002024 126 121 247 29.3093 33.2511
600585 131 115 246 15.9535 20.3251
601899 128 114 242 -3.0181 -6.6099
000157 122 113 235 22.2326 8.7954
000858 131 102 233 59.5766 24.9845
601939 120 110 230 0.9788 46.046
601919 118 111 229 2.7715 16.48
600089 109 120 229 30.9851 -4.0479
601398 108 120 228 -2.1583 43.996
600031 123 104 227 23.9811 25.1825
000060 121 103 224 34.2086 30.9047
600348 120 99 219 57.7724 72.8641
600739 118 100 218 17.2722 37.1052
000568 106 108 214 33.0153 37.7551
000937 109 93 202 8.2488 90.7478
000651 111 90 201 38.9342 20.0122
000402 97 102 199 -11.2006 59.7097
600015 101 97 198 -1.7405 22.2022
601699 99 94 193 30.0678 69.7587
000825 102 83 185 22.3877 37.138
601006 85 95 180 -0.6586 19.0618
000792 87 92 179 3.3551 -1.6958
601168 87 92 179 0.0 30.2816
000623 95 83 178 23.9667 24.9187
601666 87 90 177 11.9664 97.8305
601186 66 108 174 -10.0432 11.0638
600104 93 80 173 67.6074 53.3702
600550 88 85 173 -12.7383 0.8923
600875 82 86 168 14.2668 3.6514
000878 86 80 166 44.5231 1.3751
600362 77 86 163 25.9453 44.8918
600309 84 78 162 51.0063 1.5904
600325 78 82 160 -15.9641 42.791
000800 81 79 160 70.396 26.9764
000933 87 72 159 83.1182 23.4137
000527 86 66 152 delist
601857 73 76 149 -3.4514 29.201
600547 66 78 144 46.9619 57.8458
601001 74 68 142 30.0026 116.2777
601390 65 73 138 -5.6886 27.0221
600583 55 79 134 -4.7619 9.3077
600660 71 61 132 83.9901 23.298
600900 47 82 129 -4.2218 -3.4843
601958 61 65 126 22.2579 35.5059
601668 75 51 126 -27.7182 -200.0
600895 60 65 125 -15.8824 14.546
000338 65 60 125 74.9823 16.5184
601009 67 55 122 6.0855 42.998
002202 59 63 122 -5.4749 6.6991
000709 66 55 121 -13.1127 40.8451
000425 66 55 121 2.9912 19.6981
600123 62 58 120 22.2129 62.1126
600026 64 55 119 8.3837 14.3426
600331 60 56 116 17.2503 14.2241
600675 54 60 114 -3.3443 59.465
600997 58 53 111 34.1671 94.8003
000401 56 53 109 41.1549 3.2491
601111 63 46 109 36.3764 7.7042
000009 59 50 109 -5.1104 27.1238
000895 55 52 107 41.6 11.7853
600795 51 55 106 4.087 7.716
600029 59 46 105 11.8081 -3.4545
601766 52 51 103 8.5743 21.1364
600428 48 55 103 1.0835 8.5151
600690 53 48 101 87.9614 34.139
600426 53 47 100 46.8125 12.7172
601898 46 54 100 10.3648 42.6267
600694 44 56 100 31.8182 29.9104
000012 51 48 99 22.1903 -8.8014
000960 49 48 97 38.7314 26.0638
600808 52 45 97 1.4056 21.6545
000839 41 51 92 -3.5738 11.8528
601988 48 42 90 -5.6645 37.5618
600887 51 39 90 78.3165 20.9586
601600 47 43 90 19.884 17.0685
600432 43 47 90 35.4839 76.9765
600312 40 49 89 3.0769 16.5786
600395 39 47 86 8.7551 73.4178
600741 41 40 81 38.1862 16.5939
000422 47 34 81 85.8138 -14.1479
600307 41 39 80 12.2872 80.3378
600266 41 39 80 5.4165 40.4708
600596 41 39 80 22.5482 -4.4759
600276 37 42 79 48.3051 3.6359
600415 40 39 79 5.7447 43.5874
000718 42 37 79 -5.0554 89.9596
000400 41 35 76 24.7265 22.0294
600256 41 35 76 45.767 15.0426
600153 34 41 75 -2.3642 39.9414
600748 38 36 74 -17.0782 59.4043
600511 41 33 74 41.9856 32.1776
600880 35 39 74 22.4648 47.1918
600166 39 35 74 38.1436 38.8747
600528 38 34 72 13.0736 26.4684
601998 41 31 72 38.4223 26.3598
000932 36 36 72 1.8592 29.1112
601918 39 32 71 9.3845 54.6644
600581 40 30 70 32.67 43.8579
600001 36 34 70 delist
600582 38 31 69 71.7746 21.4997
600196 34 35 69 36.165 2.0115
600649 31 38 69 -7.7799 31.6456
000677 35 33 68 56.4057 8.6957
000612 38 29 67 115.0538 0.2245
002028 33 33 66 22.9643 17.9713
600231 36 30 66 39.4004 45.1998
000528 37 29 66 26.8535 34.4274
600586 36 29 65 16.8224 -11.2119
600037 36 28 64 23.9301 14.2749
600642 31 33 64 14.1424 20.8608
600208 32 31 63 -10.9417 57.1063
600100 28 35 63 17.261 8.3277
600406 33 30 63 46.8066 45.1606
600820 27 35 62 14.7934 5.7321
000778 33 29 62 42.8736 15.261
000717 34 28 62 38.7967 19.8044
000999 31 30 61 24.2839 4.119
600418 34 27 61 78.9916 35.5925
600600 26 35 61 42.6352 29.7717
600271 22 38 60 24.9538 -6.6889
600009 22 38 60 13.2865 8.3744
000630 31 29 60 10.75 57.732
000538 35 25 60 70.3808 -3.2849
600195 30 30 60 0.3962 27.6865
600489 22 38 60 -5.1123 140.8633
600117 33 27 60 2.3415 51.2126
600859 29 30 59 36.1255 29.1356
000423 36 23 59 48.2715 4.5349
000031 24 35 59 0.0409 58.6926
000968 27 32 59 20.4174 31.2248
000807 30 29 59 59.32 15.7331
000625 32 26 58 67.823 11.0288
600557 29 29 58 43.9863 -7.5882
600549 30 27 57 2.8804 36.4644
002073 33 23 56 66.7301 14.4451
000046 29 27 56 -29.9951 95.4271
002001 29 27 56 39.7143 16.1307
600518 30 26 56 29.1616 30.494
600269 28 28 56 59.1575 13.6346
600143 29 26 55 15.6455 11.1298
600517 27 28 55 19.2455 5.88
000680 30 25 55 12.8342 -4.6723
600267 27 26 53 42.1921 5.7663
000911 26 27 53 59.4705 13.6704
002038 29 24 53 38.1456 -1.2028
600067 31 22 53 7.4706 77.9577
000686 24 29 53 31.3591 42.6335
002007 23 29 52 63.5773 44.2068
601808 23 29 52 0.806 13.6855
600858 23 28 51 35.3496 25.5639
600664 24 27 51 36.4414 14.0065
600963 24 27 51 25.0 7.3858
600737 26 25 51 41.5445 -4.4847
600657 25 25 50 -0.089 71.3864
002142 34 16 50 35.2668 38.6562
600316 22 28 50 54.2876 31.5304
600497 26 24 50 64.1444 9.5966
000059 29 21 50 35.9064 1.3189
000629 20 29 49 -5.454 -14.3305
000951 26 23 49 14.3371 6.7758
000759 25 24 49 35.8471 12.3935
000667 23 25 48 21.5052 46.8459
600219 22 26 48 27.7027 6.8199
600251 23 25 48 1.0736 -6.5043
000783 23 25 48 30.0544 17.0939
600068 22 26 48 18.968 12.0569
600498 27 20 47 64.1581 8.0974
600720 23 23 46 23.5714 18.0319
002022 21 25 46 24.7293 12.8469
600141 27 19 46 53.6928 -5.5677
600111 21 25 46 44.3918 2.8923
600150 22 23 45 23.9885 15.0134
600655 25 20 45 60.9541 22.1726
600376 23 21 44 -6.9943 80.2479
600060 26 18 44 121.9782 6.1524
000969 20 24 44 4.1225 29.6724
601333 20 24 44 -7.1952 23.913
600177 19 25 44 8.4454 42.0495
600598 21 23 44 17.8516 -3.8954
000488 22 22 44 9.8279 3.8822
600102 22 21 43 delist
600785 25 18 43 57.2853 28.3345
600096 21 21 42 7.216 -8.4895
600409 24 18 42 47.8559 -4.3565
002106 22 20 42 89.8833 7.9538
600663 20 22 42 -2.5303 5.2816
600216 19 23 42 35.4016 44.0214
600546 27 15 42 67.7561 99.3346
000729 24 18 42 23.995 12.8959
000616 21 21 42 -8.2557 57.0846
600183 24 18 42 48.9209 -1.0548
000028 19 22 41 48.8172 5.678
600320 17 24 41 -2.4528 15.9406
002092 25 16 41 64.7547 20.4977
600639 18 23 41 -8.0207 18.3321
600011 18 23 41 1.0178 -0.5134
600970 19 21 40 29.4253 22.8331
600809 22 18 40 81.5013 65.5067
600202 20 19 39 32.5827 -1.4787
000959 20 19 39 -1.2629 56.1224
600456 16 23 39 1.1905 17.0821
000762 18 21 39 -7.9089 18.5167
600631 17 22 39 delist
600635 18 21 39 -9.7046 11.0251
000758 22 17 39 -3.0625 40.3454
601866 20 18 38 2.6608 7.6167
000917 16 22 38 17.7001 -4.0025
600449 13 25 38 33.8721 6.3191
600188 19 19 38 47.5688 23.9269
000728 23 15 38 15.6895 12.5633
600239 20 18 38 10.8766 51.5189
002146 20 17 37 29.9247 79.7253
600718 18 19 37 26.2423 4.1225
600872 20 17 37 -11.6751 45.8647
002244 17 19 36 -5.1148 57.5012
600812 19 17 36 37.6471 -12.0457
600742 22 14 36 94.5139 12.4551
600622 20 16 36 8.9623 97.2039
600221 21 15 36 20.6897 9.5041
000926 16 19 35 16.474 49.4297
600881 22 13 35 13.076 1.0167
600058 15 20 35 6.4693 -1.4341
002123 18 17 35 30.0 16.9652
600693 17 18 35 32.537 -2.4354
000501 16 19 35 31.9459 56.8306
000027 13 21 34 19.0516 -6.3333
600475 16 18 34 3.5457 69.6827
600816 15 19 34 14.0219 -5.1422
000021 18 16 34 15.3984 63.5838
600704 21 13 34 84.1886 23.5426
600717 11 22 33 0.0805 3.7383
600966 16 17 33 31.0256 7.737
002008 16 17 33 30.3614 -5.9637
600516 16 17 33 22.6652 18.3168
600352 21 12 33 56.2244 14.0646
002056 17 16 33 21.7463 2.3127
600118 13 20 33 33.2966 -5.8564
600439 16 17 33 50.5155 -2.5974
000562 19 13 32 delist
002078 14 18 32 62.1176 19.6737
600478 16 16 32 -8.1798 6.3239
600499 15 17 32 91.6594 4.6934
002155 16 16 32 47.0826 16.9679
600508 14 18 32 37.5068 38.3164
600729 15 16 31 77.2398 22.9024
002064 17 14 31 100.6309 12.1604
600487 18 13 31 54.2471 22.7569
600315 17 14 31 49.0036 7.3943
600479 16 14 30 54.8387 -0.5306
000061 13 17 30 18.3291 24.0682
600570 15 15 30 76.8519 9.7782
600879 12 18 30 23.4953 12.1361
600052 16 14 30 -20.6501 98.2699
000707 15 14 29 41.9048 -7.1161
000635 16 13 29 51.9189 10.4567
002109 15 14 29 11.6445 11.9926
000822 14 15 29 9.8611 -6.3087
600308 12 17 29 30.323 13.5471
600062 16 13 29 17.9554 -1.073
600162 16 13 29 3.3998 53.4846
002152 15 14 29 25.6214 0.1031
002110 14 14 28 13.4213 89.2497
600425 13 15 28 82.0823 11.9617
002233 14 14 28 8.5205 12.4517
000987 14 14 28 44.3058 55.4517
600289 13 15 28 35.0245 -9.3912
600971 12 16 28 33.2283 48.1206
600178 17 11 28 58.5849 31.0388
000768 10 18 28 43.1648 4.747
002269 16 12 28 25.9033 0.8473
000877 13 15 28 64.9573 -9.5751
600027 14 14 28 3.2692 1.9685
600893 15 12 27 30.341 20.8145
000869 13 14 27 35.2669 21.6146
600535 14 13 27 34.6963 13.8071
600298 16 11 27 53.3333 38.5899
002091 12 15 27 18.941 9.9482
002154 15 12 27 77.7778 16.7789
000550 14 13 27 57.2568 8.4784
600066 15 12 27 63.0506 10.7931
000726 14 13 27 38.2979 6.7308
600161 10 17 27 17.6991 27.7558
600010 13 14 27 14.8088 12.2905
600725 17 9 26 63.1982 -12.3637
000961 22 4 26 35.5327 137.5176
600481 13 13 26 95.6602 34.038
600176 14 12 26 23.1378 -6.3232
600779 13 13 26 39.1859 22.5565
000581 14 12 26 75.0232 15.1715
600835 12 14 26 6.9566 9.5844
002121 15 11 26 31.4839 31.595
000417 14 11 25 69.9884 41.0182
600580 14 11 25 45.3312 7.254
600588 13 12 25 43.0196 9.6691
600750 16 9 25 50.5195 12.1763
600595 13 12 25 147.2883 19.6087
000006 13 12 25 -12.7791 55.3365
600522 13 12 25 36.4738 33.574
600521 11 14 25 86.6475 0.8446
600138 14 11 25 45.3965 5.7776
600688 14 11 25 32.0096 30.2067
002065 14 10 24 59.8349 18.8132
600486 13 11 24 20.8449 -0.3473
600674 13 11 24 -13.4615 -18.1088
000016 15 9 24 56.5442 1.8634
600087 14 10 24 delist
000897 13 11 24 3.5149 19.916
600804 10 14 24 29.4749 4.8664
000712 13 11 24 26.1354 52.8889
600038 12 11 23 33.2449 1.4139
000816 10 13 23 0.8 50.3112
600246 10 13 23 -9.0744 26.2687
600978 14 9 23 39.7482 27.4157
600408 13 10 23 15.7823 35.7218
002122 11 12 23 -0.3749 -13.7448
002191 12 11 23 29.8561 8.3095
600787 12 11 23 11.1239 10.9634
600169 10 13 23 24.5526 -14.0982
600736 9 14 23 33.9172 39.6708
000683 12 11 23 63.4378 -10.43
600590 15 8 23 31.5901 29.61
600380 12 10 22 81.6485 9.5834
000990 12 10 22 25.5411 6.7616
000826 10 12 22 35.7645 -7.0293
600685 10 12 22 21.1248 17.3828
600126 12 10 22 7.1806 28.2209
000927 11 10 21 69.2629 50.501
600559 12 9 21 99.6805 12.9121
000407 10 11 21 -6.8303 47.908
600533 8 13 21 -3.7885 42.8571
600569 9 12 21 25.4386 16.5375
600079 13 8 21 71.6364 26.5414
600416 10 11 21 17.1609 20.207
600122 12 9 21 32.0611 10.4811
600423 10 11 21 49.1579 -10.7211
000887 11 10 21 51.7518 -1.3531
002261 13 8 21 52.3229 7.6017
002045 11 10 21 57.5687 29.0441
600252 12 8 20 88.7544 46.3505
002029 12 8 20 49.2605 29.4605
600983 12 8 20 84.0146 12.9073
000540 12 8 20 15.1647 110.0254
600284 9 11 20 0.7983 15.7815
600193 9 11 20 26.8528 25.1969
002003 10 10 20 35.3165 -1.5426
002048 10 10 20 51.3978 30.6487
000829 13 7 20 113.2166 31.1301
600594 10 10 20 60.4484 2.765
600761 9 11 20 34.9478 -3.0136
000910 12 7 19 33.0211 37.5817
600616 8 11 19 6.7302 44.3881
000963 10 9 19 42.9681 5.2676
600703 10 9 19 84.3117 16.7991
600236 7 12 19 2.745 -1.7566
000860 7 12 19 45.5519 -4.5199
600831 9 10 19 10.3491 11.9095
600832 9 10 19 delist
600801 8 11 19 -1.2884 8.3628
002083 9 10 19 -8.0731 11.5778
000418 10 8 18 69.5249 27.8184
600075 9 9 18 25.8667 -2.3077
000537 10 8 18 60.9921 68.8889
000566 11 7 18 44.2076 -13.36
600329 8 10 18 19.2711 34.1114
600863 8 10 18 48.723 14.4144
600523 10 8 18 27.3667 -5.8749
600525 10 8 18 46.0449 9.0629
000698 11 7 18 9.893 -4.1662
600683 10 8 18 7.3427 67.2439
600354 8 10 18 48.4056 0.2463
600063 9 9 18 22.9084 45.5321
000513 11 7 18 46.0886 42.0939
600391 9 9 18 16.4246 1.093
600467 10 8 18 40.0 2.3495
000650 12 6 18 50.2516 25.9607
600022 10 8 18 12.1277 16.3903
000876 12 6 18 29.5113 13.1004
000655 11 7 18 17.2528 20.3358
600584 13 5 18 79.3033 12.7854
000848 9 8 17 60.6577 3.5833
601788 11 6 17 -4.6446 -200.0
000690 8 9 17 13.8815 -8.4402
002241 8 9 17 98.4925 -8.7647
002068 11 6 17 117.0496 24.5132
600866 11 6 17 113.289 20.7171
000039 10 7 17 33.4012 20.3239
600628 10 7 17 40.0081 17.827
002179 8 9 17 25.791 4.1226
600410 9 8 17 30.8166 5.3522
600295 10 7 17 6.7881 -2.1559
002161 8 9 17 39.3495 32.8827
600697 9 8 17 35.9772 22.3975
600607 5 12 17 delist
001696 10 7 17 88.7879 9.1449
600502 8 9 17 105.9486 38.5
600754 9 7 16 26.3807 38.6314
600537 12 4 16 333.9374 23.1076
600109 8 8 16 7.6203 28.7366
000965 11 5 16 25.624 49.5704
600867 6 10 16 11.9694 -3.7619
600563 10 6 16 63.6183 -2.6663
600282 8 8 16 3.5714 48.8027
600823 9 7 16 14.1878 48.1152
600770 8 8 16 22.0099 11.8685
002266 7 9 16 19.6925 3.2717
600884 8 8 16 17.9595 -9.5152
002041 9 7 16 68.5507 4.8199
600503 8 8 16 -2.8818 52.2976
002115 9 6 15 57.7982 7.4316
002147 6 9 15 -1.737 -12.7937
600007 8 7 15 2.6756 34.6425
600886 6 9 15 -8.209 4.7815
600125 9 6 15 38.4906 6.0452
600438 7 8 15 5.8468 -9.1727
600230 7 8 15 49.5502 -12.6081
601888 9 6 15 22.5995 -200.0
002194 8 6 14 35.9854 -2.0049
002025 9 5 14 26.6857 13.6808
600386 7 7 14 27.6224 4.9579
000584 9 5 14 57.0236 20.3661
600322 7 7 14 5.5 23.3215
600351 5 9 14 43.3849 20.917
600151 7 7 14 -8.8678 27.2247
000919 8 6 14 44.8037 16.3014
600361 9 5 14 -2.645 25.1288
000671 8 6 14 -11.4815 171.3816
600702 6 8 14 42.9681 43.8055
000952 6 8 14 30.8182 -8.6399
000786 8 6 14 34.7009 38.002
000601 7 7 14 14.8601 58.2418
000608 7 7 14 15.528 77.7193
002133 7 7 14 -0.4082 75.9144
600644 8 6 14 -9.3184 4.9341
600686 7 7 14 22.7069 14.6225
600299 6 8 14 15.0847 -18.0783
600261 6 8 14 44.1154 -7.4904
000755 8 6 14 20.098 -8.0283
600840 8 6 14 delist
000893 8 6 14 51.2055 4.0726
000767 7 6 13 29.8206 12.0205
600327 8 5 13 60.7623 25.2601
000539 5 8 13 10.3318 3.2164
002254 9 4 13 46.0721 0.8637
000862 7 6 13 15.7686 -8.2078
002172 6 7 13 65.6527 -2.9114
600961 7 6 13 19.8813 62.9766
002215 6 7 13 80.4892 0.2672
600500 5 8 13 -1.412 23.905
600339 6 7 13 32.6503 4.7039
600170 6 7 13 -8.0309 32.6766
000089 7 6 13 -6.125 17.85
600185 7 6 13 63.9949 17.1091
600139 5 8 13 103.936 62.5075
000656 10 3 13 36.4421 118.3521
000410 7 5 12 45.1282 -1.9084
600388 4 8 12 63.7577 4.5723
600201 4 8 12 4.1711 6.7292
601002 6 6 12 3.7958 8.8193
600589 6 6 12 24.1546 20.8985
002140 7 5 12 69.9187 25.9719
002063 7 5 12 71.3318 19.2247
600240 5 7 12 13.8462 36.2292
002129 7 5 12 -3.1915 -12.3565
002011 6 6 12 41.7427 10.1191
600995 5 7 12 8.6957 -0.7378
600529 6 6 12 25.5462 11.3909
600485 7 5 12 20.5718 -14.3538
000823 7 5 12 46.4795 -1.1019
000761 7 5 12 -8.8918 27.5479
002267 6 6 12 23.3037 44.7264
600496 6 6 12 46.1728 -0.1713
000548 6 6 12 32.3179 22.9488
600268 6 6 12 20.0256 25.1271
000014 6 6 12 0.896 38.4007
002080 7 5 12 27.758 2.8948
600482 5 7 12 -11.2593 -1.9172
600780 6 5 11 10.017 25.8333
600097 6 5 11 21.9496 -4.0385
600392 7 4 11 13.1291 73.8346
000949 6 5 11 57.0485 21.1382
600612 3 8 11 50.7941 46.5097
600973 5 6 11 13.3903 10.0575
002088 5 6 11 38.9056 10.7864
000708 6 5 11 50.6815 22.7433
002200 6 5 11 52.7689 -1.8706
600869 7 4 11 17.3422 23.0644
600713 8 3 11 36.8272 1.6069
000597 4 7 11 24.7867 7.3389
000989 8 3 11 37.4398 -2.4319
000679 5 6 11 -0.9548 48.0406
600004 5 6 11 5.4126 6.6519
000042 5 6 11 23.3702 48.6708
000903 5 6 11 36.1638 13.4649
600064 3 8 11 28.2905 30.1758
002018 6 5 11 29.3878 -20.6755
600527 4 7 11 17.3776 6.2239
600337 7 4 11 47.1875 8.5386
002081 6 5 11 65.6836 2.4701
002104 7 4 11 110.0498 37.6052
000899 4 7 11 42.3242 12.766
600724 4 6 10 5.83 45.6556
000886 4 6 10 36.9458 27.3846
000962 5 5 10 18.9687 0.3672
000525 4 6 10 7.7629 -8.0588
002032 5 5 10 39.1304 8.3315
600468 5 5 10 7.764 112.6354
600280 5 5 10 53.6575 62.4113
600827 5 5 10 56.8204 12.775
600825 4 6 10 -0.5906 15.5371
600829 4 6 10 11.0365 20.4068
601727 5 5 10 -9.1163 34.2963
600132 6 4 10 19.1489 -4.3529
600258 4 6 10 44.1121 2.5672
000739 5 5 10 13.2503 52.0245
000789 5 5 10 -6.5163 1.6731
600173 6 4 10 59.8098 62.2226
002187 6 4 10 19.3182 30.8231
000541 4 6 10 29.2289 16.29
002208 4 6 10 50.2098 53.8946
000636 5 5 10 40.2157 26.4529
600121 5 5 10 49.0058 37.5035
600390 5 5 10 2.3396 -0.0867
000652 5 5 10 8.4762 7.1429
600160 5 5 10 23.646 13.1005
600803 5 5 10 27.899 1.7794
002015 5 5 10 31.5789 26.2342
600509 4 6 10 -2.5016 13.8173
000973 5 5 10 13.0489 47.5836
600805 7 3 10 93.6585 28.0488
000972 4 5 9 36.5821 5.1136
600159 4 5 9 47.576 78.2548
000793 4 5 9 41.5323 14.0175
000799 4 5 9 37.7686 42.1437
002128 4 5 9 5.3735 131.0907
002204 3 6 9 4.5977 10.7239
000888 5 4 9 31.5374 12.0069
600782 5 4 9 4.6729 43.3669
600740 6 3 9 13.5758 26.4241
000159 3 6 9 31.0754 -1.8774
002214 3 6 9 72.2961 0.3816
002182 4 5 9 19.8212 3.0662
600056 7 2 9 91.1462 13.8583
000861 5 4 9 21.6165 30.5368
002165 5 4 9 71.2346 7.3387
600085 5 4 9 26.4677 5.1218
600641 3 6 9 -6.3913 35.6268
000939 5 4 9 95.0658 19.6787
600018 6 3 9 -0.1721 -0.8891
000685 4 5 9 23.1511 35.3652
002223 3 6 9 50.3294 23.5574
600844 4 5 9 52.5122 -0.1074
600606 4 5 9 1.9076 46.7275
600830 4 5 9 48.366 4.5787
000875 4 5 9 17.8808 8.4746
600238 5 3 8 46.5501 33.0178
002052 4 4 8 14.2226 5.8095
600072 4 4 8 8.9736 0.1094
600078 4 4 8 10.567 -6.6047
600986 4 4 8 15.9292 -1.9178
000901 3 5 8 10.4839 29.065
601003 5 3 8 38.4488 28.3673
000948 5 3 8 38.8298 -15.0417
600551 4 4 8 29.5862 10.5859
000066 3 5 8 44.1361 127.5424
002242 5 3 8 7.2442 5.0432
600611 4 4 8 -9.3284 53.7734
600755 5 3 8 25.826 6.1992
002148 6 2 8 58.9862 18.1929
002097 4 4 8 20.8262 9.3552
000563 4 4 8 9.8056 8.7068
002037 4 4 8 57.1429 4.7294
000531 4 4 8 32.6748 56.8047
000599 3 5 8 44.8166 61.2346
600480 4 4 8 25.7089 -1.8832
000828 4 4 8 31.3458 18.6693
600420 5 3 8 48.4144 21.6398
600006 4 4 8 42.6195 17.5232
002010 3 5 8 63.595 20.0461
000301 4 4 8 12.9032 21.9156
600962 3 5 8 17.4417 3.4101
600707 7 1 8 122.7687 13.278
600088 3 5 8 3.0007 23.4651
002183 2 6 8 23.1646 -12.091
000559 4 4 8 2.1164 12.8913
000918 4 4 8 5.5227 216.4151
600017 3 5 8 4.8558 7.5318
600543 3 5 8 17.4391 -5.5753
600765 5 3 8 29.7163 -7.6503
000090 4 3 7 54.5925 76.8889
600470 3 4 7 36.7975 -0.1892
000996 3 4 7 114.8287 -3.8164
600378 3 4 7 17.5 25.8186
600328 3 4 7 11.8519 2.6581
000560 3 4 7 31.1422 40.0
601872 3 4 7 -2.5329 0.6969
600791 3 4 7 7.1429 33.8652
000596 4 3 7 97.8463 50.0
600359 4 3 7 132.4053 3.5006
000850 3 4 7 -7.6327 34.8232
600281 3 4 7 52.0492 42.6263
600488 3 4 7 27.2849 -7.5814
002251 2 5 7 10.1881 15.4434
000731 5 2 7 16.25 3.0424
600815 5 2 7 12.2421 -6.4651
002217 4 3 7 50.0489 -8.4703
002132 4 3 7 61.7312 17.7219
600198 3 4 7 83.7488 9.081
600223 6 1 7 35.6987 49.7638
000589 4 3 7 84.2268 54.6574
600839 5 2 7 38.5972 6.0268
000543 3 4 7 15.1478 1.9753
000088 4 3 7 10.0662 7.4999
600350 3 4 7 -5.7874 10.2913
600888 4 3 7 22.1445 19.9286
600491 4 3 7 93.495 27.6091
600129 4 3 7 35.857 16.1452
000837 4 3 7 57.6816 10.9737
600469 3 4 7 50.0995 13.851
000619 4 3 7 44.4327 30.3738
600112 4 3 7 38.839 25.763
000572 4 3 7 28.2243 7.3922
000978 3 4 7 20.0596 6.013
600790 2 4 6 28.9958 51.1111
000925 3 3 6 84.3054 6.0187
000043 3 3 6 -0.7595 56.9122
002236 4 2 6 69.0726 0.1601
600555 3 3 6 -8.9899 98.3725
600531 3 3 6 37.573 12.1108
000815 3 3 6 -4.4677 2.6012
600199 1 5 6 165.4962 27.5248
600719 3 3 6 2.2646 48.4095
600090 4 2 6 -4.3704 71.5064
600662 3 3 6 30.0588 9.6721
000912 2 4 6 -3.8251 4.4999
600366 2 4 6 39.4187 47.5531
002033 3 3 6 31.5289 0.7361
600826 3 3 6 11.3983 5.1796
600436 3 3 6 57.8081 4.3993
600636 2 4 6 25.8149 3.0626
000988 3 3 6 48.6171 52.9981
002258 3 3 6 23.4322 53.1264
600626 3 3 6 17.2214 37.5211
600317 3 3 6 42.4399 43.8323
600255 3 3 6 -3.125 13.386
000735 3 3 6 35.3846 6.8558
002138 3 3 6 54.7819 17.6829
600197 3 3 6 57.2455 11.6087
600054 4 2 6 18.4627 -0.8739
002004 4 2 6 127.1934 -8.5524
002005 3 3 6 38.5922 49.2405
002006 3 3 6 4.612 17.8261
600458 5 1 6 33.3333 18.2545
600227 2 4 6 25.8031 8.356
600889 3 3 6 45.9701 48.4783
600127 3 3 6 31.0078 0.1577
600993 5 1 6 74.5902 58.384
600396 3 3 6 -5.6338 10.6485
000727 3 3 6 54.1219 9.6579
000831 3 3 6 20.7026 24.4548
000830 3 3 6 24.3954 5.9794
000617 3 3 6 15.6143 50.4386
600082 3 3 6 -6.5375 45.0721
600184 4 2 6 5.0831 19.8683
600501 3 3 6 23.6142 16.8704
600723 3 2 5 28.3353 47.6575
600894 2 3 5 27.6316 43.8914
000068 2 3 5 65.3608 26.7218
002055 1 4 5 96.3918 15.6137
000530 2 3 5 9.7589 29.0644
000536 3 2 5 36.5211 62.8176
600572 2 3 5 50.1814 15.0089
600360 3 2 5 30.9441 1.9643
002238 2 3 5 45.8735 -1.6672
600553 2 3 5 delist
600619 3 2 5 41.1854 10.473
600033 3 2 5 -2.6549 14.235
600824 3 2 5 48.2484 11.7339
600098 2 3 5 11.2782 10.3812
002206 3 2 5 75.7089 22.0169
600326 3 2 5 49.7942 55.3756
601618 3 2 5 -21.902 -200.0
000522 3 2 5 delist
600446 4 1 5 42.0208 3.7884
600210 2 3 5 39.6092 25.1245
600828 2 3 5 27.4376 9.8644
600283 2 3 5 15.8974 11.3419
600135 4 1 5 77.1174 -3.6075
600897 3 2 5 14.9968 1.1426
600507 2 3 5 13.0542 99.7442
000514 2 3 5 -12.7249 68.2976
600303 1 4 5 54.9569 17.1551
600510 2 3 5 29.106 52.2424
600896 3 2 5 -9.5142 23.414
600797 3 2 5 25.9344 21.8341
600300 2 3 5 57.4349 34.4058
600422 4 1 5 63.8889 4.7002
600861 2 3 5 10.2972 17.7709
002089 4 1 5 38.326 40.0022
600597 2 3 5 33.8483 13.099
000713 3 2 5 31.2 -6.346
002019 3 2 5 51.2535 -0.9292
600237 3 2 5 39.6825 16.2946
002304 3 2 5 29.6667 -200.0
600806 3 2 5 42.877 -5.6351
600259 2 2 4 -17.0551 17.6652
000158 2 2 4 66.4286 25.5914
600575 2 2 4 38.0563 133.8676
000820 2 2 4 18.2731 48.0556
600379 2 2 4 54.633 -10.1426
600373 3 1 4 69.5652 46.371
600382 2 2 4 25.9574 6.7657
000900 2 2 4 61.8457 23.1383
601005 2 2 4 7.9482 11.72
002230 1 3 4 66.8511 9.2642
600587 2 2 4 23.6101 26.2346
600039 2 2 4 13.4518 12.2563
600836 2 2 4 12.8475 1.5328
600571 3 1 4 38.0618 28.5968
000790 2 2 4 5.767 -18.1043
000795 2 2 4 31.8255 56.7089
600323 2 2 4 27.8568 -3.7563
600665 2 2 4 2.9848 46.6177
000532 2 2 4 10.7817 15.873
002218 2 2 4 -16.4496 63.519
002255 2 2 4 115.8285 21.4579
002253 2 2 4 36.0105 9.4565
600330 2 2 4 18.5039 2.3717
600311 2 2 4 2.0017 -0.5042
002153 2 2 4 0.5488 15.0469
000821 2 2 4 21.7314 49.7283
000419 2 2 4 13.7771 15.3148
000552 1 3 4 9.4444 99.99
600008 2 2 4 8.3832 5.229
000600 2 2 4 5.6402 -1.5467
601588 2 2 4 -3.4202 36.3425
600677 2 2 4 24.4071 16.476
600192 2 2 4 -0.5714 12.3711
600190 2 2 4 -10.0592 21.4639
000516 2 2 4 18.6205 80.8523
600459 2 2 4 19.0198 1.1131
600228 2 2 4 15.0266 38.3929
000100 2 2 4 32.2165 6.6667
600357 3 1 4 delist
600059 2 2 4 30.3476 11.9697
600069 3 1 4 31.7039 29.9817
002042 3 1 4 43.1124 39.741
600640 1 3 4 -6.963 7.9404
600865 2 2 4 31.2741 32.1606
000748 2 2 4 25.4878 17.2338
002084 2 2 4 40.7862 12.7853
600021 2 2 4 13.7255 14.6993
600119 2 2 4 47.7477 -0.7418
600343 2 2 4 25.9455 12.1495
000659 1 3 4 33.9041 12.483
600318 2 2 4 11.2022 11.2828
002271 2 1 3 101.9806 -1.0971
002054 1 2 3 134.3262 14.0124
600157 2 1 3 81.3358 20.9329
600658 2 1 3 27.902 55.5008
000151 1 2 3 19.548 42.0974
002023 2 1 3 76.4023 29.0081
600987 1 2 3 62.5678 13.326
000997 1 2 3 120.649 3.9877
002036 1 2 3 25.8958 -5.0998
600277 2 1 3 -3.1189 68.2105
000506 2 1 3 7.0404 -200.0
600552 1 2 3 114.8438 12.8238
600615 1 2 3 13.6194 14.3316
000766 2 1 3 64.2086 35.4167
002060 1 2 3 18.799 -2.7533
002067 1 2 3 17.338 30.7359
600321 1 2 3 25.1706 -11.9478
000966 1 2 3 -1.4652 4.8096
600810 1 2 3 100.6349 9.6831
002203 2 1 3 9.5131 29.0229
601989 2 1 3 -5.9036 -200.0
002085 2 1 3 43.3414 49.9465
000811 1 2 3 31.008 0.8991
002100 1 2 3 55.3621 32.58
002301 3 0 3 24.8227 -200.0
000533 1 2 3 64.9926 42.3077
600435 1 2 3 22.0888 5.3355
000777 2 1 3 11.422 -2.049
002250 2 1 3 106.1069 26.2953
600744 1 2 3 11.8677 1.3917
002050 3 0 3 52.6816 -8.0594
600189 2 1 3 19.0483 6.8354
002177 1 2 3 37.2011 22.2874
600133 2 1 3 59.6517 25.8065
002212 1 2 3 9.039 7.1694
601999 1 2 3 1.7349 21.9209
600306 2 1 3 5.7369 20.7273
600682 2 1 3 30.6007 -0.6936
600777 2 1 3 10.4762 67.4603
600778 1 2 3 39.9758 10.3258
600638 1 2 3 23.2666 13.785
002264 2 1 3 20.1726 48.5245
002074 1 2 3 23.3333 -0.6316
002164 1 2 3 20.0398 27.0978
002163 1 2 3 12.2957 26.0255
600643 2 1 3 -12.4811 39.7679
000665 1 2 3 42.1394 12.1547
600540 2 1 3 30.1803 10.4803
002227 1 2 3 1.0619 2.0626
600591 2 1 3 delist
600163 1 2 3 23.6239 -7.5314
002156 2 1 3 55.7012 23.5674
002017 1 2 3 84.6341 35.635
600110 1 2 3 4.3539 36.5839
000970 2 1 3 21.6645 -4.1306
600346 2 1 3 20.9895 49.4279
000715 1 2 3 14.8486 23.3333
002275 1 1 2 -22.0494 -200.0
000150 1 1 2 19.0691 50.1109
000096 1 1 2 15.4223 28.0603
600845 1 1 2 32.1608 24.5916
002051 1 1 2 36.6076 17.8528
002117 1 1 2 42.0259 18.4357
000026 1 1 2 50.7675 6.7248
600158 1 1 2 -14.9921 -5.2632
300002 1 1 2 2.2352 -200.0
000099 1 1 2 8.8659 50.0
600651 1 1 2 47.8939 16.9657
600650 1 1 2 18.2427 11.5748
600074 1 1 2 8.9655 8.2707
002211 1 1 2 60.4676 6.343
600375 1 1 2 76.5403 38.6987
000553 1 1 2 -0.358 2.1509
600389 1 1 2 5.9176 -14.7131
600576 1 1 2 14.0446 149.76
600578 1 1 2 -0.297 10.9828
600363 1 1 2 35.7746 8.9674
000998 2 0 2 22.9718 -1.9463
601008 1 1 2 3.7736 30.4405
600290 2 0 2 -3.4317 7.9723
600738 1 1 2 18.9258 15.9021
000040 1 1 2 -1.6438 13.037
600758 1 1 2 24.9776 49.3188
000885 1 1 2 10.7199 31.123
600558 1 1 2 23.5062 22.5508
000880 1 1 2 32.1513 68.2058
002062 2 0 2 17.7817 11.4959
002061 1 1 2 24.0283 50.0678
600536 1 1 2 -11.2558 34.0782
002094 1 1 2 33.0372 6.0914
600105 1 1 2 50.1362 25.1309
600107 1 1 2 38.3784 4.2816
600106 1 1 2 21.598 13.9005
600243 1 1 2 -0.1196 18.3792
000812 1 1 2 30.5019 41.0995
000565 1 1 2 25.6429 -4.8699
000564 1 1 2 24.885 22.5806
000567 1 1 2 4.0195 52.6802
600120 1 1 2 47.4006 17.4801
600108 1 1 2 10.9615 5.4167
002207 1 1 2 -1.8684 108.2131
000022 2 0 2 8.1554 16.5833
600710 1 1 2 5.4226 24.0166
600687 1 1 2 17.0306 40.2757
002099 1 1 2 40.4734 4.5775
002286 1 1 2 49.452 -200.0
002108 1 1 2 119.4378 32.9838
002107 1 1 2 4.4515 36.9946
600145 1 1 2 -6.1684 122.9885
002296 1 1 2 91.9822 -200.0
600668 1 1 2 16.3732 31.3176
002190 1 1 2 26.2651 12.647
000521 1 1 2 110.08 27.673
600365 1 1 2 45.197 31.2893
600367 1 1 2 4.973 6.2937
002039 1 1 2 21.4521 -6.0444
600444 1 1 2 -1.423 -9.0749
600358 1 1 2 25.6863 9.2473
600562 1 1 2 -0.6597 296.1019
000595 1 1 2 32.9588 -2.0253
600211 1 1 2 30.8797 38.0421
000985 1 1 2 6.5233 31.0987
000534 1 1 2 20.5706 12.9378
600285 2 0 2 51.5 5.6757
002169 1 1 2 24.8247 37.6459
600377 1 1 2 15.382 10.034
600731 1 1 2 32.8947 21.4286
000511 1 1 2 18.6253 24.4949
002252 1 1 2 42.1234 1.1109
600621 1 1 2 -0.6837 39.9689
000503 1 1 2 62.2642 6.8429
002170 1 1 2 22.2619 6.0162
000415 1 1 2 23.7171 5.2317
600967 1 1 2 22.0039 3.1403
601299 1 1 2 delist
600577 1 1 2 31.7512 1.6248
000785 1 1 2 38.404 31.672
000788 2 0 2 71.861 32.1689
600476 1 1 2 3.6283 39.467
601991 1 1 2 9.2995 11.9337
000602 1 1 2 delist
000606 1 1 2 39.9103 31.9058
000609 1 1 2 -3.1452 8.2508
600874 1 1 2 16.6803 -1.5291
600676 1 1 2 38.7043 16.0726
600175 1 1 2 67.8481 50.9124
000428 1 1 2 26.8148 -7.0544
002009 1 1 2 24.1012 -10.2752
600452 1 1 2 27.1357 16.9584
000802 1 1 2 31.3096 7.1563
600673 1 1 2 1.6189 40.2222
000938 1 1 2 9.4752 -1.6535
000905 1 1 2 -14.3255 3.7155
000558 1 1 2 -3.5194 46.9244
002310 2 0 2 -4.824 -200.0
000935 1 1 2 32.4419 -5.692
000420 1 1 2 35.5769 21.5569
002268 1 1 2 84.1917 8.7009
002262 2 0 2 43.7117 12.3004
002265 1 1 2 45.2292 2.8758
600883 1 1 2 23.4875 27.5974
002046 1 1 2 20.3659 4.8917
600749 1 1 2 36.5957 16.2712
600128 1 1 2 30.0578 -4.5915
600340 1 1 2 97.5852 17.7258
600990 1 1 2 84.2589 32.7102
600648 1 1 2 5.7441 10.7564
000426 2 0 2 53.3467 76.7025
000975 1 1 2 11.7735 56.2222
000930 1 1 2 52.381 10.8411
600399 1 1 2 17.2119 36.0558
000720 1 1 2 -1.8 16.9412
600862 1 1 2 39.1586 27.0636
600051 1 1 2 53.034 16.5742
002226 2 0 2 78.9336 46.1106
600115 1 1 2 15.5722 -8.5763
600848 1 1 2 2.2945 6.2105
600466 1 1 2 11.1808 32.7422
600691 1 1 2 28.7952 49.4505
002087 1 1 2 33.9147 9.6959
600592 2 0 2 28.8671 33.0239
000070 1 1 2 29.1173 32.9787
600233 1 1 2 86.7713 42.5376
000697 1 1 2 26.5201 29.4498
600168 1 1 2 32.577 15.4768
002014 2 0 2 51.3356 6.4404
002012 1 1 2 22.992 11.0983
002158 2 0 2 57.2856 6.3242
600333 1 1 2 64.1562 25.7956
000578 2 0 2 delist
000571 1 1 2 14.8936 23.7624
002082 1 1 2 64.6922 14.5504
600802 1 1 2 0.3817 13.2353
000507 1 1 2 21.5938 15.6761
600137 1 1 2 30.2041 7.0381
000155 0 2 2 4.3073 17.0186
002232 0 2 2 7.9701 16.4142
002292 0 2 2 3.7607 -200.0
600760 0 2 2 25.8258 26.5038
002273 1 0 1 49.5137 -6.6492
002026 1 0 1 79.1377 11.7519
002228 1 0 1 39.9645 17.5078
000598 1 0 1 15.2575 56.9859
002239 1 0 1 66.0606 2.4699
002066 1 0 1 39.5231 33.4118
600460 1 0 1 90.3716 6.0823
002095 1 0 1 40.5703 43.7816
000404 1 0 1 30.5556 34.127
600695 1 0 1 2.3448 22.9508
600864 1 0 1 25.8749 8.8639
002291 1 0 1 7.4842 -200.0
000036 1 0 1 31.8548 73.0
002293 1 0 1 17.9546 -200.0
002294 1 0 1 33.7302 -200.0
002197 1 0 1 33.6202 14.6958
000526 1 0 1 51.0857 29.4385
002035 1 0 1 51.2195 6.9149
601139 1 0 1 10.6131 -200.0
600077 1 0 1 63.8122 31.0786
600310 1 0 1 42.7548 15.0704
002320 1 0 1 5.897 -200.0
002329 1 0 1 -200.0 -200.0
600186 1 0 1 55.6962 18.2891
000967 1 0 1 47.52 22.4371
002249 1 0 1 36.6667 57.1845
600287 1 0 1 18.5339 33.4579
002139 1 0 1 31.6839 8.2537
600179 1 0 1 2.5602 11.4671
002002 1 0 1 58.606 62.7685
300027 1 0 1 -21.7201 -200.0
002315 1 0 1 -4.1563 -200.0
600270 1 0 1 6.4165 -3.1136
002049 1 0 1 29.4725 25.7355
002331 1 0 1 -200.0 -200.0
002235 1 0 1 33.9511 3.2536
600545 1 0 1 41.1565 29.3484
000723 1 0 1 23.5336 -11.3267
000725 1 0 1 0.5803 17.7829
002225 1 0 1 46.9553 21.0188
002221 1 0 1 35.5972 20.4042
002126 1 0 1 60.7282 9.7666
002157 1 0 1 31.7634 7.9185
002159 1 0 1 77.1712 13.3333
000909 1 0 1 92.2006 40.5941
002299 1 0 1 -4.6476 -200.0
002243 0 1 1 57.5024 52.3988
002281 0 1 1 11.4804 -200.0
600095 0 1 1 28.4906 23.6659
600629 0 1 1 3.6842 -13.3243
600985 0 1 1 28.2879 31.6206
600969 0 1 1 18.6441 30.2098
600783 0 1 1 31.9398 -5.1879
600857 0 1 1 17.7536 6.3828
600855 0 1 1 25.2326 41.5064
000611 0 1 1 13.0053 14.4628
600035 0 1 1 0.5027 13.7295
002096 0 1 1 108.7108 39.8421
600101 0 1 1 26.8398 23.5507
300004 0 1 1 -2.7081 -200.0
300001 0 1 1 -4.0 -200.0
600405 0 1 1 18.8335 13.6232
300020 0 1 1 9.8352 -200.0
002093 0 1 1 21.48 7.0
002151 0 1 1 11.8656 19.5984
000569 0 1 1 delist
600561 0 1 1 10.1664 24.9119
002321 0 1 1 -12.8684 -200.0
002328 0 1 1 1.4908 -200.0
300010 0 1 1 -2.8444 -200.0
000780 0 1 1 22.4457 33.9093
300015 0 1 1 -5.973 -200.0
002131 0 1 1 27.0068 23.496
600505 0 1 1 54.8006 38.6364
000515 0 1 1 delist
300029 0 1 1 7.8177 -200.0
002311 0 1 1 -1.3403 -200.0
600834 0 1 1 36.4316 18.2094
000760 0 1 1 -2.7397 84.188
000936 0 1 1 49.5677 47.0122
002044 0 1 1 33.887 25.0991
600495 0 1 1 4.7595 1.9518
600490 0 1 1 11.6552 58.5174
600991 0 1 1 delist
000663 0 1 1 13.2765 13.3515
000661 0 1 1 64.532 -0.6053
300005 0 1 1 -13.7807 -200.0
002220 0 1 1 35.6573 3.8122
002069 0 1 1 77.8778 4.1948
002324 0 1 1 12.4026 -200.0
002305 0 1 1 -7.5142 -200.0
