600030 187 184 371 58.8552 -27.4233
600036 177 158 335 84.2928 -30.9875
601318 191 126 317 88.6346 -19.5948
000002 173 125 298 97.0562 -1.2251
600050 131 136 267 37.4749 -8.0439
600000 140 124 264 143.9151 -15.1729
600016 170 84 254 97.5123 -21.124
601166 132 86 218 155.9354 -11.1382
600048 108 95 203 152.9842 -3.0303
000001 102 95 197 129.6842 -17.681
601088 99 92 191 72.1773 -35.962
600028 94 95 189 52.1349 -34.2697
601601 114 67 181 104.0943 -32.769
600837 103 67 170 99.0015 -62.3141
000983 82 80 162 160.2426 -7.3868
601628 80 75 155 49.5974 -26.1679
600005 72 78 150 65.6411 -36.5206
600383 80 69 149 217.5446 7.6033
600519 71 77 148 36.239 -17.5828
601398 75 71 146 57.18 -18.6207
000157 80 63 143 94.0052 -23.9973
600031 77 64 141 106.4381 -13.7846
601939 81 59 140 59.4722 -17.0275
000024 72 63 135 145.6525 -1.5754
601186 49 86 135 3.7298 7.265
600089 50 80 130 14.9048 44.2029
601328 88 40 128 96.6505 -20.7358
600348 68 60 128 201.1905 -24.9807
000792 54 68 122 -10.3519 -34.3879
600739 74 48 122 154.7692 -29.5072
002024 50 71 121 33.7505 2.931
601169 77 40 117 78.8779 10.136
000063 57 59 116 39.2783 -8.9082
600015 60 52 112 68.4718 -13.0383
601699 54 51 105 213.3565 -26.2692
600585 57 48 105 64.2237 -1.1437
601919 51 52 103 77.6178 -49.6982
601390 51 51 102 25.2768 -6.3903
000937 56 45 101 161.3679 -37.1352
000060 56 44 100 166.6253 -25.2157
600019 48 52 100 53.3288 -36.1761
000568 51 48 99 61.1773 -30.0
601899 58 41 99 115.9962 6.4302
000898 49 49 98 94.0268 -21.0227
601168 58 39 97 142.1814 -26.1737
000651 51 45 96 65.3774 4.5161
600550 46 48 94 81.2306 -1.6098
000402 51 41 92 83.5512 -12.5287
601666 44 48 92 206.0992 -29.5313
000623 56 35 91 113.029 -28.1538
000069 52 39 91 163.1939 -14.5246
601857 49 39 88 43.96 -20.7944
601006 29 57 86 32.375 -37.8295
000858 51 35 86 43.907 -20.1198
600547 35 51 86 146.8182 28.5336
600325 51 31 82 149.3322 -7.3705
600309 35 45 80 63.6735 -21.4454
600900 28 50 78 -3.9721 0.0
000800 38 40 78 114.4444 5.5882
000933 39 38 77 120.9802 -35.468
000878 37 38 75 158.4431 -38.0805
002202 35 39 74 74.8151 22.0986
000825 51 22 73 108.6957 -30.8936
600875 37 34 71 32.6739 15.0521
600583 31 35 66 17.5524 -3.4854
600029 37 29 66 63.7462 -13.5501
600895 32 33 65 56.6574 7.535
600026 32 31 63 61.8265 -35.1115
000527 40 22 62 delist
601001 32 29 61 217.452 -33.2549
601766 20 41 61 21.6092 23.1429
000012 26 35 61 89.7094 -18.6603
601009 39 21 60 116.2194 -14.475
000709 36 23 59 90.7317 -18.9011
600428 26 33 59 59.7843 -32.2751
600104 34 24 58 181.0768 -21.4076
601898 29 28 57 88.1098 -44.7952
000425 38 19 57 116.4042 -3.7748
600362 34 22 56 225.6286 -33.3333
600887 31 25 56 86.0553 -13.7931
600795 26 29 55 27.8899 -11.3057
000839 30 25 55 148.1151 -36.0515
600331 29 26 55 203.2443 -29.3629
600123 33 21 54 196.0816 -34.0532
000009 31 19 50 185.0962 22.8395
600100 17 32 49 54.3137 -13.577
000629 19 29 48 -10.6127 14.0373
000338 32 15 47 103.5196 -26.0457
000895 25 22 47 7.7776 25.3818
000401 21 25 46 39.2533 29.9213
000960 27 19 46 129.7613 -33.1918
600808 27 18 45 47.1125 -27.088
600153 21 23 44 112.069 14.7482
600748 24 20 44 173.851 -27.9481
600694 22 22 44 82.5724 -6.8948
600395 22 21 43 143.229 -11.1279
600426 16 26 42 60.0151 -8.1385
601808 15 26 41 34.3837 -23.1416
601988 26 14 40 55.4114 -18.8525
600415 19 21 40 50.1206 23.6036
600690 19 21 40 47.9911 -1.3172
600660 19 20 39 104.2289 -35.1667
600009 12 27 39 35.689 -35.2299
601111 21 18 39 68.75 -32.6765
600586 18 20 38 173.2252 -11.6022
600741 22 15 37 153.125 -27.9279
600276 15 21 36 8.9884 9.6526
600489 10 26 36 287.8212 10.5045
600880 13 23 36 62.9566 8.3401
600635 19 17 36 92.1435 -9.9533
600166 20 16 36 167.0262 -4.022
600997 15 20 35 223.6219 -30.0847
600312 11 23 34 27.8857 52.9477
600675 21 13 34 185.3343 -9.3248
600456 12 22 34 93.9494 -31.2802
600649 19 15 34 66.1446 0.0
600432 15 19 34 239.4452 -22.6489
600196 19 14 33 39.0595 17.4972
600596 16 17 33 23.3666 -4.7995
000932 16 16 32 60.6137 -14.5794
600271 7 24 31 -2.8275 21.0855
600582 16 15 31 47.9629 -12.3077
000630 16 15 31 211.0786 -17.7998
600096 13 17 30 20.2618 -71.3636
000528 19 11 30 105.8923 -41.7846
000951 15 15 30 84.4136 -39.8582
600068 13 17 30 41.5542 25.2125
600549 15 15 30 137.0826 -27.1698
600011 12 18 30 16.7155 -7.8562
600518 13 16 29 83.5391 12.3305
000059 16 13 29 62.9344 -12.3892
600963 12 16 28 54.9837 -37.625
600598 11 17 28 14.4691 8.2745
000538 11 16 27 1.7907 12.5245
002028 11 16 27 18.5029 12.8577
600581 15 12 27 128.2537 -22.4299
600001 18 9 27 delist
600195 12 15 27 74.5188 -21.3378
600266 16 11 27 139.7183 -1.8207
600150 11 15 26 66.2367 -30.4221
601333 12 14 26 36.631 -7.25
601600 15 11 26 97.8862 -33.2257
600269 10 16 26 43.0174 -21.608
600037 12 13 25 19.7844 -9.4466
600449 10 15 25 64.8859 57.5368
002073 13 12 25 89.5537 -12.0502
000422 13 12 25 44.8189 -39.2296
600111 10 15 25 165.1163 -35.4186
600720 11 13 24 106.3702 41.4784
000917 9 15 24 14.9589 1.9652
601958 13 11 24 88.8107 -15.4492
600872 12 12 24 262.8483 -17.6316
600674 13 10 23 27.8559 2.3109
600642 12 11 23 66.2208 -15.1558
600117 15 8 23 129.638 -33.8118
600406 11 11 22 66.3179 15.9181
600600 9 13 22 33.6181 18.776
002038 10 12 22 -10.2142 27.0083
600639 11 11 22 91.0622 -19.8537
600256 8 14 22 86.31 25.6198
600859 8 13 21 36.4717 -30.8588
000400 10 11 21 34.313 75.2
600231 13 8 21 100.474 -31.7411
000686 13 8 21 176.5422 -39.0157
600655 11 9 20 89.2914 -20.0645
600320 12 8 20 62.1579 -26.5288
002244 10 10 20 160.6709 31.0518
600102 11 9 20 delist
600027 10 10 20 39.5722 -4.5
600816 8 11 19 30.7105 -13.4786
600143 7 12 19 86.1998 -33.8129
600216 12 7 19 95.7001 0.5011
600316 9 10 19 55.2975 5.9421
000046 13 6 19 238.1988 -3.1457
600517 8 11 19 3.9742 32.9572
000680 6 13 19 42.8045 -20.7941
000999 8 10 18 11.3161 3.1406
600858 7 11 18 21.2066 -7.445
600717 4 14 18 35.5307 -39.6384
600664 7 11 18 26.9091 28.0641
600528 11 7 18 44.9923 61.5385
601866 10 8 18 63.3333 -25.5618
600221 10 8 18 58.4071 -10.0865
600425 9 9 18 72.2537 18.3144
600737 7 11 18 38.4265 -18.9512
600307 11 7 18 175.6592 -26.3074
000758 12 6 18 168.1332 -20.2899
600693 11 7 18 31.4901 -15.8761
600804 6 12 18 52.7895 28.0263
000027 7 10 17 35.9318 -2.2837
600970 9 8 17 82.061 -26.2637
000968 7 10 17 88.0633 -23.2143
000911 8 9 17 102.0113 -16.5517
000006 8 9 17 159.9961 -1.2024
600251 9 8 17 28.9931 -10.3406
600966 7 10 17 56.175 -18.1518
601998 13 4 17 53.4704 -23.8659
600511 8 9 17 29.396 12.8803
002122 8 9 17 7.9307 29.4417
000877 5 12 17 20.2576 41.9786
000926 11 5 16 116.9729 -8.3333
000969 8 8 16 130.1477 -5.8667
601918 10 6 16 121.4902 6.338
000031 10 6 16 123.2465 1.2658
600663 8 8 16 87.5918 -8.9788
002007 7 9 16 55.3389 14.2094
000729 11 5 16 14.7727 2.8016
000718 11 5 16 234.4438 -12.5637
000488 9 7 16 45.0094 -29.2985
600208 10 5 15 162.3529 -6.9124
600557 6 9 15 -0.8965 2.1518
600867 5 10 15 7.358 10.5929
600289 6 9 15 46.2623 -2.867
600058 6 9 15 51.3799 -36.0022
600236 5 10 15 23.3645 18.835
600631 6 9 15 delist
600498 8 7 15 59.0689 24.7934
000759 5 10 15 4.6587 -3.7871
600252 7 7 14 184.2778 28.8793
002056 8 6 14 84.4522 -11.8881
600478 7 7 14 117.2249 41.2811
000562 8 6 14 delist
000987 6 8 14 78.5316 -29.2781
600820 3 11 14 13.2413 20.5752
600486 9 5 14 27.0362 18.5816
000550 5 9 14 72.8469 -19.2308
600418 9 5 14 100.7031 -8.1761
600177 9 5 14 90.712 -33.3641
002001 7 7 14 42.6573 -5.1914
600516 6 8 14 100.9467 -14.4806
000768 3 11 14 82.0567 -6.0902
000423 5 9 14 33.3829 -7.0888
600644 7 7 14 63.0338 7.2464
600439 7 7 14 11.9984 -27.3216
600162 9 5 14 142.5352 -7.6159
600161 5 9 14 54.3716 40.5179
000683 7 7 14 60.3252 -21.9822
002152 9 5 14 5.1522 6.3669
600475 7 6 13 125.1585 22.2052
000690 5 8 13 37.2581 -5.303
600535 7 6 13 37.3683 9.9556
002106 7 6 13 80.5227 -10.8835
600219 5 8 13 56.2583 -14.2857
000778 9 4 13 49.2982 -10.5263
600881 9 4 13 108.4378 -19.4326
000783 10 3 13 99.6378 -49.5977
600879 4 9 13 53.5794 -0.5734
000581 5 8 13 122.8566 -27.2198
000762 7 6 13 212.4839 -14.4457
002269 7 6 13 -2.2188 8.6275
600062 7 6 13 -3.1893 6.7819
600010 7 6 13 51.7241 -18.328
000616 10 3 13 182.9664 -4.3269
000501 7 6 13 118.8571 -16.3333
600118 4 9 13 17.1747 8.6186
600141 6 7 13 60.3762 -28.9685
600893 8 4 12 99.9504 -37.6471
000625 7 5 12 122.3307 -8.4788
600202 4 8 12 68.0679 7.2264
002142 10 2 12 91.5483 -8.7248
600109 5 7 12 85.3341 -26.4069
000566 6 6 12 25.3819 23.8095
002123 5 7 12 37.6992 31.8631
600812 3 9 12 38.0952 25.6729
002109 6 6 12 44.5875 12.9848
000823 6 6 12 66.8203 -1.8059
600685 5 7 12 80.0658 -27.5029
600352 5 7 12 122.2863 -31.3725
600835 5 7 12 54.6894 -18.9135
600060 2 10 12 89.5082 -2.8832
600886 4 8 12 17.5288 1.6704
600067 8 4 12 219.1646 -20.5941
600267 5 7 12 15.8003 18.1962
600590 6 6 12 140.6734 -0.4
600607 2 10 12 delist
600239 4 8 12 112.6568 18.5505
000807 8 4 12 80.7007 -15.7303
000028 4 7 11 13.13 30.2381
600376 6 5 11 230.625 -12.4302
002022 3 8 11 1.7503 19.4872
000698 6 5 11 62.0905 -27.5523
000061 5 6 11 23.1194 -4.6763
002146 7 4 11 210.4438 -2.8623
002091 6 5 11 104.6626 66.4151
600622 8 3 11 187.25 -38.2813
600138 3 8 11 37.7289 -23.0382
600315 6 5 11 17.6057 3.8533
600546 6 5 11 200.2874 29.7087
600688 7 4 11 47.695 5.7361
002003 3 8 11 58.0127 -6.0854
002008 5 6 11 39.3072 -40.4277
601607 3 8 11 67.6463 27.2085
600087 6 5 11 delist
600299 4 7 11 53.7333 -33.9334
600169 3 8 11 54.0662 -25.2632
002155 7 4 11 137.6654 -13.0913
600809 5 6 11 135.5416 6.8966
600729 5 5 10 56.4738 -24.3915
002147 4 6 10 33.141 -0.5425
600832 5 5 10 delist
600754 7 3 10 112.7463 -22.1368
002065 3 7 10 42.151 23.4442
000407 6 4 10 126.9811 -9.4617
600718 4 6 10 54.1702 -7.3068
000826 4 6 10 18.0749 13.5593
600616 4 6 10 63.6567 -26.749
600779 7 3 10 48.2437 -24.933
600052 7 3 10 230.0613 -14.5119
600423 5 5 10 20.3822 -7.438
000089 9 1 10 41.4817 -22.6277
600497 6 4 10 99.6036 -14.716
000016 4 6 10 52.322 -1.8692
000726 5 5 10 39.3646 -14.1259
600801 5 5 10 65.0501 12.6236
600570 2 7 9 72.6537 -9.9472
600350 4 5 9 16.5975 -15.6522
600201 2 7 9 70.6733 -1.6364
000990 5 4 9 123.4444 -0.335
000869 4 5 9 20.0434 -4.1123
600588 1 8 9 13.3538 -7.6018
600785 6 3 9 75.1398 -18.2804
000927 6 3 9 83.4646 7.0225
600826 3 6 9 144.2464 -30.0699
000410 5 4 9 63.5593 -27.4096
600686 5 4 9 79.0051 -28.1972
600500 4 5 9 53.1317 -14.0177
600178 4 5 9 143.7647 -6.1404
000860 3 6 9 6.7612 18.319
600170 6 3 9 88.0444 -6.3212
000887 5 4 9 81.0374 -41.0117
600066 2 7 9 47.7563 -26.1084
600308 5 4 9 70.7472 -32.5967
600188 4 5 9 85.4935 -36.0248
000717 7 2 9 53.8462 -22.3881
000876 5 4 9 59.7201 -20.4261
000897 5 4 9 76.9777 -22.0812
000537 6 2 8 214.0845 -17.9191
601002 4 4 8 41.5414 18.8209
600973 5 3 8 123.0482 -30.6437
000021 5 3 8 168.3764 -17.3653
000597 4 4 8 67.6114 24.8975
600787 5 3 8 105.6687 -37.1473
600282 5 3 8 97.7829 -25.5754
600482 3 5 8 139.6648 -13.7255
600485 3 5 8 22.6724 21.2526
600416 4 4 8 180.1112 -2.5266
000789 4 4 8 73.2892 -6.9672
600176 2 6 8 7.9422 -12.4842
600831 4 4 8 37.5763 2.9006
600884 5 3 8 164.4311 -11.8794
600697 4 4 8 31.3808 -6.714
600761 3 5 8 46.1628 -37.6588
600022 4 4 8 81.99 -38.2476
600487 5 3 8 124.3956 19.8547
600258 2 5 7 65.52 -26.3535
000159 2 5 7 72.1385 -11.733
002110 4 3 7 173.0964 -33.1442
600657 6 1 7 174.6341 19.469
002025 4 3 7 68.1672 -7.9412
600380 1 6 7 45.985 24.6575
000667 5 2 7 94.2857 0.2941
600038 3 4 7 60.9681 -10.8911
000739 3 4 7 127.1173 2.4631
000793 3 4 7 57.8637 -9.7633
000799 3 4 7 106.993 -12.2549
600284 4 3 7 48.6482 0.5714
600742 6 1 7 142.1892 -5.6818
002179 3 4 7 58.4736 47.3583
600132 3 4 7 55.0103 41.4951
600704 4 3 7 77.5675 -33.6185
600971 4 3 7 164.5314 -20.3305
600388 1 6 7 74.7488 -8.9094
000903 3 4 7 94.8329 -16.8874
000543 3 4 7 90.4077 -18.7008
002261 3 4 7 46.0097 9.4421
002267 2 5 7 56.9559 15.4219
002041 4 3 7 22.0519 -11.9823
600496 3 4 7 84.0277 -1.1876
600391 2 5 7 55.3767 -14.2562
600268 2 5 7 24.3866 44.1483
000755 4 3 7 58.4521 -27.8287
600840 5 2 7 delist
002088 3 4 7 62.8128 -4.7619
600765 4 3 7 57.1429 8.5945
000014 4 3 7 103.7139 26.4605
002052 3 3 6 49.4595 7.2886
002115 3 3 6 38.6574 30.6667
600151 4 2 6 164.2337 -30.1262
000901 2 4 6 99.2248 -17.6944
600392 4 2 6 172.8144 37.3494
600580 3 3 6 76.8559 13.12
600755 3 3 6 59.2899 -29.7474
002063 1 5 6 69.2572 29.148
600329 3 3 6 99.8878 18.254
000965 3 3 6 142.985 13.3663
000540 4 2 6 395.5485 -41.1625
002129 4 2 6 51.2721 1.6287
002128 3 3 6 282.4994 -25.7542
002204 1 5 6 68.67 21.6
000636 3 3 6 130.2158 -20.6897
002191 2 4 6 24.2726 35.6994
000522 3 3 6 delist
000912 2 4 6 34.012 -4.3269
600366 4 2 6 161.4058 -7.8029
002032 3 3 6 17.3569 5.4077
000599 2 4 6 115.8076 -26.7905
600410 2 4 6 31.7115 17.3626
000786 3 3 6 143.6976 -4.4681
002215 3 3 6 27.4625 14.1506
000608 4 2 6 167.5824 -14.8148
001696 4 2 6 74.9669 13.5802
600499 4 2 6 104.1884 -7.0573
600770 4 2 6 90.9341 -29.4179
000761 3 3 6 90.9091 -24.3542
002266 2 4 6 28.2224 35.7607
600636 2 4 6 87.0416 -33.9721
002161 5 1 6 67.8971 22.2513
600641 3 3 6 147.6659 5.949
600995 2 4 6 42.5617 -35.4188
600438 3 3 6 44.6746 -22.287
600018 4 2 6 73.4519 -28.8172
000652 3 3 6 40.1501 -3.7906
000685 2 4 6 90.6907 -3.7663
600703 3 3 6 237.1892 4.9451
002083 3 3 6 170.9497 -9.9237
600185 4 2 6 136.8902 -24.4444
002018 3 3 6 29.676 -25.5814
000973 3 3 6 165.9933 9.6296
600361 2 4 6 58.3267 -32.4561
000893 3 3 6 90.991 20.5882
600897 3 3 6 25.7038 -8.193
002242 4 1 5 15.6414 23.9554
600097 4 1 5 34.4734 32.1046
600386 2 3 5 57.3407 14.1494
000090 3 2 5 158.8101 -18.1118
000910 5 0 5 108.5427 -19.3878
600611 4 1 5 133.7297 -31.2118
600533 4 1 5 111.0092 -14.2857
000815 3 2 5 91.9643 -37.3016
000816 2 3 5 128.2332 12.9371
000563 3 2 5 50.5199 -35.0999
000963 4 1 5 18.0734 13.0115
600351 1 4 5 82.9908 26.626
002092 3 2 5 112.4639 -20.5479
000635 3 2 5 62.6063 -28.4622
000039 2 3 5 61.3136 -26.9729
000525 2 3 5 31.4523 54.2079
000679 3 2 5 177.6703 3.5185
600736 2 3 5 103.3643 -10.8504
000677 3 2 5 94.6429 -12.5806
600098 3 2 5 36.1105 -8.8462
600628 3 2 5 50.9804 -19.3853
600983 3 2 5 67.0279 14.9148
000959 2 3 5 107.5862 -19.5531
600521 1 4 5 15.6238 2.7895
000418 2 3 5 95.9368 8.2126
000671 3 2 5 373.5296 26.3736
600479 2 3 5 3.9449 15.5635
600004 2 3 5 34.9788 -43.2824
600006 3 2 5 63.5464 -9.0062
002194 4 1 5 28.7953 5.2296
002078 1 4 5 79.767 -37.0507
000042 3 2 5 207.3494 -15.9712
002187 3 2 5 62.313 -23.5455
000589 3 2 5 111.6922 -10.2616
002048 2 3 5 155.395 -25.0
600125 1 4 5 42.0514 -8.3607
000728 3 2 5 69.805 -45.0256
600261 3 2 5 71.4439 -12.6568
000829 1 4 5 86.7868 7.3482
600844 2 3 5 62.6392 -16.0432
002080 2 3 5 29.5977 5.3207
000712 4 1 5 206.1728 1.9264
600606 3 2 5 123.65 -11.6541
002154 3 2 5 45.7636 -26.224
600527 1 4 5 46.5387 6.2972
600337 2 3 5 49.6246 7.4074
000970 2 3 5 89.5191 -12.2931
000655 3 2 5 159.4567 -36.4058
600436 0 5 5 34.4164 12.9264
000820 2 2 4 111.7647 -18.1185
000530 2 2 4 83.078 -7.2407
600986 3 1 4 78.4632 8.9021
002029 1 3 4 44.6116 -14.8867
000848 2 2 4 1.2854 16.2637
000043 1 3 4 215.3061 -24.7692
002233 3 1 4 100.9091 12.9376
600589 2 2 4 67.0163 -7.1429
600612 1 3 4 138.8587 -15.0831
600830 2 2 4 63.7129 -29.5455
600750 2 2 4 30.7143 42.8389
002068 2 2 4 54.1031 23.0216
002140 2 2 4 34.4396 5.4606
000888 1 3 4 68.7285 -5.6314
000962 2 2 4 91.6346 -19.9134
000708 3 1 4 71.8861 -27.6973
000790 2 2 4 43.1856 29.6703
000795 2 2 4 124.2754 -7.8767
600863 2 2 4 88.1919 -14.5062
600662 3 1 4 78.8618 -25.0518
000919 2 2 4 64.7059 8.0
600569 2 2 4 42.7653 -24.6883
600468 2 2 4 194.0035 -15.5251
000850 2 2 4 117.432 -28.9199
600280 2 2 4 141.5781 -26.4938
002254 2 2 4 29.6076 6.25
000513 2 2 4 56.7314 14.3421
600523 2 2 4 33.7777 29.2614
600525 2 2 4 23.5779 16.0028
600139 4 0 4 212.3579 -7.034
000822 1 3 4 40.9543 -22.8346
600007 3 1 4 57.3511 -16.7251
002214 1 3 4 9.9875 67.1541
601588 2 2 4 113.428 -18.5507
600683 2 2 4 139.6552 -8.7549
600088 3 1 4 50.3642 -20.0169
600190 2 2 4 113.6942 -8.0292
000767 2 2 4 65.2985 -24.7911
600059 2 2 4 52.9126 -17.1329
000088 3 1 4 55.4331 -19.4585
600888 2 2 4 55.6617 -8.4211
600491 2 2 4 88.1625 -21.0793
600126 3 1 4 57.868 -13.2584
600063 2 2 4 107.616 -20.1987
600017 1 3 4 53.2297 -40.9437
600396 2 2 4 58.6512 6.3098
002223 1 3 4 41.3474 57.6898
000612 2 2 4 64.8534 -33.5727
002121 3 1 4 65.7409 63.7069
600488 2 2 4 33.1375 7.0611
600522 2 2 4 102.4973 28.4924
600501 3 1 4 79.0873 -21.0351
600529 2 2 4 22.6202 35.1773
002081 3 1 4 34.797 12.6682
000650 2 2 4 63.1894 10.1583
600354 0 4 4 19.8813 16.3031
000417 2 1 3 31.66 4.6229
600780 2 1 3 68.8202 -8.1365
600090 3 0 3 155.8904 -11.25
600790 3 0 3 105.4286 0.5747
600791 1 2 3 68.9655 -13.2035
600298 2 1 3 74.2381 2.2923
600896 2 1 3 92.1709 -34.6101
002238 1 2 3 17.9423 22.992
002241 1 2 3 20.7108 -5.0477
600559 2 1 3 51.5188 18.6667
600321 1 2 3 75.052 -4.2683
600240 2 1 3 123.8095 -9.0116
000541 1 2 3 93.2226 -19.863
600869 3 0 3 96.6234 10.6447
002037 1 2 3 52.7789 39.5425
000539 1 2 3 14.658 6.0345
600827 1 2 3 39.2094 -15.2015
600825 2 1 3 42.4 -3.3409
600480 2 1 3 136.1556 0.7194
600481 2 1 3 174.489 -27.881
600317 3 0 3 92.504 -23.7037
600255 2 1 3 134.914 -9.2262
600724 2 1 3 130.25 -1.7157
000731 1 2 3 25.905 18.3333
000600 1 2 3 38.4698 10.2045
002133 1 2 3 178.98 2.0115
600677 2 1 3 72.344 -17.1687
600110 1 2 3 106.25 -13.3568
000514 1 2 3 223.0835 -2.6071
600054 2 1 3 20.687 -6.9541
600246 1 2 3 165.8019 9.9872
000584 1 2 3 88.0645 -19.7849
000862 2 1 3 101.6529 -17.6712
000559 1 2 3 127.2415 -25.8993
600085 1 2 3 34.3826 -13.6746
600082 2 1 3 224.9615 -7.7064
600643 2 1 3 120.954 -35.8447
600300 1 2 3 117.202 10.4822
600861 2 1 3 66.7047 -9.3333
600543 1 2 3 83.4325 -0.3941
000619 2 1 3 76.4016 11.3586
002084 1 2 3 34.5488 10.5354
600597 1 2 3 66.5877 -12.3711
600803 2 1 3 50.6045 -15.3623
002011 2 1 3 76.0903 -0.6906
600509 1 2 3 111.6631 -21.7391
600503 2 1 3 109.8438 -4.6083
600435 1 2 3 110.1343 12.7572
000875 1 2 3 37.0031 -2.6866
600806 1 2 3 50.1425 -35.1798
000899 1 2 3 49.0431 28.7097
000715 1 2 3 41.5042 -1.2535
002232 0 3 3 146.8147 28.3771
600323 0 3 3 20.3822 -7.3171
002183 0 3 3 5.194 39.5517
600227 0 3 3 46.4752 -6.2059
000099 1 1 2 116.1765 -6.8871
000096 1 1 2 83.7766 -16.8539
600725 1 1 2 30.3299 -34.4196
002051 1 1 2 92.9219 -15.1037
600651 1 1 2 55.9272 -23.7931
600075 1 1 2 42.1965 -18.5897
000531 1 1 2 150.3846 -0.9434
600072 1 1 2 61.4012 2.1298
600375 1 1 2 106.7815 -8.2949
600357 1 1 2 delist
600575 1 1 2 245.714 -10.4348
000997 1 1 2 96.2099 -22.7166
601008 1 1 2 73.7853 -18.9453
601005 1 1 2 54.3893 -5.7377
000861 1 1 2 92.2588 2.459
000948 1 1 2 62.0329 -3.8067
002236 1 1 2 17.1252 22.9429
000949 1 1 2 85.0622 -17.0648
000697 1 1 2 124.1477 -14.8718
600555 1 1 2 226.045 0.0
600551 1 1 2 70.1143 0.0
000068 1 1 2 95.3586 -15.942
000100 1 1 2 41.8519 -9.0278
600758 1 1 2 102.277 -13.289
600039 1 1 2 40.8929 16.8443
600836 1 1 2 22.3993 -1.8232
600839 1 1 2 46.2733 -9.5506
002148 1 1 2 60.774 21.8722
002064 1 1 2 51.56 -7.1975
600531 1 1 2 102.4786 -21.9682
002097 1 1 2 42.2764 8.4991
600106 1 1 2 57.0578 -4.8193
600322 1 1 2 83.5009 -10.585
000567 1 1 2 120.7084 -10.3865
600978 1 1 2 88.1429 -18.0516
000961 2 0 2 238.0457 20.8543
000022 2 0 2 42.4242 -24.0
601872 1 1 2 46.5473 -23.1076
002099 1 1 2 41.68 15.3704
600291 1 1 2 107.3944 -10.8414
600159 1 1 2 210.9453 -34.6535
600327 1 1 2 57.3917 -34.7059
600326 1 1 2 155.4479 11.2637
000428 1 1 2 95.1555 -28.8435
600145 1 1 2 189.4737 2.8571
000521 1 1 2 89.7516 7.0
600367 1 1 2 104.9327 -17.0093
000812 1 1 2 104.1509 -11.2245
002039 1 1 2 33.0144 61.0193
000548 1 1 2 113.2568 -10.9974
600561 1 1 2 77.403 19.0661
600378 1 1 2 119.7753 -3.3632
000595 1 1 2 5.6552 -22.1692
000596 2 0 2 99.2966 -1.1933
600379 1 1 2 112.5263 -8.4507
000985 1 1 2 109.3611 2.6235
600638 1 1 2 45.6933 -25.5094
600184 1 1 2 140.1451 32.5806
601727 1 1 2 76.6313 -15.0
000777 1 1 2 59.3581 34.2515
002258 1 1 2 124.7502 35.7422
002250 1 1 2 96.844 19.422
600740 1 1 2 75.3275 -40.382
600626 1 1 2 75.1637 -18.0328
600621 1 1 2 100.9091 -37.4456
600189 1 1 2 48.0069 -6.9193
002172 1 1 2 101.8568 -15.9353
000828 1 1 2 51.6071 -11.0599
000415 1 1 2 68.3099 -38.6628
000419 1 1 2 71.3413 -3.4121
600558 1 1 2 59.5443 -23.8242
600470 1 1 2 46.8673 -17.1466
000785 1 1 2 81.7156 6.4904
002212 1 1 2 94.45 29.2157
600287 2 0 2 95.3552 -24.9467
000601 1 1 2 104.2553 -15.8537
000602 1 1 2 delist
600707 1 1 2 81.5182 -1.3115
002132 1 1 2 35.817 17.6583
600192 1 1 2 151.7745 -20.2037
000516 1 1 2 129.8232 11.8314
002004 1 1 2 53.9782 41.1828
002006 1 1 2 134.7443 -31.9803
600469 1 1 2 108.8462 -34.9105
600458 1 1 2 57.2748 24.3655
600108 1 1 2 57.2327 -8.4084
600673 1 1 2 135.1797 -28.3516
600306 1 1 2 43.2011 30.5147
000905 1 1 2 60.0329 -2.6359
600290 2 0 2 92.089 -4.9569
000885 1 1 2 93.6709 -1.129
000939 1 1 2 86.7925 -19.3202
000935 1 1 2 31.2977 10.0885
002046 1 1 2 49.652 13.3333
002042 1 1 2 106.4422 31.3462
002165 1 1 2 113.0652 -15.0078
600640 1 1 2 80.5866 9.4656
000727 1 1 2 77.1987 -7.0064
000837 1 1 2 53.3333 -31.825
000831 2 0 2 86.385 -5.6738
000830 1 1 2 37.7717 -7.013
600120 1 1 2 88.9506 -13.0982
600115 1 1 2 18.7082 -3.9535
000617 1 1 2 146.0658 -13.5678
600848 1 1 2 85.4779 0.0
600467 1 1 2 26.9091 -23.4783
600591 1 1 2 delist
600594 2 0 2 52.0548 -3.7613
600595 1 1 2 83.0291 -28.169
600343 1 1 2 58.4022 -15.0794
600021 1 1 2 69.3333 -24.8082
002156 1 1 2 63.6809 -2.3372
600069 1 1 2 100.8523 -26.5957
600508 1 1 2 107.1902 -30.3586
600507 2 0 2 168.5315 -7.9038
600333 1 1 2 66.147 -7.3684
002104 2 0 2 115.7901 -7.529
600346 1 1 2 112.2186 0.7105
600805 1 1 2 102.3026 -4.5455
600802 1 1 2 92.9648 2.0833
600360 1 1 2 60.7242 -24.6753
000066 1 1 2 222.3565 -5.9659
600033 0 2 2 38.4667 -14.6597
600829 0 2 2 16.2404 34.9298
002251 0 2 2 20.5749 -5.6477
600303 0 2 2 101.06 -10.8
600064 0 2 2 111.8919 -25.7757
600991 0 2 2 delist
002017 0 2 2 87.3977 9.661
000659 0 2 2 33.2817 -1.8779
600723 1 0 1 104.0094 -15.6118
600894 1 0 1 62.7604 6.7055
600650 1 0 1 67.5352 -32.2335
600074 1 0 1 52.6316 -23.6915
000536 1 0 1 191.5114 0.0
002023 1 0 1 120.8004 -14.0625
600277 1 0 1 116.0377 15.1938
002062 1 0 1 90.8359 33.0
600243 1 0 1 60.6936 30.198
600815 1 0 1 55.1829 -6.9246
002085 1 0 1 125.0732 -28.8802
600665 1 0 1 115.5339 -16.763
600359 1 0 1 12.3567 2.649
600823 1 0 1 121.8831 -11.3456
000511 1 0 1 72.973 -8.4806
600408 1 0 1 87.5395 -30.0952
600961 1 0 1 195.8333 -26.3934
600008 1 0 1 47.375 -18.097
600702 1 0 1 94.8804 0.8897
600175 1 0 1 135.9517 -15.6499
600129 1 0 1 75.4221 1.5209
000900 1 0 1 58.2549 -25.4753
000558 1 0 1 97.8155 1.5625
600121 1 0 1 107.1607 -19.0283
000975 1 0 1 131.3131 -21.6438
600399 1 0 1 83.1099 -4.3257
600865 1 0 1 95.0585 -4.0964
600797 1 0 1 67.8788 -17.7835
600553 1 0 1 delist
600119 1 0 1 77.7174 -41.6275
600502 1 0 1 77.7174 3.7249
600112 1 0 1 124.0506 26.4646
600237 1 0 1 72.4138 -0.3378
000572 1 0 1 60.8696 -8.5044
000978 1 0 1 61.7484 -39.9625
000155 0 1 1 46.1174 -0.5226
600845 0 1 1 49.6942 -7.9042
002243 0 1 1 75.7118 25.448
002055 0 1 1 62.0344 7.0909
002054 0 1 1 87.479 -10.7539
000533 0 1 1 113.9159 0.9494
600078 0 1 1 21.8244 -18.6301
600985 0 1 1 149.0964 7.4603
002228 0 1 1 125.3473 21.6149
600389 0 1 1 16.7034 -17.7689
601003 0 1 1 87.2611 -18.7831
600857 0 1 1 128.8887 -7.2973
000663 0 1 1 71.1297 -3.7113
000661 0 1 1 81.7673 60.9929
000611 0 1 1 57.3034 10.2167
600615 0 1 1 132.8889 -40.1099
000952 0 1 1 33.794 -7.3563
600035 0 1 1 41.9437 -11.8881
002060 0 1 1 40.7464 17.0599
002067 0 1 1 72.973 -26.5446
600101 0 1 1 55.2511 0.6961
000811 0 1 1 68.9076 -37.5145
600328 0 1 1 61.3211 -22.3684
000560 0 1 1 99.5798 -6.9307
600405 0 1 1 83.945 -5.0109
600810 0 1 1 33.758 10.5263
000707 0 1 1 35.6089 -25.7384
002206 0 1 1 72.5492 23.3047
002207 0 1 1 193.0294 15.3846
002192 0 1 1 184.8275 44.1527
002151 0 1 1 70.4183 24.6099
000569 0 1 1 delist
600281 0 1 1 123.511 -21.75
600079 0 1 1 104.1236 3.7129
600824 0 1 1 63.991 -20.2532
600828 0 1 1 79.5057 -15.4514
002252 0 1 1 8.2598 15.954
002177 0 1 1 79.6436 5.6433
002074 0 1 1 15.8445 63.2302
600962 0 1 1 42.9677 -22.0497
600969 0 1 1 143.7824 6.3401
002211 0 1 1 51.6667 -7.9223
002131 0 1 1 127.2005 -3.0129
600122 0 1 1 43.3708 -14.3969
000515 0 1 1 delist
002005 0 1 1 320.0704 3.3088
600510 0 1 1 136.3587 1.2723
600223 0 1 1 153.0726 22.8758
600339 0 1 1 43.5956 -18.9627
600295 0 1 1 52.8214 -13.5684
000760 0 1 1 202.4823 2.974
000936 0 1 1 104.5678 -16.0401
002208 0 1 1 125.1608 4.8077
002264 0 1 1 60.863 8.433
600495 0 1 1 7.8969 16.1269
600490 0 1 1 109.1667 6.6508
002163 0 1 1 158.6917 0.2028
000748 0 1 1 68.4535 -22.3301
002227 0 1 1 56.6542 40.8316
600466 0 1 1 161.8529 -0.2717
002089 0 1 1 168.6951 43.5407
600760 0 1 1 113.8037 3.9604
002015 0 1 1 78.527 -22.087
600332 0 1 1 27.6596 -13.2743
