601318 215 220 435 21.1044 -7.123
600036 185 204 389 -0.0761 -20.0241
601166 166 210 376 3.6638 -33.6963
600000 164 186 350 -9.9564 -22.3602
601601 174 163 337 3.8701 -15.7407
000983 128 162 290 42.0436 -35.393
000858 135 129 264 42.5103 -14.2289
600519 121 141 262 47.0107 -19.9924
000063 116 130 246 44.5209 -31.4914
600016 96 138 234 -0.0466 -21.5865
601111 118 108 226 33.0739 -20.6095
601169 92 132 224 -4.9542 -27.1531
600048 114 98 212 19.4732 -36.042
000001 88 113 201 -9.823 -24.5259
600030 73 126 199 4.8293 -38.2848
600031 80 114 194 154.4876 -20.1254
600050 104 90 194 1.9048 -15.7678
000002 110 82 192 20.0 -28.967
600739 91 100 191 19.8567 -31.377
000937 95 92 187 70.7889 -40.3488
601628 81 106 187 -11.8742 -10.8094
601699 100 78 178 88.7939 -26.2325
600585 97 77 174 85.5 -27.9795
002024 69 96 165 15.1142 -15.2924
600362 97 67 164 77.7418 -34.2496
600887 94 70 164 30.1361 -9.7184
000651 78 81 159 45.409 -34.8582
000568 75 83 158 48.6323 -11.5901
600348 62 96 158 107.5253 -19.7909
600104 63 86 149 20.1309 -20.708
600547 67 82 149 46.092 -0.4496
000338 61 88 149 76.3414 -13.563
600383 80 67 147 0.0 -22.2406
000060 71 74 145 70.9726 -23.6078
600028 56 87 143 1.4836 -32.5331
000792 75 65 140 69.8462 -24.7143
000933 62 78 140 43.553 -26.7505
000401 68 69 137 59.7701 -16.3793
000800 60 73 133 4.0914 -32.3663
000024 58 72 130 5.9611 -38.5856
600690 68 58 126 48.785 -11.8434
600123 67 58 125 77.9289 -36.85
600015 60 65 125 -1.6245 -13.632
601398 53 69 122 4.7959 -15.7116
600029 61 60 121 55.0955 -20.1325
002106 63 56 119 189.9344 11.4985
000527 53 66 119 delist
600111 54 65 119 97.4572 26.6181
600518 66 48 114 62.7581 -0.4377
600019 33 80 113 8.489 -24.151
601328 46 66 112 -8.1761 -24.7834
600489 60 50 110 40.1345 0.471
600837 38 70 108 2.6624 -45.3291
600309 56 52 108 29.0518 -40.8911
600068 60 47 107 64.0479 -28.5118
601088 42 65 107 14.4498 -24.8097
601288 58 46 104 -0.7407 -200.0
000422 42 58 100 33.4986 -35.2049
600276 55 43 98 51.5522 -5.7638
600089 45 51 96 22.5213 -31.3664
000960 49 46 95 102.4768 -33.805
000423 54 41 95 54.989 18.0851
600406 47 45 92 94.7041 11.4053
000425 44 48 92 81.2995 -19.1524
600660 37 54 91 16.9897 -29.6832
000012 53 37 90 108.9947 -28.7411
000400 48 41 89 27.3632 -25.5077
600875 47 41 88 58.8385 -5.0394
000157 31 56 87 114.6244 -31.6409
601168 50 37 87 87.935 -29.1573
600694 46 41 87 13.319 5.083
000069 37 49 86 -0.4098 -30.445
600256 40 45 85 52.6948 11.9563
601006 39 45 84 -2.25 -11.7156
002038 45 39 84 64.2539 -26.7627
002202 44 39 83 41.349 -27.4442
601666 37 46 83 51.3999 -35.9283
601899 43 40 83 30.3175 -26.5323
600100 42 40 82 26.9776 -3.6949
601939 35 46 81 2.8295 -17.1076
000898 29 51 80 7.0637 -38.329
002142 35 44 79 12.3188 -29.3255
000630 54 25 79 132.1192 -25.8219
000581 43 36 79 171.7872 -30.8421
601607 48 31 79 37.4322 2.5862
600900 39 40 79 -4.5253 -1.4377
600312 46 31 77 32.846 -30.6215
600115 40 37 77 -5.3237 -15.2866
600600 43 33 76 7.2315 -6.162
600809 38 38 76 65.1723 8.714
600664 37 38 75 26.6554 3.0805
600570 42 33 75 37.1951 -10.5877
600125 44 31 75 9.4913 18.975
601009 32 42 74 4.4389 -25.0847
600415 43 31 74 82.2153 -18.0464
600425 34 39 73 38.806 -28.2019
600352 37 36 73 26.2648 -29.5321
000729 42 31 73 -3.5551 -4.9741
000623 30 42 72 23.9765 -43.2728
600271 47 25 72 81.9444 -30.3593
600859 38 34 72 54.0775 5.6923
002007 41 31 72 8.5952 11.3108
600537 40 31 71 123.7194 -37.8196
600037 36 34 70 -9.157 -9.3488
601766 33 37 70 57.8765 -13.4892
600166 34 36 70 42.4883 -17.7137
601299 42 27 69 delist
002073 42 27 69 84.3232 -3.5204
000538 32 36 68 28.6954 15.8581
000878 38 30 68 44.8131 -33.2436
000061 35 32 67 12.524 7.5593
601001 31 35 66 46.6225 -26.3572
600970 41 25 66 127.7364 -13.0069
000528 31 35 66 101.087 -15.9415
600498 34 31 65 66.15 -17.3038
002123 44 21 65 51.8057 6.7088
600581 27 37 64 13.4 -36.246
601989 38 26 64 58.0489 7.4499
600376 37 27 64 23.8259 -35.0866
600067 37 27 64 5.8394 -34.659
002155 39 25 64 100.7826 -21.2674
600221 36 27 63 66.1111 -30.1887
000999 32 30 62 11.087 -6.0175
000009 31 31 62 95.546 -32.6325
000848 33 29 62 13.7579 13.3776
600395 34 28 62 76.5351 -33.0145
000926 34 27 61 60.6675 -30.638
000559 34 27 61 29.5836 -6.1055
600511 33 28 61 16.651 -17.7544
600079 35 25 60 64.2811 5.5156
600549 27 33 60 157.2432 3.1736
600582 27 32 59 103.8684 -42.335
600535 32 26 58 56.049 1.21
600418 28 30 58 58.6567 -37.1947
000759 29 29 58 16.5736 -0.9646
000895 33 25 58 75.8269 0.0
000829 25 32 57 -17.3577 1.8608
002041 28 29 57 37.3125 36.0139
600481 33 23 56 20.0289 -33.1306
600267 32 24 56 56.55 5.8096
600141 27 28 55 52.4244 -22.6772
002241 27 28 55 82.7206 10.754
002008 32 23 55 103.6364 -5.2389
000877 28 27 55 67.0298 -23.4716
002304 35 20 55 56.6434 35.1263
000718 28 27 55 4.9383 -37.8375
600720 25 29 54 38.8664 -26.7444
601788 24 30 54 -1.3201 -41.5948
601857 25 29 54 10.7716 -19.6704
601998 26 28 54 -1.9775 -26.2585
002001 24 30 54 46.5184 -29.3686
600880 27 27 54 20.1227 -15.0367
601888 29 25 54 63.2578 2.6767
600588 28 25 53 5.2489 -2.2341
601958 24 29 53 92.5338 -28.667
600741 28 25 53 24.5122 -13.0844
600557 25 28 53 35.3961 -26.9686
002230 28 24 52 108.9947 -18.0745
600583 29 23 52 55.7692 -41.2023
000402 18 34 52 -1.1606 -24.7048
600216 25 26 51 28.7352 -25.4356
600315 24 27 51 20.2786 5.9069
000612 24 27 51 22.4719 -35.0614
000963 26 24 50 42.8364 1.2891
600195 28 22 50 4.4678 2.0282
600060 19 31 50 -7.1543 -28.3609
002022 23 26 49 22.4796 -31.7469
002146 25 24 49 45.8155 -30.9271
600188 27 22 49 70.4577 -24.0385
600879 26 23 49 31.9837 -24.5106
600997 28 21 49 44.5083 -44.3877
000917 24 24 48 51.3648 -25.6098
600580 26 22 48 -3.6718 2.0719
600143 31 17 48 102.8967 -21.719
600805 24 24 48 57.9914 -38.4395
000998 27 20 47 65.1623 -9.5153
000969 22 25 47 58.4416 -8.5047
000823 24 23 47 59.8626 -24.2912
600096 31 15 46 56.8409 -35.0466
600354 25 21 46 94.4296 10.7664
600298 23 23 46 25.1201 7.2763
600858 24 22 46 1.6479 -3.7946
601668 19 26 45 -2.2857 -17.5157
000860 25 20 45 38.7195 -5.2019
600467 25 20 45 85.7326 -14.7923
002056 23 21 44 151.6667 -6.284
000826 23 21 44 59.818 5.6421
600750 21 23 44 15.5548 9.1501
000869 28 16 44 25.5661 23.1021
600062 25 19 44 11.6043 -1.285
600303 21 23 44 26.6063 -23.5914
300002 27 17 44 3.1181 -34.4908
002080 24 20 44 23.3979 -7.104
000021 24 19 43 13.1021 14.038
002065 21 21 42 30.8865 -4.6037
600563 21 21 42 17.874 13.0881
600331 21 21 42 42.5551 -32.8859
600038 23 18 41 40.0987 -24.5667
000039 26 15 41 91.5833 -18.719
600198 24 17 41 30.0 -20.1053
000762 20 21 41 47.3021 12.9004
600693 22 19 41 19.1878 -12.6736
002092 18 22 40 15.0436 -20.6118
601988 19 21 40 -3.9843 -17.992
002415 24 15 39 36.5168 -16.5141
600325 15 24 39 -2.6871 -38.722
600812 22 17 39 58.8473 -22.813
600366 16 23 39 90.6891 -22.981
600176 20 19 39 56.0197 -22.5822
600456 19 20 39 31.3621 -11.848
600737 20 19 39 58.5 -36.1412
002152 25 14 39 73.2951 -3.1757
000776 20 18 38 65.0311 -43.4158
601106 22 16 38 10.4089 0.0
600066 20 18 38 42.0946 -16.1983
600261 22 16 38 85.8963 1.2768
600202 20 17 37 -3.4208 -42.0694
002063 22 15 37 47.7435 11.613
600884 18 19 37 52.2561 -28.7084
002154 18 19 37 39.4737 13.1959
601808 17 19 36 125.8179 -30.6003
600252 14 22 36 147.927 -28.8267
600546 18 18 36 78.719 -37.4201
600765 19 17 36 69.5613 -25.6727
600183 18 18 36 38.9024 -35.6999
601186 16 19 35 -3.5125 -15.1839
002081 20 15 35 125.7302 9.191
601688 21 14 35 5.4573 -41.0268
600742 13 22 35 75.7417 -36.3021
600458 18 17 35 119.204 12.7507
600426 10 25 35 12.439 -38.555
002028 17 17 34 2.2179 -14.0329
600208 20 14 34 24.2236 -26.9767
002269 18 16 34 84.7745 -13.5638
600085 21 13 34 56.7906 -3.871
600266 16 18 34 28.5666 -36.965
600118 19 15 34 53.8748 -15.8223
000650 23 11 34 59.0278 -11.5384
600410 14 19 33 52.7849 -25.7551
000961 20 13 33 21.9851 -33.9197
600196 18 15 33 16.0652 -21.6564
600487 16 17 33 48.5547 -25.8284
600655 11 21 32 6.6085 -23.4065
600388 19 13 32 24.7206 -21.6216
002236 16 16 32 91.0706 8.7626
002244 17 15 32 34.2857 -41.214
000778 16 16 32 38.2353 -32.453
600963 15 17 32 51.8811 -32.2867
000951 15 17 32 59.5156 -38.0612
600704 12 20 32 12.4226 -34.387
600197 17 15 32 9.591 10.1393
002261 17 15 32 44.2712 -21.6796
600993 16 16 32 55.4065 -25.8781
600595 15 17 32 24.1007 -26.3736
002017 18 14 32 53.753 -27.2003
600239 18 14 32 10.4043 -38.0874
300070 24 7 31 28.7731 -40.7115
002422 20 11 31 61.941 -0.7028
600521 14 17 31 12.8816 -23.8377
600517 16 15 31 -1.6024 2.215
002310 16 15 31 97.2961 12.0897
600499 18 12 30 19.8592 -8.744
601179 17 13 30 22.8616 -12.5661
600009 15 15 30 4.9438 -37.2369
600718 14 16 30 20.2361 -31.1883
000501 17 13 30 30.6108 0.7752
601919 14 16 30 6.576 -33.2286
000968 16 13 29 82.8873 -35.0857
600785 18 11 29 -8.9084 30.7858
000825 7 22 29 0.7547 -36.0817
002214 18 11 29 44.8864 -11.706
600778 12 17 29 33.6125 -10.7747
000887 22 7 29 56.7116 6.076
002344 18 11 29 70.4348 10.9322
600594 13 16 29 63.5494 -19.8853
000028 13 15 28 16.3611 -4.5472
002148 14 14 28 42.0819 -23.4081
000811 19 9 28 33.6486 12.2551
000596 17 11 28 98.0247 5.6061
600550 12 16 28 20.1978 -34.9616
600439 16 12 28 44.6409 -22.9774
000680 13 15 28 61.8327 -4.0441
600316 13 15 28 29.9041 -10.2773
000059 13 15 28 42.734 -40.9437
600161 16 12 28 0.0437 -13.9935
002029 13 14 27 10.1333 13.4449
600380 12 15 27 47.7971 -27.7708
000540 15 12 27 36.4811 -21.8677
600289 17 10 27 34.0788 -17.6459
600525 16 11 27 58.2929 -21.0728
600122 12 15 27 19.3825 -31.3478
600844 14 13 27 1.1333 -31.8894
600590 15 12 27 -7.1875 -19.8453
002157 14 13 27 21.1158 -7.5653
002273 15 11 26 57.7813 8.6945
002375 16 10 26 142.0526 -16.593
000911 16 10 26 73.0769 -29.8448
000541 14 12 26 35.4286 -5.9348
002104 16 10 26 11.3741 8.6768
600523 14 12 26 56.2378 -35.542
600703 14 12 26 9.7917 -4.2379
002048 14 12 26 31.9417 -31.1346
002086 14 12 26 80.0 -17.2609
600761 11 15 26 55.1605 -21.7387
600153 8 17 25 6.0649 -20.2263
000513 14 11 25 22.7451 -8.1582
000783 13 12 25 2.0777 -34.4268
600508 9 16 25 58.8433 -22.3761
600231 9 16 25 43.4926 -49.6063
600468 11 14 25 110.0467 19.694
000758 8 17 25 154.9717 -13.8464
002153 15 10 25 65.1564 -13.5813
600146 12 13 25 63.5542 -15.4587
600893 12 12 24 24.7209 -22.9618
600795 11 13 24 -4.9689 -21.0974
600978 11 13 24 19.9226 -36.7996
601390 9 15 24 0.4719 -29.1379
601818 17 7 24 8.1967 -200.0
600529 13 11 24 0.9518 -3.7693
000417 12 12 24 36.6197 -5.2453
600251 12 12 24 77.2444 -37.0225
600416 13 11 24 50.8243 -8.5581
600169 12 12 24 94.7032 -26.5763
002353 13 11 24 81.1818 -12.7325
600707 13 11 24 29.6271 2.3843
002089 12 12 24 60.2492 -18.7119
600432 11 13 24 30.911 -31.7093
000537 12 11 23 -26.447 -34.6847
600866 9 14 23 37.0155 -15.9917
000987 11 12 23 10.9091 -1.7421
600823 15 8 23 19.1358 -28.626
600628 14 9 23 7.0146 -39.4737
600138 9 14 23 -5.409 -15.3503
000786 12 11 23 15.2411 -24.3742
600460 10 13 23 44.3253 8.6018
002045 11 12 23 8.6061 7.2066
002121 11 12 23 66.3934 -16.981
600804 13 10 23 -3.9867 -35.3684
000713 11 12 23 66.1345 -9.376
300080 11 11 22 53.7127 -16.5992
600479 10 12 22 37.0896 -26.8971
600475 14 8 22 67.6491 -33.3983
002091 11 11 22 17.851 -12.8477
002215 13 9 22 44.2332 -36.3505
000602 15 7 22 delist
600631 11 11 22 delist
600193 10 12 22 21.8827 -35.1242
002161 13 9 22 111.4476 -38.0889
600596 8 14 22 46.0653 -49.7885
000050 13 9 22 104.3716 -2.439
000973 11 11 22 26.6445 -8.7237
600268 12 9 21 70.6364 -14.2774
601717 13 8 21 34.9237 -200.0
002250 11 10 21 50.7907 9.096
600983 7 14 21 16.8289 -41.7617
002315 11 10 21 15.5405 -11.2181
600307 8 13 21 14.2683 -41.9306
002165 8 13 21 2.9332 -32.8637
600999 11 10 21 -4.8281 -27.7228
000876 18 3 21 166.891 -29.6603
600522 11 10 21 69.692 -30.8328
002140 9 11 20 104.1729 -38.342
600329 10 10 20 16.5808 -10.9513
002249 11 9 20 22.8571 1.3153
600770 10 10 20 101.4233 -17.1208
600199 11 9 20 83.3919 23.34
002277 13 6 19 18.8218 3.2332
000629 16 3 19 42.8218 -3.5971
600584 6 13 19 6.3621 -10.7359
000598 10 9 19 9.734 13.3212
000522 11 8 19 delist
600622 10 9 19 19.8824 -41.8059
000418 10 9 19 46.8401 -24.0351
600295 9 10 19 92.4752 -26.1181
600428 10 9 19 17.1348 -34.9904
002194 8 11 19 -0.5011 -37.4266
000837 10 9 19 39.002 -19.6183
000655 9 10 19 75.3386 -36.0534
600723 14 4 18 30.2781 -26.1009
002115 9 9 18 43.2558 -32.9336
600586 8 10 18 48.1481 -40.4989
600754 11 7 18 29.9944 -39.2332
002069 11 7 18 58.4689 6.8843
000566 11 7 18 66.648 -14.5337
600351 10 8 18 23.2877 -28.7071
600713 9 9 18 18.4158 -10.0177
600326 8 10 18 68.1205 -30.8315
002266 12 6 18 89.5161 -19.8449
600403 13 5 18 90.4548 -22.8336
600697 8 10 18 4.2358 -2.7778
600559 10 8 18 61.3802 -2.5494
600500 9 9 18 29.5082 -28.1005
600177 10 8 18 6.2257 -34.3603
600178 7 11 18 22.6891 -41.6292
600888 12 6 18 63.3832 -26.4643
601600 10 8 18 7.3016 -30.6075
600644 8 10 18 91.8094 -27.343
000728 9 9 18 2.7661 -33.3771
000625 8 10 18 6.1384 -28.7145
002013 11 7 18 186.1917 -22.7931
600335 13 5 18 101.7115 -3.1953
000893 9 9 18 26.1463 -37.0564
600157 9 8 17 0.9126 3.38
002238 9 8 17 34.7869 -25.1512
600005 5 12 17 -0.9259 -34.9665
600035 9 8 17 -2.5092 -24.5638
600327 12 5 17 36.405 2.593
002129 12 5 17 153.6785 -9.9759
002293 10 7 17 37.7433 15.9224
002252 7 10 17 46.9175 -5.2734
600026 8 9 17 17.2497 -36.7267
600132 11 6 17 55.0056 21.329
000550 9 8 17 56.5649 -14.3458
600571 8 9 17 18.9507 -26.971
600673 13 4 17 69.5652 11.1455
600058 9 8 17 122.6004 -22.1407
002005 8 9 17 -0.2902 -15.4263
601898 6 11 17 27.5736 -29.0488
000936 10 7 17 43.4875 -1.7798
000839 10 7 17 6.2057 -27.0041
600527 9 8 17 56.0476 -30.2661
002158 10 7 17 79.1045 -5.8107
002055 10 6 16 117.6984 -13.2792
002336 10 6 16 -0.84 -20.17
002233 8 8 16 54.321 -36.4551
000562 8 8 16 delist
600971 9 7 16 108.5072 -26.1197
002254 9 7 16 57.2417 -16.4193
601999 8 8 16 -2.3884 -31.4457
600054 9 7 16 -7.6842 -10.8873
000903 9 7 16 62.963 -26.2786
000888 7 9 16 2.6786 1.8872
600422 7 9 16 37.9722 -15.1143
002128 9 7 16 45.496 -17.7198
002303 9 7 16 33.6309 -8.4317
600361 11 4 15 33.291 -19.2629
000962 9 6 15 87.9145 11.9743
002099 6 9 15 47.5511 7.1402
000988 10 5 15 32.4157 -16.2167
600486 7 8 15 33.2465 -46.7152
000551 8 7 15 48.4615 -11.2195
601158 8 7 15 4.8673 -40.1561
600779 7 8 15 21.179 -11.4226
002437 8 7 15 25.8254 2.8148
600223 7 8 15 7.5145 -42.633
000639 9 6 15 50.2033 -14.463
000939 8 7 15 27.8823 -11.5411
600160 6 9 15 156.5611 -15.5964
600509 7 8 15 19.0603 -30.739
600438 8 7 15 23.3871 -36.4437
002051 8 6 14 82.1109 -8.4306
600150 8 6 14 18.9762 -21.0255
300027 8 6 14 -8.9978 -6.2592
002200 4 10 14 14.7988 -6.7797
600502 8 6 14 61.0979 -40.7829
600330 6 8 14 113.7206 -0.7663
002475 10 4 14 39.96 -200.0
002185 7 7 14 68.9238 -17.6543
300058 9 5 14 34.4762 -25.9421
000661 8 6 14 75.469 -8.5443
600830 6 8 14 8.5884 -18.887
600139 9 5 14 65.5157 -27.7758
300048 8 6 14 58.58 -28.576
000970 7 7 14 133.1667 -6.4025
600897 7 6 13 -7.1823 -20.6138
300082 7 6 13 25.2409 -12.6534
600273 7 6 13 -7.3509 -4.9774
002232 9 4 13 85.8529 -35.9585
600616 6 7 13 18.83 -30.9226
002064 4 9 13 31.5728 -23.6733
600869 7 6 13 95.6588 -29.5282
002296 9 4 13 60.0698 -21.371
002320 8 5 13 6.2331 -27.3845
002326 7 6 13 21.5887 7.0615
300015 8 5 13 11.9433 11.3313
600059 7 6 13 30.8725 0.0798
600056 5 8 13 23.7301 -33.9885
002262 7 6 13 25.1981 19.9674
600087 5 8 13 delist
600991 9 4 13 delist
300003 7 6 13 6.9504 -7.1375
600185 8 5 13 -9.1811 -36.6064
002019 5 8 13 30.155 -47.2041
600075 5 7 12 18.295 -23.7223
600575 9 3 12 41.3423 -25.4129
002242 6 6 12 26.5323 -34.7332
002299 9 3 12 33.9419 -10.8875
601918 5 7 12 35.2262 -31.3406
000989 6 6 12 22.7461 -15.4259
000927 3 9 12 1.1925 -21.5385
002324 5 7 12 39.3646 -21.2396
000090 6 6 12 38.677 -40.9933
002410 7 5 12 147.7823 -7.3205
600485 5 7 12 41.2566 -30.753
002003 4 8 12 52.1839 -22.2355
002431 7 5 12 173.2382 -22.3712
600292 7 5 12 120.1149 -26.6957
000930 6 6 12 13.3059 -35.4758
002384 7 5 12 26.9857 -18.0681
600436 7 5 12 85.1946 7.2481
600545 6 6 12 -13.6405 -26.6106
002223 7 5 12 45.2161 26.6004
000616 6 6 12 15.5756 -32.998
000715 8 4 12 21.4231 -8.7386
002159 6 6 12 14.232 -14.4557
600337 8 4 12 50.1412 -33.247
600409 5 7 12 36.5289 -22.3275
002376 7 4 11 37.9421 -23.5297
600420 7 4 11 38.712 -17.2003
300077 6 5 11 9.7411 -29.5785
002414 6 5 11 24.5387 -200.0
002094 6 5 11 45.9272 3.9755
600106 5 6 11 -10.8293 -13.6778
600815 6 5 11 77.801 -11.9912
000799 6 5 11 81.6667 -24.4544
300029 6 5 11 51.4482 -20.2796
600863 5 6 11 42.7711 -20.5399
002011 6 5 11 47.6219 -20.8525
600825 6 5 11 -1.2401 -27.7526
002253 6 5 11 27.6248 -16.8113
600528 3 8 11 10.4623 -33.9281
600257 7 4 11 38.0282 -26.611
600829 6 5 11 23.6427 -9.8065
002138 6 5 11 79.8342 -3.5394
000514 5 6 11 0.4667 -35.6034
600055 6 5 11 10.2759 0.7983
000707 5 6 11 28.2986 -37.3151
002430 6 5 11 43.5052 -1.69
300055 7 4 11 92.2421 -33.3733
000861 6 5 11 42.9802 -14.1313
000547 6 5 11 47.4399 -9.5373
002251 6 5 11 18.6788 -13.3807
600496 8 3 11 84.0629 -32.3369
000972 7 4 11 44.5545 -20.9649
000016 3 8 11 -3.6557 -39.6465
600649 4 7 11 -6.2048 -34.3443
601618 5 6 11 -3.2178 -21.5686
000652 7 4 11 6.5197 -18.5493
002340 5 6 11 28.067 -20.9311
000712 7 4 11 4.6163 -34.7656
600117 6 5 11 40.96 -47.1039
600332 6 5 11 124.6854 -27.7228
601866 5 5 10 30.6122 -29.724
600657 5 5 10 -8.1081 -40.625
002457 5 5 10 30.3096 -200.0
601678 5 5 10 14.6562 -32.5322
002482 6 4 10 41.149 -200.0
000046 5 5 10 9.3788 -38.668
002067 5 5 10 -1.4815 -27.1207
000708 6 4 10 44.4967 -20.5642
002023 4 6 10 53.5455 -30.3172
000415 7 3 10 31.5599 -14.2857
600872 4 6 10 6.6763 -35.2564
600587 5 5 10 96.014 -20.6709
000785 5 5 10 40.7362 -26.0436
000608 5 5 10 5.132 -29.2306
000100 4 6 10 -10.9091 -30.6273
300124 8 2 10 52.06 -200.0
600497 4 6 10 54.759 -29.585
600491 5 5 10 52.7812 -52.3254
000686 6 4 10 -7.125 -30.2271
600597 7 3 10 36.9826 -28.9526
000055 5 5 10 14.6482 -17.8843
600507 5 5 10 73.5063 -42.0019
000656 6 4 10 11.0444 -45.0512
300039 6 4 10 65.7362 -15.9169
600729 4 5 9 6.3316 4.6609
000419 4 5 9 19.096 -9.7398
002050 3 6 9 48.3614 -6.9856
002285 5 4 9 29.3776 -22.8949
002025 4 5 9 29.1 -28.3253
000990 4 5 9 32.4101 -36.0442
600270 4 5 9 32.2388 -33.5493
002334 6 3 9 56.2351 0.3524
600108 6 3 9 47.5336 -30.8682
600323 4 5 9 30.7543 -9.2011
600269 3 6 9 -0.8897 -28.2562
000965 3 6 9 4.6784 -36.2137
002037 6 3 9 76.6341 -13.8358
002032 5 4 9 28.4946 17.4216
600284 6 3 9 82.1527 -22.5761
600820 4 5 9 29.7543 -38.6856
600828 4 5 9 30.2143 -10.7215
000677 3 6 9 0.0 -43.5644
600738 4 5 9 7.7381 -23.1718
002255 6 3 9 6.45 -14.8243
000507 5 4 9 37.4554 -17.3095
600967 5 4 9 26.707 -18.9976
000780 4 5 9 75.2 -35.1797
600598 3 6 9 10.5263 -17.1948
002004 6 3 9 6.5455 1.3773
002006 5 4 9 315.2074 -28.8674
300059 5 4 9 -2.4495 -40.5904
002187 4 5 9 7.5547 -16.6201
002168 3 6 9 177.491 -23.5619
600990 3 6 9 -8.6267 -12.2517
002220 4 5 9 13.6939 5.9615
000755 6 3 9 92.8036 -32.8421
002325 6 3 9 42.8571 -4.2964
002156 6 3 9 33.0597 -9.3582
002110 4 4 8 24.7766 -40.1662
002117 4 4 8 40.5512 -5.2802
600095 4 4 8 73.591 -18.4066
600797 3 5 8 15.0235 -31.0857
600373 5 3 8 23.2178 -7.5593
600392 3 5 8 56.4 -27.7447
600612 5 3 8 -0.4732 -35.5561
300004 5 3 8 15.7109 -14.5833
600560 4 4 8 42.8665 -17.5031
002088 4 4 8 9.6946 -40.1819
002297 4 4 8 21.4202 -1.086
000919 5 3 8 25.1233 -27.6471
002036 5 3 8 46.8947 -11.4723
002031 6 2 8 65.7283 -36.8772
600446 4 4 8 38.8724 -33.9198
600995 5 3 8 72.7407 -13.7742
000671 4 4 8 19.6092 -36.5699
600280 6 2 8 38.0 -14.5333
002322 4 4 8 -3.6904 -25.8605
002327 5 3 8 21.7199 7.9381
600881 4 4 8 7.2 -30.2531
002179 5 3 8 55.1261 -19.0036
600702 5 3 8 85.8392 -26.2885
601101 4 4 8 51.0493 -25.5647
600877 5 3 8 32.1038 -41.0879
600873 4 4 8 52.6477 -13.3303
002139 4 4 8 41.5941 -8.0202
002268 3 5 8 28.8406 -20.2794
002042 4 4 8 60.7759 -2.8703
002167 7 1 8 148.43 -7.7315
002163 4 4 8 36.1736 8.9243
002449 5 3 8 54.6192 -200.0
600461 4 4 8 22.9137 -12.7302
000667 2 6 8 -7.9511 -31.5237
002345 4 4 8 7.7447 -14.8087
600843 4 4 8 82.6555 -32.7571
600423 3 5 8 19.5599 -14.9395
600760 5 3 8 77.2853 -21.7391
600184 4 4 8 147.3563 -30.7926
600339 4 4 8 17.3804 -32.8265
600259 4 3 7 157.9198 41.5205
600895 3 4 7 -0.3405 -27.0439
600086 4 3 7 186.4571 -32.0883
600790 5 2 7 39.9719 -37.5912
600375 5 2 7 69.1358 -26.381
600576 3 4 7 14.9578 -11.4642
000997 4 3 7 67.9727 -31.5687
000665 5 2 7 29.1667 2.7096
600240 5 2 7 36.9485 -33.829
000426 5 2 7 82.1053 -32.9889
600816 4 3 7 0.0 -30.9645
600867 3 4 7 47.7642 -15.6404
600710 4 3 7 26.8015 9.6591
600102 3 4 7 delist
000519 4 3 7 13.8869 -32.8708
002291 4 3 7 29.3603 -14.1307
002292 4 3 7 38.8646 -17.3333
601718 4 3 7 -31.4425 -200.0
000901 5 2 7 40.9822 -25.6537
600219 3 4 7 21.25 -33.3084
000536 3 4 7 32.2089 -10.6707
600435 4 3 7 32.1429 -27.8822
600827 4 3 7 21.548 -22.2167
002256 3 4 7 89.7406 -27.6717
002408 3 4 7 62.8479 -5.0562
002010 3 4 7 44.097 -22.0317
300018 4 3 7 -7.7922 -25.1411
600088 2 5 7 6.4105 -4.1708
600459 3 4 7 56.5574 1.658
600227 3 4 7 17.3038 -31.0309
600831 2 5 7 16.3842 -10.7842
600832 6 1 7 delist
601801 4 3 7 38.6801 -32.7805
000932 3 4 7 -5.8974 -38.6364
600642 3 4 7 -3.4177 -28.1544
002339 4 3 7 18.6213 -31.4593
600017 4 3 7 10.9819 -30.3781
600391 4 3 7 45.4816 -43.941
000726 3 4 7 18.2182 -28.6459
002078 3 4 7 13.3603 -0.5091
600480 4 3 7 38.404 -21.6792
600360 5 2 7 46.1322 -31.0914
300041 4 3 7 10.5291 18.9874
002298 3 4 7 17.4213 -24.9548
600808 1 6 7 6.5415 -26.1072
000099 3 3 6 82.866 -27.825
000026 3 3 6 37.919 -7.1791
600962 3 3 6 22.3897 -44.8839
600369 3 3 6 -6.2853 -26.6381
600378 3 3 6 90.899 -30.2546
600368 3 3 6 17.1316 -32.0304
600377 4 2 6 7.2698 -21.4606
600382 3 3 6 43.7313 -35.4411
002371 2 4 6 135.2432 -31.8182
300072 5 1 6 6.6351 -30.6972
000669 6 0 6 124.9123 -1.4523
000428 3 3 6 3.5204 -18.3478
300101 4 2 6 54.9875 -200.0
600551 4 2 6 -3.4682 -21.3467
002248 3 3 6 55.3926 -15.6009
002068 1 5 6 12.5 -39.5932
002097 3 3 6 31.8833 -3.6194
000565 2 4 6 1.746 -37.931
000635 3 3 6 34.007 -36.1455
600717 2 4 6 0.0 -30.4128
002294 2 4 6 3.1286 6.0248
600365 3 3 6 -1.904 2.6753
002424 3 3 6 38.5367 -0.8142
000413 3 3 6 61.2385 -7.828
300064 4 2 6 94.556 -38.7825
300115 4 2 6 11.6102 -200.0
000862 3 3 6 42.0345 -32.7946
600386 3 3 6 10.226 -30.2362
002407 3 3 6 83.1482 11.2804
002358 4 2 6 6.9928 -13.8913
001696 2 4 6 -1.2646 -17.3723
600682 3 3 6 24.1698 -22.9508
600683 3 3 6 21.6354 -37.7483
600170 3 3 6 47.1972 -32.5565
600172 3 3 6 114.1429 -29.3909
600053 3 3 6 10.2459 -29.878
600543 3 3 6 15.8607 -14.876
600510 2 4 6 -5.9856 -36.3312
600226 3 3 6 53.3333 -25.7163
300022 4 2 6 -9.2199 -3.2701
000905 3 3 6 -5.7499 -22.4468
000546 3 3 6 -3.6056 -21.2515
000768 3 3 6 18.7867 -30.503
601117 5 1 6 46.3291 -21.627
600081 3 3 6 44.9541 -34.8
600129 4 2 6 29.404 -35.6576
600078 3 3 6 17.3656 -36.92
002342 4 2 6 19.2433 -32.9319
600531 4 2 6 181.2002 -26.0427
600801 5 1 6 77.686 -32.6948
000503 3 3 6 49.8795 -28.4821
000807 5 1 6 46.3235 -37.5954
600168 3 3 6 20.9239 -38.0862
002386 4 2 6 13.6626 -41.2343
000066 3 3 6 25.0 -16.2542
300033 5 1 6 0.9096 -38.2459
002290 4 2 6 42.4554 -30.9807
600258 2 3 5 31.9174 -22.9144
002243 4 1 5 50.3158 -27.7366
000821 3 2 5 38.1107 -24.6964
000925 4 1 5 35.4641 -12.1698
300086 3 2 5 54.6334 -9.5179
002020 3 2 5 48.8889 -10.5305
600987 2 3 5 32.7718 -27.2752
600470 3 2 5 23.1057 -21.4925
002332 2 3 5 53.4615 -24.6457
002330 3 2 5 6.5455 -25.2044
600850 3 2 5 39.1178 -18.6025
002318 2 3 5 9.4587 -39.0708
000948 1 4 5 37.308 -37.8471
002147 2 3 5 43.5262 -17.2901
002066 3 2 5 45.4698 -36.7246
002096 2 3 5 49.6914 -25.6377
002469 4 1 5 27.451 -200.0
002122 3 2 5 36.8421 -38.1621
600350 2 3 5 -6.9721 -23.2023
600478 1 4 5 34.4255 -38.8102
002225 3 2 5 9.8636 -27.6866
600363 2 3 5 7.5645 -8.0808
002033 3 2 5 91.4539 -7.6527
600449 3 2 5 56.962 -46.6648
000530 2 3 5 51.3364 -36.8852
000928 2 3 5 117.9012 -31.6667
300065 3 2 5 50.1861 -45.6086
000679 2 3 5 43.8827 -37.2595
600736 2 3 5 -6.2612 -36.5973
002397 4 1 5 20.3419 -14.0768
600824 2 3 5 9.1627 -46.215
600311 3 2 5 133.1242 -23.8144
600137 3 2 5 52.9515 -44.7053
600961 2 3 5 85.8921 -33.4546
600488 2 3 5 27.5613 -32.4312
600004 2 3 5 0.9181 -22.935
000959 2 3 5 37.6947 -38.952
600008 3 2 5 19.9643 -28.5811
000952 3 2 5 22.4138 -41.377
002217 2 3 5 21.4035 -40.5557
002351 3 2 5 -5.9116 -19.1511
600675 2 3 5 -3.6212 -32.9832
002183 4 1 5 2.9514 1.9004
600773 3 2 5 135.0832 -34.6921
002009 2 3 5 28.4007 -29.4276
000900 2 3 5 19.4073 -31.7054
600839 2 3 5 -2.6316 -19.3552
002399 4 1 5 15.9223 -34.0241
002387 2 3 5 15.625 -32.689
002264 1 4 5 28.0802 -20.3337
600641 2 3 5 8.0 -24.0783
300096 2 3 5 37.0168 -200.0
600396 3 2 5 14.875 -14.0445
300005 4 1 5 60.5904 -23.1263
601877 3 2 5 32.9817 -27.2235
300105 3 2 5 45.8483 -200.0
600189 2 3 5 22.8717 -28.6099
002015 3 2 5 43.8424 -19.2308
002014 2 3 5 46.5432 -10.6708
600343 2 3 5 46.4972 31.8513
000488 2 3 5 6.9697 -23.1926
300036 3 2 5 -8.8851 -8.4151
002271 2 2 4 67.517 -24.927
000627 3 1 4 13.8636 -32.023
002060 2 2 4 55.2846 -28.3148
600894 2 2 4 47.9087 -38.9499
300054 3 1 4 39.6137 -15.7989
600248 3 1 4 68.99 -26.3135
002114 2 2 4 -3.0233 -10.2604
600158 1 3 4 -7.3201 -34.2175
002286 2 2 4 7.9196 -17.542
600658 3 1 4 19.5969 -29.28
002456 4 0 4 49.4384 -200.0
002454 2 2 4 36.4653 -200.0
002453 2 2 4 106.1383 -200.0
002452 3 1 4 -1.2292 -200.0
601002 2 2 4 94.209 -4.0468
002419 2 2 4 37.7816 -6.0712
002093 3 1 4 41.471 -21.6667
600107 4 0 4 25.9516 -40.178
600101 1 3 4 107.4883 -29.0073
600810 2 2 4 8.0934 -39.1843
600814 2 2 4 9.7276 -21.3757
300026 2 2 4 20.7147 -30.4014
000796 2 2 4 29.0741 -34.7771
002206 2 2 4 35.1771 -9.5918
600592 2 2 4 18.4 -25.8162
002109 3 1 4 27.7078 -31.3964
000404 1 3 4 -16.6055 -0.4854
002197 2 2 4 9.5363 -43.1431
000915 3 1 4 76.9 -25.4317
002035 2 2 4 106.9519 -27.2602
600826 2 2 4 35.1928 -26.3845
300067 2 2 4 4.2941 -37.7816
002498 2 2 4 1.5158 -200.0
000548 2 2 4 13.3122 -44.2593
000777 2 2 4 92.2319 -25.8865
300150 4 0 4 -19.5286 -200.0
000921 3 1 4 15.3153 -25.6944
600408 2 2 4 -0.6993 -25.133
600783 3 1 4 99.5402 -23.1465
600960 2 2 4 73.0985 -21.157
600966 1 3 4 10.5485 -30.3518
002272 2 2 4 35.6171 -23.4363
600469 3 1 4 5.3063 -27.3523
300010 2 2 4 68.2662 -31.3555
002216 3 1 4 38.3486 8.9636
600874 2 2 4 12.1547 -29.4621
002134 2 2 4 30.8042 -34.086
002132 3 1 4 199.3359 -27.8735
000014 2 2 4 -8.7915 -28.8406
600677 2 2 4 51.5267 -31.4763
000042 2 2 4 33.5643 -43.2582
600109 2 2 4 5.1799 -35.4177
600236 2 2 4 1.1494 -21.074
002311 2 2 4 36.0496 -18.8086
002313 2 2 4 66.0432 -22.0406
002385 3 1 4 20.5343 -45.8437
600629 2 2 4 1.9063 -16.5742
000636 2 2 4 16.1078 8.3333
601377 2 2 4 9.0175 -200.0
000918 2 2 4 2.0888 -40.2295
002405 3 1 4 65.0303 11.1575
002368 3 1 4 54.9014 -35.5752
000868 2 2 4 19.705 -39.2617
300049 2 2 4 14.2881 -22.6897
002362 2 2 4 -26.0085 -9.3178
600305 2 2 4 33.6655 -6.2884
600012 1 3 4 10.4673 -24.3792
000685 1 3 4 9.7423 -46.3173
002226 2 2 4 32.3711 -20.4628
002227 1 3 4 17.1751 -21.6388
000619 2 2 4 2.2869 -37.3586
600861 2 2 4 17.3302 -20.5228
000897 2 2 4 24.94 -35.107
000158 2 2 4 -13.0378 -31.0698
601268 2 2 4 delist
600359 1 3 4 18.4718 -32.6315
002018 2 2 4 8.2963 -43.9045
600553 2 2 4 delist
600503 2 2 4 67.833 -34.4086
000578 2 2 4 delist
300040 2 2 4 10.6407 -27.6882
300047 2 2 4 20.0494 -26.2915
300045 2 2 4 21.6853 -15.5868
002302 2 2 4 1.1291 -20.6134
002301 1 3 4 -4.1588 -25.734
002306 3 1 4 26.0984 -22.2111
300037 2 2 4 1.79 -17.4235
300137 2 2 4 14.7447 -200.0
600725 0 4 4 24.3421 -34.9042
000717 0 4 4 2.7322 -34.4954
002193 2 1 3 8.9714 -4.5671
000822 1 2 3 26.9017 -36.4439
002053 2 1 3 14.7738 -35.4375
002118 2 1 3 175.0643 -18.2877
600379 1 2 3 -1.5004 -33.315
600071 1 2 3 38.427 -13.151
600986 1 2 3 37.5 -21.6925
600572 2 1 3 52.024 -16.112
600201 1 2 3 47.0479 -7.8873
600218 2 1 3 127.3826 -35.8124
000607 1 2 3 16.9643 -38.5227
600855 2 1 3 40.8805 -18.6701
000748 2 1 3 13.2394 -38.3972
002245 2 1 3 65.5114 10.8105
000880 2 1 3 20.0817 -22.7421
600033 1 2 3 -8.9744 -23.0947
600322 1 2 3 9.4203 -39.2446
600976 1 2 3 77.9595 -22.0792
300122 2 1 3 -7.9637 -200.0
600811 1 2 3 37.303 -30.2354
300020 1 2 3 39.5643 -23.8277
300143 2 1 3 19.1525 -200.0
300144 2 1 3 -12.7151 -200.0
000022 1 2 3 19.8576 -28.1269
002369 2 1 3 54.376 -26.4935
002283 2 1 3 91.4016 -17.7917
000031 2 1 3 -9.7101 -31.0893
002100 3 0 3 17.4307 -13.6607
002192 1 2 3 13.0539 23.9899
600782 2 1 3 12.5245 -34.0674
002151 2 1 3 16.9655 -7.0971
601369 2 1 3 44.4175 -10.4826
600666 1 2 3 19.5122 -22.1097
002421 2 1 3 16.8176 -3.4417
600569 2 1 3 -6.3712 -28.8344
000597 2 1 3 10.5093 -35.6884
600007 1 2 3 2.7523 -11.6752
600372 1 2 3 -200.0 -200.0
600285 1 2 3 40.2235 -37.021
000410 2 1 3 9.8004 -15.9184
000036 2 1 3 3.4211 -39.0675
300113 3 0 3 -1.1114 -200.0
300083 3 0 3 58.8398 -17.6678
002493 2 1 3 1.1225 -200.0
002392 3 0 3 17.1348 -26.1387
002328 2 1 3 24.2623 -37.6871
300088 1 2 3 77.9868 -25.2215
002079 2 1 3 96.7853 -18.4187
002172 2 1 3 20.1571 -25.5298
002438 1 2 3 41.5534 -17.5831
002177 3 0 3 53.1145 -28.5714
600310 2 1 3 58.3212 -11.6764
000554 2 1 3 26.2849 -25.0562
000683 1 2 3 50.5785 -45.5053
600838 2 1 3 0.939 -43.338
000788 2 1 3 59.73 -30.537
600688 2 1 3 13.6479 -22.8426
002503 3 0 3 6.7368 -200.0
600121 1 2 3 41.3911 -33.933
600777 1 2 3 -16.4265 -3.1068
600774 2 1 3 52.6059 -31.9635
300025 2 1 3 30.6635 -14.2411
600516 3 0 3 107.8635 -27.784
000584 1 2 3 28.2577 -39.3382
002316 2 1 3 3.883 -31.9573
002208 1 2 3 2.7128 -9.9913
300118 1 2 3 5.3454 -200.0
000420 2 1 3 68.5371 -24.513
000789 3 0 3 77.1102 -24.9729
002380 1 2 3 8.0063 -44.0715
002043 2 1 3 68.2759 -29.4158
600749 2 1 3 40.2196 -22.9719
000407 2 1 3 38.6325 -36.7161
300099 2 1 3 44.801 -200.0
002444 2 1 3 40.5464 -200.0
300090 2 1 3 44.7013 -3.9381
000721 3 0 3 67.2815 -33.7761
000727 3 0 3 74.103 -33.0065
600399 2 1 3 35.6436 -36.2694
002228 2 1 3 -0.6703 17.0242
600848 1 2 3 35.7548 -34.9961
002432 2 1 3 44.8458 -17.3243
601933 3 0 3 -3.2518 -200.0
600763 2 1 3 110.5374 -32.1678
600098 3 0 3 50.0898 -23.975
600505 2 1 3 13.3735 -21.3592
600803 2 1 3 5.2964 10.1599
600318 1 2 3 78.9877 -32.6861
300030 1 2 3 18.716 -23.1027
300134 3 0 3 24.8345 -200.0
600238 1 1 2 32.5932 -3.9789
002278 2 0 2 22.7576 -37.6294
000159 1 1 2 46.4108 -13.3739
002396 2 0 2 62.2214 -15.1466
600780 1 1 2 11.1111 -23.2595
600787 1 1 2 16.8619 -29.0043
000049 1 1 2 21.7492 40.8322
002111 1 1 2 64.9215 -26.0327
600090 1 1 2 38.9527 -22.7835
600573 1 1 2 10.461 -12.6293
002450 2 0 2 59.1022 -200.0
000995 1 1 2 87.0922 -10.3774
000996 1 1 2 6.77 -25.0747
600871 2 0 2 87.4317 -17.8409
600290 1 1 2 34.0502 -33.7591
600272 1 1 2 28.0556 -42.5461
600277 1 1 2 33.8792 -24.3926
002338 1 1 2 29.5504 -39.2872
600262 1 1 2 73.9955 -29.6841
000949 1 1 2 8.75 -33.0779
300102 1 1 2 5.5472 -200.0
000610 1 1 2 78.0063 -32.0904
000698 1 1 2 15.2174 -12.561
002488 1 1 2 -3.8976 -200.0
002484 1 1 2 27.97 -200.0
600589 1 1 2 21.2885 -12.078
600835 1 1 2 12.4204 -27.2163
002416 1 1 2 12.9312 -8.9749
002413 1 1 2 47.7097 -21.2368
000881 1 1 2 38.4144 -17.3865
000006 1 1 2 32.0076 -35.0012
002095 1 1 2 7.3112 2.081
600320 1 1 2 -1.2103 -31.236
600536 1 1 2 6.2199 -15.1626
000564 1 1 2 19.2403 -18.882
002465 1 1 2 -18.3657 -200.0
000977 1 1 2 107.9924 -33.2018
600405 1 1 2 38.3577 -32.1924
002309 1 1 2 -3.4053 -28.2887
000032 1 1 2 25.5128 -21.5543
600077 1 1 2 9.6819 -47.541
000709 1 1 2 3.0023 -31.4019
300024 1 1 2 54.6306 -18.3253
300142 2 0 2 -2.3102 -200.0
002085 1 1 2 53.5533 -35.6105
002364 1 1 2 19.4001 -37.1597
600211 1 1 2 63.8254 -33.7013
000678 1 1 2 17.3653 -21.1414
002281 1 1 2 44.6721 -15.3816
000592 2 0 2 58.2437 -30.068
600097 1 1 2 1.9332 -26.2757
002102 2 0 2 39.8045 -27.9678
600784 1 1 2 41.5502 -32.6425
600789 1 1 2 15.7823 3.8576
000524 1 1 2 5.676 -14.7321
002398 1 1 2 18.2815 -5.8377
002098 1 1 2 111.3673 -31.6697
600565 1 1 2 -4.0619 -30.5381
300089 1 1 2 18.7032 -14.1681
000982 1 1 2 66.3555 3.9641
300068 2 0 2 14.3299 -44.745
000920 1 1 2 39.0558 -29.3869
600638 1 1 2 -7.4872 -45.9559
002390 1 1 2 27.2919 -37.5143
000544 1 1 2 18.3962 -19.6284
002176 1 1 2 97.1655 -6.8204
002077 1 1 2 62.4113 -28.3566
002400 1 1 2 47.31 -20.3185
600253 1 1 2 delist
000735 1 1 2 13.6428 -27.7249
600577 1 1 2 48.1638 -27.8868
000301 1 1 2 6.6946 -30.1538
002308 1 1 2 8.0978 -8.1676
002210 1 1 2 31.0386 -12.5058
002352 1 1 2 27.089 -31.5141
002355 1 1 2 23.5206 -25.6816
002356 1 1 2 4.3228 -30.7465
600708 1 1 2 19.6172 -44.1097
002133 1 1 2 6.229 -38.5439
600870 1 1 2 18.75 -200.0
600685 1 1 2 42.254 -26.9949
600676 1 1 2 10.3286 -41.0676
600674 1 1 2 24.2833 -23.0131
600027 1 1 2 -12.1369 -24.8996
600171 1 1 2 30.1538 -28.6041
002182 1 1 2 59.7623 -24.4555
002184 1 1 2 46.251 -9.1053
000793 1 1 2 10.7951 -29.8611
002458 1 1 2 5.3245 -200.0
002348 1 1 2 24.8107 -29.4149
600228 1 1 2 48.1645 -28.6617
300012 1 1 2 67.7419 -35.0583
601727 1 1 2 22.1896 -33.2996
600230 1 1 2 14.578 -37.8211
600306 1 1 2 36.9691 -28.2979
600297 1 1 2 40.3896 -16.3793
002317 1 1 2 31.1442 -34.8604
000882 1 1 2 24.6122 -40.5291
600834 1 1 2 -5.6227 -33.2534
600173 1 1 2 -9.7242 -22.3404
600061 1 1 2 38.8889 -18.7835
600735 1 1 2 3.1176 -37.2995
002044 1 1 2 102.8188 -22.4781
002164 2 0 2 40.3535 -27.2579
000516 1 1 2 27.027 3.4904
600992 1 1 2 32.1809 -28.5476
000979 1 1 2 84.0459 -37.1371
600299 1 1 2 62.6866 -39.823
002446 1 1 2 29.3556 -200.0
000720 1 1 2 14.8058 -24.1966
000725 2 0 2 11.6608 -41.0309
600265 1 1 2 20.3684 -20.7306
300009 1 1 2 12.2428 -21.3181
300006 1 1 2 57.7634 -27.7819
600540 1 1 2 27.265 -20.5724
000752 1 1 2 16.9192 -26.874
002433 1 1 2 20.5044 -19.7682
000710 1 1 2 32.6249 -49.5169
600011 1 1 2 -0.8724 -13.388
000506 1 1 2 82.7922 -36.4359
002289 2 0 2 52.0705 -40.7224
600069 1 1 2 -2.926 -15.5102
000909 1 1 2 1.3052 -29.8246
002411 1 1 2 47.622 -13.5623
600233 1 1 2 11.0675 -21.9663
000572 1 1 2 18.4 -34.6883
000571 1 1 2 8.7479 -32.0906
300043 2 0 2 46.8588 -21.1454
300046 1 1 2 90.4124 -23.6156
600346 1 1 2 31.8801 -40.3347
600345 1 1 2 37.8116 -29.857
600010 1 1 2 23.0519 -30.26
600806 1 1 2 10.4672 -20.1909
002528 2 0 2 -10.5674 -200.0
002263 1 1 2 39.9437 -19.2308
300034 2 0 2 66.6667 -36.8312
002267 0 2 2 31.2226 -22.2286
600159 0 2 2 9.8689 -42.1156
000539 0 2 2 -5.92 -16.2338
600558 0 2 2 8.2854 -20.8398
002062 0 2 2 6.746 -14.407
000525 0 2 2 14.5066 -21.4618
600186 0 2 2 8.2589 -34.963
000533 0 2 2 -1.5414 -5.6075
000089 0 2 2 3.2815 -28.5714
000601 0 2 2 13.9572 -36.9231
600126 0 2 2 3.4043 -27.6817
002082 0 2 2 26.0 -34.0249
000088 0 2 2 -1.129 -28.7067
600018 0 2 2 -3.6964 -30.5903
002275 1 0 1 10.8444 -27.5338
000062 1 0 1 5.2045 -23.6102
300158 1 0 1 -200.0 -200.0
002247 1 0 1 70.9459 -35.1428
002372 1 0 1 37.2973 -42.0222
600724 1 0 1 -6.9401 -31.6151
300091 1 0 1 64.1601 -11.5115
600650 1 0 1 11.7313 -45.7627
000534 1 0 1 14.9446 -34.0621
300087 1 0 1 94.2319 -16.2113
600985 1 0 1 58.8185 -30.8076
600980 1 0 1 137.5099 -5.0038
002455 1 0 1 9.124 -200.0
000910 1 0 1 20.0837 -36.0225
601003 1 0 1 15.9624 -40.671
300076 1 0 1 8.8092 -15.5435
002489 1 0 1 -5.4849 -200.0
002485 1 0 1 2.2222 -200.0
002480 1 0 1 52.6886 -200.0
600619 1 0 1 20.7607 -23.2534
600822 1 0 1 -1.9324 -28.3789
002418 1 0 1 29.4118 -10.6045
002401 1 0 1 39.6835 -24.0444
600743 1 0 1 0.0 -26.6922
000816 1 0 1 67.0968 -36.3963
601118 1 0 1 -200.0 -200.0
600819 1 0 1 101.8547 -24.1082
600151 1 0 1 50.6566 -26.0806
002367 1 0 1 36.8193 -35.7651
002474 1 0 1 6.2004 -200.0
601872 1 0 1 -1.6746 -28.2066
600712 1 0 1 47.3709 -15.6951
600665 1 0 1 -2.6 -29.7558
000521 1 0 1 24.5652 -23.0228
300151 1 0 1 -17.2174 -200.0
002039 1 0 1 22.6047 -3.3058
600187 1 0 1 42.9885 -4.2017
002477 1 0 1 -1.2069 -200.0
600215 1 0 1 46.1274 -36.5494
000590 1 0 1 112.3783 -24.7228
000591 1 0 1 30.1154 -19.224
002321 1 0 1 51.4063 -31.1645
002169 1 0 1 52.0586 -24.3979
601107 1 0 1 -0.4505 -29.6035
002490 1 0 1 12.7131 -200.0
002494 1 0 1 10.5654 -200.0
600400 1 0 1 42.7711 -29.0667
600740 1 0 1 67.1287 -40.8416
600748 1 0 1 3.7275 -44.7579
002074 1 0 1 71.556 -32.726
600969 1 0 1 51.0358 -4.8951
002479 1 0 1 24.1965 -200.0
002409 1 0 1 63.5861 -24.8698
600006 1 0 1 6.1404 -28.3684
000761 1 0 1 27.6212 -22.5908
002191 1 0 1 22.5231 -33.2427
000700 1 0 1 33.7037 -32.1101
002131 1 0 1 50.9259 -10.4237
300011 1 0 1 22.2527 -33.4802
601588 1 0 1 -5.4625 -33.2714
000045 1 0 1 49.1743 -20.5279
002181 1 0 1 23.9733 -13.8752
600128 1 0 1 14.0216 -41.0333
600455 1 0 1 10.7056 -43.9716
000582 1 0 1 16.2285 -32.1314
300056 1 0 1 10.275 -10.5236
600063 1 0 1 24.2782 -43.273
300128 1 0 1 26.4469 -200.0
002209 1 0 1 44.0904 -16.9328
600639 1 0 1 -0.0311 -29.7358
600706 1 0 1 148.977 -19.9179
002162 1 0 1 28.4519 -24.256
002234 1 0 1 91.1966 -33.4699
002447 1 0 1 86.5721 -200.0
601018 1 0 1 -12.605 -200.0
000833 1 0 1 54.9751 -20.158
600263 1 0 1 delist
600120 1 0 1 7.8652 -30.7287
000751 1 0 1 33.7209 0.0
600555 1 0 1 10.514 -24.3667
600482 1 0 1 14.6775 -0.0855
600336 1 0 1 17.5 -34.6652
000570 1 0 1 11.2957 -37.5387
600283 1 0 1 63.4204 -28.8068
000978 1 0 1 48.1687 -15.2229
300136 1 0 1 30.7114 -200.0
000716 1 0 1 60.3325 -5.2516
601126 1 0 1 -200.0 -200.0
002059 0 1 1 34.2466 -34.6899
600651 0 1 1 17.3399 -7.7438
000151 0 1 1 8.4871 -19.3572
002239 0 1 1 -13.8075 -6.3989
600429 0 1 1 29.9308 -30.0385
000766 0 1 1 21.1111 -31.0069
000886 0 1 1 5.0167 -30.6122
600755 0 1 1 1.1451 -17.9315
002337 0 1 1 5.2788 -28.984
600105 0 1 1 71.2441 -7.0957
002258 0 1 1 13.4796 -30.6946
600973 0 1 1 47.5661 -35.1447
600207 0 1 1 27.4254 -10.5735
600864 0 1 1 9.8145 -32.9125
000889 0 1 1 85.6894 -30.1863
000526 0 1 1 4.6769 -29.589
600213 0 1 1 64.6213 -19.7075
000531 0 1 1 3.0833 -28.5192
000690 0 1 1 6.3462 -34.0483
300097 0 1 1 -6.3621 -200.0
600281 0 1 1 72.1649 -39.8871
600371 0 1 1 53.3827 -29.3662
002329 0 1 1 105.1165 -12.5738
600022 0 1 1 -2.2039 -28.8032
000967 0 1 1 4.7676 -27.0554
600520 0 1 1 8.7774 -13.061
601333 0 1 1 -1.5112 -21.4286
600133 0 1 1 23.9382 -36.4636
600308 0 1 1 1.6753 -41.8885
600112 0 1 1 10.8844 -30.5011
600064 0 1 1 34.1888 -39.8617
002436 0 1 1 114.9584 -17.2759
300123 0 1 1 25.3687 -200.0
600636 0 1 1 90.0259 -33.2326
002046 0 1 1 2.5698 27.582
002047 0 1 1 3.5639 -31.3819
300062 0 1 1 63.1261 -37.5691
002049 0 1 1 108.622 -11.1437
002219 0 1 1 55.4145 -31.0132
600862 0 1 1 24.5243 -38.3021
002126 0 1 1 76.7568 -24.6057
600279 0 1 1 19.2065 -19.8869
600607 0 1 1 delist
002237 0 1 1 67.3746 -32.0382
