601318 144 180 324 -14.2203 8.6588
600036 146 158 304 -23.8388 22.1245
601166 126 152 278 -38.313 19.2956
600000 125 115 240 -17.6266 10.3817
601601 113 116 229 -10.4953 15.0427
000983 82 123 205 -40.3984 27.4034
600016 90 107 197 -23.3207 17.3591
000063 83 94 177 -33.4598 17.5223
000001 80 89 169 -28.2083 21.7891
600030 42 116 158 -42.8859 27.0292
601169 68 89 157 -37.763 12.2461
600519 63 87 150 -24.6747 3.0086
600050 69 65 134 -26.0902 14.8031
600028 46 80 126 -43.9604 24.6903
600019 32 91 123 -37.1672 49.5356
601111 74 48 122 5.7613 32.4693
000858 68 49 117 -21.6304 51.4108
600739 44 71 115 -33.9459 38.6099
600031 45 69 114 -25.4317 10.9403
000937 54 60 114 -45.6625 38.7592
600348 36 78 114 -32.1087 35.7945
002024 42 60 102 -16.7468 26.7846
000338 49 51 100 -4.2056 28.4462
000651 42 57 99 -35.1053 32.7523
601328 41 57 98 -30.8927 12.2449
000060 45 49 94 -27.5416 22.7993
601628 34 60 94 -19.5901 14.487
600048 41 52 93 -39.9607 -7.208
601398 37 55 92 -21.7377 14.0461
600837 23 68 91 -51.7273 45.489
600383 46 44 90 -19.6674 7.8477
000933 35 53 88 -36.1109 52.7122
600015 47 40 87 -9.602 21.7647
000024 35 46 81 -43.679 6.52
000568 34 43 77 -27.2305 32.7891
002202 42 33 75 -12.0551 12.9681
000157 25 48 73 -36.6987 8.8285
600900 41 32 73 -6.5819 -0.0748
601088 16 57 73 -36.8315 14.6904
601699 28 44 72 -39.0851 37.8594
000898 23 49 72 -54.9776 41.0935
600887 45 25 70 10.9098 34.6213
600029 39 30 69 4.3189 20.7171
600111 38 30 68 30.4553 1.6685
600123 33 33 66 -40.7161 26.8561
600104 22 43 65 -39.8858 32.3038
000400 42 22 64 15.0109 0.0
000527 28 36 64 delist
600309 30 34 64 -37.7027 39.2691
000792 29 34 63 -31.7872 14.8297
000069 23 39 62 -34.9043 -7.1892
601939 29 33 62 -22.8243 10.9319
600690 32 30 62 -22.8283 59.0122
600037 34 27 61 -1.4245 35.0143
000800 27 34 61 -41.3127 52.7892
600100 37 23 60 12.3332 32.5548
002106 28 31 59 23.8841 63.8684
000401 33 24 57 -19.9678 40.0581
600585 18 39 57 -33.5405 15.8726
600489 37 19 56 -9.7484 7.4286
600089 21 35 56 -37.664 12.1055
000623 18 37 55 -46.0053 23.4379
601006 25 30 55 -17.3346 11.1111
600581 25 30 55 -39.0997 76.4057
600068 35 20 55 -11.685 21.3619
600256 29 24 53 62.2963 49.4778
600547 27 26 53 -9.0681 36.1017
000422 19 33 52 -39.9579 39.5425
600660 17 34 51 -39.4023 46.3271
000061 32 18 50 18.0093 33.59
000002 16 34 50 -36.2869 3.7428
600406 25 24 49 60.0342 30.8741
601788 19 29 48 -37.7031 19.0856
000423 28 19 47 34.8332 34.3782
000612 19 28 47 -39.0598 56.8627
002142 22 24 46 -36.3282 30.7175
600518 33 13 46 16.3234 16.048
601009 18 27 45 -32.4877 9.6939
601001 18 26 44 -38.7344 32.9099
600875 27 17 44 -4.3278 -4.0434
600664 29 14 43 2.6441 14.7918
601666 15 28 43 -46.4844 22.3242
600166 23 20 43 -6.816 28.4558
600125 31 11 42 23.1975 58.8745
600352 20 21 41 -19.3075 34.1951
600583 21 20 41 -47.7808 6.3433
000960 20 21 41 -43.4749 27.3854
000425 18 23 41 -12.823 9.4081
600694 21 20 41 -3.0921 21.9777
600425 19 21 40 -21.3493 107.5437
600060 17 23 40 -28.2555 88.6613
600183 20 20 40 -21.4484 23.2143
000878 17 23 40 -40.7677 20.9881
600271 24 15 39 -26.0819 30.586
601857 22 17 39 -24.8729 8.8189
002007 28 11 39 25.3037 6.5769
000581 23 16 39 -28.1943 62.36
600202 21 17 38 -30.6605 27.1255
600580 21 17 38 26.6618 3.056
000829 20 18 38 6.0895 124.2881
600195 27 11 38 17.338 6.7404
600312 25 12 37 -19.6083 -10.0933
000917 23 14 37 -12.3984 1.9808
002008 19 18 37 2.0036 41.8087
002092 18 18 36 -15.8838 58.8792
601998 13 23 36 -34.8613 46.4413
600879 24 12 36 -12.892 20.1245
600557 19 16 35 -15.9047 35.6865
000823 21 14 35 3.9434 49.5562
000729 25 10 35 6.2997 27.6871
600115 22 13 35 13.9803 11.1913
601988 20 14 34 -18.5615 11.0256
600481 19 15 34 -18.3247 47.46
600880 15 19 34 2.4197 34.3812
002041 15 19 34 44.1575 32.8131
000718 19 15 34 -36.0144 14.1549
600276 17 16 33 -9.0384 25.538
601607 29 4 33 17.1674 14.9425
000012 14 19 33 -16.2009 35.5463
600395 16 17 33 -39.0244 26.9513
601989 24 8 32 -2.3438 -5.9036
002038 20 12 32 -15.7413 22.6519
000009 17 15 32 -21.3894 6.9133
000825 7 25 32 -46.0131 35.8974
000951 17 15 32 -36.932 21.2578
000759 17 15 32 -5.5732 29.6844
601919 13 19 32 -36.8764 15.3527
000895 18 14 32 -1.0196 26.8514
600809 16 16 32 -1.9257 43.0523
000538 14 16 30 6.6116 27.0776
600570 13 17 30 -1.9015 50.6093
600859 16 14 30 -6.4649 15.4978
601299 22 8 30 delist
002073 20 10 30 0.2943 44.6521
601899 10 20 30 -35.5372 13.5453
601766 17 12 29 -11.5596 25.885
600216 17 12 29 -26.3648 20.9864
600511 14 15 29 -15.232 42.6979
600600 23 6 29 -9.7814 27.8382
002022 15 13 28 -19.0767 23.1851
002028 15 13 28 -3.8374 10.2543
000963 16 12 28 32.2273 19.4805
000969 16 12 28 4.5204 20.6551
601668 6 22 28 -23.8821 1.7241
000826 13 15 28 32.99 49.5644
002001 11 17 28 -29.3535 11.4403
002123 18 10 28 29.9491 6.4972
600188 14 14 28 -28.8253 40.8313
600655 11 16 27 -17.1846 55.1959
600067 18 9 27 -31.2749 5.9046
600546 11 16 27 -47.0333 49.1327
600596 10 17 27 -51.0381 1.4392
600582 13 13 26 -48.0437 38.8334
600535 16 10 26 20.3857 23.2123
600537 15 11 26 -31.3359 88.0086
600153 12 14 26 -12.3743 15.508
000528 13 13 26 -11.1914 32.3386
600498 14 12 26 -7.6353 33.4665
600267 14 12 26 4.5661 26.2029
600595 11 15 26 -22.6289 39.2073
000877 14 12 26 -12.7179 55.9882
002241 11 14 25 58.2079 54.5556
000402 9 16 25 -31.4662 8.0142
600325 11 14 25 -45.1246 9.3349
600704 12 13 25 -45.8301 85.0871
600196 19 6 25 -10.4401 22.85
600795 11 13 24 -10.2438 11.8182
000999 11 13 24 15.1145 10.0331
600812 11 13 24 -20.0847 46.6165
600141 14 10 24 -32.6036 45.2198
600062 13 11 24 9.3053 13.1124
600997 11 13 24 -48.2414 19.1962
002155 15 9 24 -31.2217 16.8426
600362 11 12 23 -39.2578 17.6763
600456 13 10 23 -15.1728 11.2997
600963 14 9 23 -28.3937 17.5088
600303 16 7 23 -6.927 73.0445
300002 14 9 23 30.5765 2.2352
600858 10 12 22 -0.9583 27.7286
600418 13 9 22 -36.6 32.134
600707 11 11 22 17.0712 58.8312
600517 8 14 22 -5.0796 0.7019
600221 12 10 22 -21.7262 50.1129
000021 13 8 21 30.2159 14.8841
000537 9 12 21 -27.5269 82.8425
000926 11 10 21 -31.3263 52.8445
600588 12 9 21 5.7865 44.4386
600529 13 8 21 9.8829 27.1489
600410 12 9 21 -21.6233 56.0662
600178 9 12 21 -43.5882 91.4579
000762 15 6 21 14.8649 5.0047
002344 15 6 21 51.7176 -200.0
600590 13 8 21 1.1095 28.2627
600426 5 15 20 -49.8846 46.8125
002148 10 10 20 -9.3448 32.948
600298 13 7 20 19.2013 31.7761
600415 9 11 20 -12.2673 12.9545
600176 10 10 20 -14.4681 24.4504
002304 14 6 20 31.2418 29.6667
600804 13 7 20 -15.8756 27.6471
000848 14 5 19 39.5349 60.0728
601958 9 10 19 -34.8566 1.8707
000961 8 11 19 -41.095 30.0988
600351 13 6 19 -8.2587 34.164
600563 9 10 19 48.3839 23.6664
601688 14 5 19 -39.0788 -200.0
000786 10 9 19 -15.6096 7.7239
600197 12 7 19 13.6337 63.5118
600884 10 9 19 -5.1905 42.2072
600085 12 7 19 7.4478 24.8071
000625 8 11 19 -37.6514 38.0906
600118 12 7 19 31.359 30.4254
000028 9 9 18 2.2769 24.1256
600750 15 3 18 35.252 41.4277
600035 12 6 18 0.7394 17.0213
600718 8 10 18 -20.1238 13.561
000039 13 5 18 -9.0011 33.2655
600622 10 8 18 -33.1855 25.0765
600316 9 9 18 0.2728 27.3318
600198 11 7 18 -17.58 80.6863
600231 3 15 18 -55.8679 61.3383
002261 9 9 18 -10.2469 46.5201
600252 9 9 18 11.6977 52.5892
600439 10 8 18 -8.5766 37.2503
600765 10 8 18 -27.1017 61.9048
002152 13 5 18 0.8685 17.7419
600079 15 2 17 12.1343 42.7419
000869 11 6 17 2.6174 23.6098
600208 9 8 17 -28.4737 -6.4972
000541 10 7 17 17.1407 27.6413
600628 10 7 17 -24.578 28.0746
600742 7 10 17 -36.2285 91.4559
000778 7 10 17 -35.26 23.3135
600009 6 11 17 -29.7696 29.9031
600805 8 9 17 -23.7447 71.3669
600499 11 6 17 18.5286 56.3754
002194 7 10 17 -37.5229 29.4537
600266 8 9 17 -37.6731 10.1601
600594 10 7 17 1.869 39.3302
600584 5 12 17 29.2636 72.5838
601186 9 7 16 -20.966 6.0325
600038 12 4 16 -3.5154 47.8656
002064 4 12 16 -11.0499 55.5012
002065 7 9 16 3.8346 28.8963
600329 8 8 16 13.661 0.9818
600970 7 9 16 -13.6881 10.1833
000630 9 7 16 -33.9733 37.3218
002104 12 4 16 13.5586 118.7565
000776 9 7 16 205.9856 0.0
000501 9 7 16 -1.4966 25.2609
600521 6 10 16 -20.5319 73.3333
600315 8 8 16 21.4134 19.8543
600005 2 14 16 -46.3067 19.4805
601999 10 6 16 -9.0098 24.4199
600239 7 9 16 -41.5288 17.9111
600458 11 5 16 43.4053 50.4923
002310 12 4 16 92.0584 -4.824
000513 8 8 16 -6.7312 40.7394
600549 10 6 16 -2.7854 13.762
600026 4 12 16 -43.1345 28.3542
600487 9 7 16 -15.623 43.3184
000973 9 7 16 34.4557 59.7518
002091 8 7 15 27.1899 17.7838
600269 5 10 15 -33.5622 29.3155
600331 4 11 15 -43.0226 12.1588
600550 6 9 15 -40.2029 0.3495
002215 7 8 15 -21.0013 49.7825
600122 6 9 15 -34.2742 39.4037
002005 11 4 15 0.3519 62.6781
002269 8 7 15 -16.2939 -1.3072
000016 4 11 15 -38.1014 80.0937
600066 8 7 15 -21.4893 36.5437
000680 4 11 15 -12.8451 24.9753
000728 6 9 15 -41.1289 19.3838
601888 10 5 15 -6.1734 22.5995
002154 9 6 15 5.2587 46.875
002153 12 3 15 2.9853 8.1311
600720 7 7 14 -28.4982 42.9752
600380 4 10 14 -24.8642 46.0
600737 7 7 14 -43.7666 38.7738
000418 6 8 14 -9.6953 63.8298
002353 8 6 14 17.8813 -200.0
600354 7 7 14 3.6667 33.5541
000059 7 7 14 -33.1355 23.7487
600161 10 4 14 -14.1492 2.4653
600522 8 6 14 -28.4803 15.6936
600509 7 7 14 -3.4225 30.6207
002303 8 6 14 3.2279 -10.7143
002249 11 2 13 18.6605 41.8396
600893 8 5 13 -5.481 32.7375
002056 7 6 13 0.0708 33.8768
600096 9 4 13 -32.4463 10.1098
002236 7 6 13 27.0987 63.0547
002081 9 4 13 53.7663 63.233
600866 6 7 13 -20.5062 53.7725
000811 8 5 13 64.4895 55.5297
600785 9 4 13 40.3458 11.377
000596 9 4 13 31.2902 64.6005
000988 10 3 13 -5.7985 51.1224
000598 8 5 13 55.7709 30.7607
601106 12 1 13 -2.7174 -200.0
000550 9 4 13 -20.2834 26.6116
600416 11 2 13 -5.7226 31.2636
600586 3 10 13 -43.6344 17.1593
000602 11 2 13 delist
600500 9 4 13 -23.8375 14.025
600778 8 5 13 16.2896 41.5605
000559 11 2 13 33.162 28.6667
002250 9 4 13 32.0739 92.0
000540 5 8 13 -23.0127 10.2976
000930 8 5 13 -20.6349 46.4407
000839 9 4 13 -23.7449 3.7011
601168 7 6 13 -33.2652 14.1304
002080 9 4 13 -8.0556 16.748
002019 5 8 13 -22.6837 27.2656
000998 7 5 12 4.3372 17.044
600983 6 6 12 -37.7613 63.383
000100 7 5 12 -25.0 47.8386
002146 6 6 12 -29.5661 27.5246
600978 6 6 12 -35.4157 22.943
600693 8 4 12 -12.1317 45.2618
600326 7 5 12 -22.5368 43.8735
600485 7 5 12 -24.1964 20.9937
600770 7 5 12 -3.5928 34.6875
000860 10 2 12 -1.9222 29.9265
600428 6 6 12 -31.8786 13.9309
600830 5 7 12 -13.1464 57.8581
300070 11 1 12 -38.6034 -200.0
600087 4 8 12 delist
600713 7 5 12 8.5655 16.1058
600268 8 4 12 22.5609 26.8418
002121 6 6 12 -13.8105 40.1651
600597 9 3 12 -22.4447 49.6075
002017 6 6 12 -10.5162 99.8004
600117 6 6 12 -43.4041 20.9919
000893 6 6 12 -30.9016 34.186
600157 7 4 11 14.3226 102.1921
600075 6 5 11 8.6393 37.409
600273 7 4 11 -1.6667 145.6044
002140 3 8 11 -10.2327 43.989
002415 11 0 11 -15.4156 -200.0
002200 5 6 11 -15.8237 20.7492
002293 7 4 11 33.3724 41.1967
600169 5 6 11 -34.6588 20.9173
002422 10 1 11 4.6408 -200.0
000987 4 7 11 -11.4488 33.5419
002254 4 7 11 -3.5752 50.5263
600523 7 4 11 -5.8656 23.2487
600058 4 7 11 -27.2423 15.4578
600054 8 3 11 -0.2167 29.8184
600831 4 7 11 29.2019 23.2591
601808 5 6 11 -31.1217 18.5996
002045 7 4 11 21.7331 25.959
600307 4 7 11 -47.0666 33.4213
600545 6 5 11 32.795 56.015
600467 5 6 11 -20.6061 31.25
002089 6 5 11 5.8266 41.569
002129 10 1 11 21.2088 37.0482
600508 4 7 11 -32.8067 29.2395
600339 6 5 11 -21.1968 39.1117
000713 5 6 11 2.1896 49.6957
000417 3 7 10 1.4143 48.0323
600657 4 6 10 -43.0357 34.5324
600388 5 5 10 -19.2402 44.1041
000887 6 4 10 0.6103 42.2139
002230 7 3 10 -0.5287 14.5253
002063 5 5 10 25.2084 72.239
601390 1 9 10 -33.9172 8.6207
600327 5 5 10 1.2486 39.0883
601918 4 6 10 -42.8885 28.0314
600289 7 3 10 -15.112 34.584
000927 3 7 10 -34.8778 75.5162
600825 5 5 10 -20.2586 16.7659
000783 4 6 10 -41.879 35.8295
002252 6 4 10 17.4546 44.5051
600525 5 5 10 10.8472 36.2327
600872 4 6 10 -30.9318 24.4338
600703 5 5 10 58.3194 73.6911
002315 9 1 10 -2.48 -4.1563
600631 7 3 10 delist
002048 4 6 10 -28.0865 60.0
600649 4 6 10 -32.4665 13.8864
600468 5 5 10 20.3286 1.6999
000655 5 5 10 -32.0189 22.9167
002238 3 6 9 -3.9801 33.3962
002336 7 2 9 -23.644 -200.0
600616 4 5 9 -27.781 22.9081
000566 8 1 9 16.5816 -10.317
600143 3 6 9 -27.2307 32.2904
002326 5 4 9 55.1613 13.7091
600376 5 4 9 -32.0299 0.9749
002251 5 4 9 -16.8262 19.4562
000650 5 4 9 9.852 19.7708
600502 4 5 9 -36.196 18.0645
600138 5 4 9 -3.5257 42.0303
600571 4 5 9 -5.4639 58.2931
002158 5 4 9 24.8537 63.2671
600308 2 7 9 -33.3815 17.3588
600960 4 5 9 -13.4158 46.6292
600193 5 4 9 -2.7685 29.7802
000547 6 3 9 2.9228 32.1379
600881 6 3 9 -31.847 23.2022
601600 6 3 9 -36.6713 13.4013
600993 6 3 9 -21.6075 57.4538
000726 2 7 9 -30.6261 42.3358
000652 8 1 9 -13.2029 20.7906
600261 4 5 9 28.2126 54.3406
002340 6 3 9 15.4715 -200.0
000055 5 4 9 -4.4401 29.6
002157 7 2 9 12.6456 50.941
600432 4 5 9 -37.0262 5.3009
000656 5 4 9 -49.3274 19.5159
000667 0 9 9 -25.166 3.0189
002110 1 7 8 -50.4773 57.1802
002115 3 5 8 -20.8554 33.7481
002025 3 5 8 -27.1975 27.5335
600475 5 3 8 -26.4293 1.027
600366 5 3 8 -11.3382 50.1957
000661 4 4 8 33.5807 26.5152
600106 3 5 8 11.0278 24.3934
002088 5 3 8 -37.9319 27.9778
300027 7 1 8 13.7988 -21.7201
600368 3 5 8 -15.3226 21.7949
600967 5 3 8 -2.8554 20.8171
000551 6 2 8 6.5498 73.4628
600479 3 5 8 -24.6471 11.6279
000608 5 3 8 -15.4839 21.0412
001696 4 4 8 -7.6379 50.4831
000046 3 5 8 -44.002 10.3156
600779 6 2 8 -14.6315 48.8629
600227 4 4 8 -20.7714 18.439
300058 7 1 8 0.2897 -200.0
601898 2 6 8 -38.0355 19.1228
600832 5 3 8 delist
600839 4 4 8 -13.311 40.7725
600497 2 6 8 -39.2101 22.5904
002165 3 5 8 -14.2593 41.5306
600055 6 2 8 51.0162 24.8166
600999 6 2 8 -29.9693 -12.5558
600017 5 3 8 -22.4964 14.975
600396 6 2 8 -6.9396 16.756
000837 3 5 8 -15.0523 75.3106
002220 6 2 8 41.0252 59.6118
600844 4 4 8 3.9574 17.625
000717 1 7 8 -46.875 27.4286
600460 4 4 8 42.5667 83.5505
002375 6 1 7 -1.4231 -200.0
600897 4 3 7 -11.1277 16.3903
600895 4 3 7 -29.4882 -1.0761
601866 5 2 7 -27.0563 9.1981
600797 2 5 7 -9.6296 31.9312
600379 6 1 7 -0.3228 50.4684
600078 4 3 7 -23.3568 37.28
600575 5 2 7 -3.3356 28.7045
600754 3 4 7 -23.6551 32.9385
002067 4 3 7 -8.5714 25.7036
002094 5 2 7 26.0711 32.0958
600102 2 5 7 delist
600816 5 2 7 -29.1298 35.6211
600820 2 5 7 -39.6254 9.3701
002255 4 3 7 -27.3565 74.7475
002214 5 2 7 -5.7313 49.3233
002351 5 2 7 -1.9899 -200.0
002138 3 4 7 14.1331 59.5426
600675 3 4 7 -36.0587 5.0606
002185 3 4 7 -2.1332 68.7011
000514 3 4 7 -30.9786 14.9873
600056 2 5 7 -39.3647 71.3846
600223 4 3 7 -46.3217 30.8421
300055 6 1 7 10.6122 -200.0
600423 4 3 7 -12.4247 54.3573
000888 4 3 7 33.9574 48.1481
000939 4 3 7 12.4719 79.1541
600697 3 4 7 4.0302 30.0904
600598 3 4 7 -22.1773 25.1025
600761 2 5 7 -19.0098 34.1832
600507 4 3 7 -28.6026 -1.6077
600808 0 7 7 -37.3518 21.1031
002273 4 2 6 28.1746 79.3333
002376 6 0 6 -3.4269 -200.0
002051 5 1 6 23.6497 43.282
002050 5 1 6 5.3229 40.5625
600150 5 1 6 -28.724 13.6848
300003 4 2 6 4.1812 -19.2429
002029 4 2 6 31.6885 26.9694
600576 4 2 6 -6.3705 37.5407
600270 3 3 6 -22.3949 17.9866
300077 5 1 6 -25.7835 -200.0
601678 4 2 6 -27.2358 -200.0
601179 5 1 6 -16.6881 -200.0
002248 3 3 6 -34.06 104.6857
002122 2 4 6 -37.5375 15.0787
002296 4 2 6 20.813 90.5167
600219 3 3 6 -40.4576 38.534
000536 3 3 6 3.337 70.4152
600280 5 1 6 -15.2629 30.6291
002322 4 2 6 31.0559 12.4886
600741 2 4 6 -26.4392 40.7047
600486 2 4 6 -40.5106 18.4346
600251 4 2 6 -40.4814 15.8087
002225 4 2 6 -15.7678 28.9786
000952 4 2 6 -37.8547 17.8542
600877 3 3 6 -8.2794 52.8487
600088 3 3 6 24.1401 25.4574
002003 4 2 6 -18.4932 26.5089
600673 4 2 6 30.3218 20.0
300059 5 1 6 -7.2151 -200.0
000901 4 2 6 -21.5498 -0.2185
002262 4 2 6 35.2081 26.1953
002163 4 2 6 31.7465 28.039
002362 4 2 6 35.3063 -200.0
300004 3 3 6 17.7215 -2.7081
000712 5 1 6 -21.6355 44.9864
600185 5 1 6 -39.8612 48.1609
002013 4 2 6 5.982 32.4324
002011 3 3 6 -2.9935 36.7494
002159 5 1 6 13.7954 88.3905
600528 2 4 6 -37.2901 13.5652
600330 4 2 6 37.7778 13.5849
300048 5 1 6 -10.9153 -200.0
000876 2 4 6 -37.6737 26.8877
600725 0 6 6 -36.8993 54.7896
000533 2 3 5 11.6566 46.0131
600373 3 2 5 18.328 42.2353
600375 3 2 5 -4.7397 102.4457
600572 3 2 5 7.9874 26.6055
600850 4 1 5 17.8325 104.2313
000428 4 1 5 8.8436 34.0524
000948 2 3 5 -30.7916 60.9455
002068 1 4 5 -32.7742 51.2216
002066 3 2 5 -37.4596 57.2476
000708 4 1 5 -14.3678 39.7701
600478 1 4 5 -33.7662 14.0646
300026 3 2 5 -16.404 -14.3662
000635 1 4 5 -41.2482 41.4523
000639 4 1 5 33.5238 50.143
600869 3 2 5 -29.676 44.0457
600717 2 3 5 -31.8335 17.3749
002294 2 3 5 59.491 21.0505
000918 3 2 5 -43.482 1.0705
000522 4 1 5 delist
600446 1 4 5 -32.0946 64.1921
000989 2 3 5 -12.0324 44.9746
002327 4 1 5 6.4302 -2.2912
000671 3 2 5 -6.8436 9.633
000677 1 4 5 -46.3387 20.411
002399 5 0 5 -33.1906 -200.0
000962 3 2 5 8.2802 23.8734
000862 3 2 5 -28.8997 42.1206
601618 2 3 5 -24.4821 -2.518
600386 3 2 5 -37.3297 25.2144
600132 4 1 5 55.3936 17.9539
600420 2 3 5 0.0 20.6186
000788 4 1 5 -8.0617 56.4286
002358 4 1 5 36.5154 -200.0
002139 2 3 5 6.7521 43.5326
600059 5 0 5 7.3202 20.0739
000903 3 2 5 -25.1376 44.8459
600835 3 2 5 -29.8354 12.8713
000932 2 3 5 -50.7833 22.1338
002384 5 0 5 -17.1051 -200.0
600888 3 2 5 -8.7973 26.1637
600496 3 2 5 -24.6301 34.6985
000972 3 2 5 -6.6667 10.356
600081 3 2 5 -3.805 44.2373
600990 2 3 5 34.0356 17.6112
600391 3 2 5 -29.9565 9.5148
002223 4 1 5 65.1966 37.8019
000616 3 2 5 -30.5118 26.6544
600168 2 3 5 -14.4138 39.8291
600332 4 1 5 -22.0412 58.1363
600361 2 3 5 -15.7754 26.9231
000488 1 4 5 -21.2952 18.069
300039 3 2 5 0.3783 -200.0
002244 0 5 5 -43.7207 8.0657
600259 2 2 4 62.6923 4.3304
600587 3 1 4 -12.6344 7.2703
600894 3 1 4 -33.6828 42.3853
000821 2 2 4 -18.4593 35.3635
002114 2 2 4 -3.0641 37.0229
600650 4 0 4 -36.3694 35.034
000919 2 2 4 -27.6961 7.5838
600573 4 0 4 -1.3169 57.2423
600360 2 2 4 -6.9555 39.7388
600201 1 3 4 -0.5071 25.6774
000990 2 2 4 -43.3574 76.8293
002318 3 1 4 -30.8379 -24.3607
600551 3 1 4 -11.1268 23.2131
600033 2 2 4 -9.0541 15.5867
002097 2 2 4 -10.9256 39.9336
002099 4 0 4 36.6699 58.2667
600322 2 2 4 -35.207 18.7617
000562 1 3 4 delist
000965 1 3 4 -34.9112 38.6593
600409 1 3 4 -32.1059 46.1017
600350 2 2 4 -11.7562 10.0418
000709 1 3 4 -47.6728 15.2846
600810 3 1 4 -30.9105 62.4679
600863 2 2 4 -11.2285 8.6083
000519 2 2 4 -15.9524 11.4604
002109 3 1 4 -28.3393 26.3584
002292 3 1 4 -5.8466 8.7257
600789 3 1 4 8.2232 31.6602
600666 3 1 4 -19.4281 41.697
600363 2 2 4 -4.3088 68.541
600377 3 1 4 -10.9018 21.2224
002032 3 1 4 22.4526 18.451
600824 2 2 4 -30.3489 28.5912
600569 4 0 4 -38.9273 25.4386
600560 3 1 4 0.9942 34.3416
600827 3 1 4 -16.1781 39.4166
600736 3 1 4 -35.1093 31.6119
600828 3 1 4 10.4852 0.8977
600738 3 1 4 -9.636 47.3851
002328 3 1 4 -39.4626 1.4908
002078 1 3 4 0.7942 45.9746
000968 1 3 4 -35.4847 23.0548
002179 3 1 4 -17.6621 34.2894
600137 2 2 4 -40.1889 12.9204
600961 1 3 4 -40.2716 34.779
600966 2 2 4 -31.3783 23.1325
600829 3 1 4 -7.7311 12.92
300015 3 1 4 69.9033 -5.973
600874 2 2 4 -19.8621 34.9911
600873 2 2 4 -8.1623 27.5353
002004 3 1 4 13.9004 60.4348
002009 2 2 4 -11.5737 64.3979
600236 2 2 4 -22.2174 8.4022
600510 2 2 4 -21.1295 30.7368
000900 1 3 4 -43.3016 63.9694
600295 2 2 4 -25.2143 12.2715
002187 1 3 4 -17.8324 21.4809
002042 3 1 4 -0.1584 51.6969
600991 3 1 4 delist
000665 3 1 4 36.5407 20.3018
002345 2 2 4 35.869 -200.0
000758 1 3 4 -22.5775 18.4874
600592 3 1 4 -19.5756 46.5923
600199 2 2 4 42.9586 111.8149
002324 2 2 4 -19.5097 12.4026
600337 3 1 4 -27.6286 44.4785
300041 2 2 4 25.0151 -200.0
600139 3 1 4 -20.7228 7.1841
300049 2 2 4 -10.2673 -200.0
600806 1 3 4 -25.3233 38.7488
000715 3 1 4 9.9634 33.2168
002274 2 1 3 -44.8845 36.5134
000032 2 1 3 -7.1794 30.5598
002193 2 1 3 22.5914 33.6656
000158 2 1 3 -20.1278 63.2224
000629 3 0 3 3.6269 -2.0408
600723 2 1 3 -11.2796 35.7054
002267 1 2 3 -25.9504 35.5134
600158 1 2 3 -2.575 15.9955
002285 3 0 3 -26.329 61.7125
600658 1 2 3 -23.1239 19.7408
600071 1 2 3 13.6931 34.7368
002020 2 1 3 9.7106 34.174
600987 1 2 3 -26.4973 38.0952
000910 2 1 3 -38.9381 34.7568
000915 1 2 3 17.0316 35.3218
000996 2 1 3 -33.25 119.5295
000997 3 0 3 -22.063 21.4286
601003 3 0 3 -48.5478 28.2875
600359 1 2 3 -39.6439 112.9592
300072 3 0 3 -26.4637 -200.0
002232 1 2 3 -24.0173 25.6522
000959 1 2 3 -47.0013 28.145
600536 2 1 3 -12.5 30.1158
002095 2 1 3 5.8093 51.1447
002093 1 2 3 6.2449 36.7994
000404 2 1 3 22.2353 37.561
600815 2 1 3 -2.3342 31.1897
000796 2 1 3 -24.928 20.5527
000636 2 1 3 17.2646 23.4735
600867 2 1 3 -8.5084 25.8588
600710 2 1 3 16.5391 12.9915
600323 2 1 3 6.2028 42.7059
600782 3 0 3 -41.8129 33.9312
002191 2 1 3 -29.9354 1.9774
600787 1 2 3 -30.7933 13.5991
002197 2 1 3 -35.3605 46.8085
000524 1 2 3 14.3552 24.0768
002036 2 1 3 23.1675 28.619
000548 2 1 3 -39.3035 11.6201
600077 2 1 3 -38.4345 75.9644
002266 2 1 3 -21.2925 25.3834
600285 1 2 3 -27.4207 39.3103
600281 1 2 3 -42.8964 63.1965
002325 3 0 3 2.8467 -2.3543
000679 1 2 3 -35.3212 11.1429
600823 2 1 3 -30.1294 18.5765
600748 1 2 3 -46.6359 8.3916
000921 1 2 3 -19.5599 54.7619
000698 1 2 3 -13.5817 14.1667
000413 3 0 3 -8.0508 6.4516
000683 2 1 3 -42.5172 58.6175
600004 2 1 3 -13.0906 17.0704
600007 2 1 3 -16.1498 31.1966
000735 1 2 3 16.145 37.1938
600470 1 2 3 -18.2955 41.6026
000301 1 2 3 -33.6182 23.8938
300012 2 1 3 -21.2205 -5.9721
600676 2 1 3 -21.8046 34.895
000049 3 0 3 99.8106 25.0292
000042 2 1 3 -43.435 30.5085
600177 3 0 3 -24.1757 18.2559
600053 2 1 3 -27.1875 33.6565
600543 2 1 3 -21.0445 31.5631
002437 3 0 3 4.1632 -200.0
000861 1 2 3 -7.1862 50.8159
000546 2 1 3 -7.4392 20.9581
002316 2 1 3 -25.303 -13.5278
600838 2 1 3 -8.7816 55.609
002268 1 2 3 -10.2374 61.322
002385 3 0 3 -46.3746 -200.0
600129 2 1 3 -26.1395 56.0386
600436 2 1 3 -0.1135 18.977
600305 2 1 3 4.7406 40.6904
002309 2 1 3 -11.5142 -1.2583
002226 1 2 3 -14.9433 97.2462
000755 1 2 3 -34.4262 30.1461
600607 2 1 3 delist
601268 2 1 3 delist
002014 1 2 3 -7.3663 49.8347
600482 2 1 3 1.7603 9.2069
000807 1 2 3 -41.8028 19.6303
600435 2 1 3 -22.3463 18.9217
000970 2 1 3 29.364 44.1315
600345 1 2 3 -10.5103 53.8198
000978 2 1 3 -2.9376 33.887
002301 1 2 3 -25.788 24.8227
000066 1 2 3 -5.9486 57.3803
000539 0 3 3 -16.8814 6.8213
600186 0 3 3 -28.2895 70.3601
002217 0 3 3 -46.4952 73.4463
000584 0 3 3 -39.781 53.3967
002208 0 3 3 3.9553 43.6789
600112 0 3 3 -38.4108 75.6119
002277 1 1 2 8.9601 19.7359
002271 1 1 2 4.9537 92.9344
600258 1 1 2 -25.7698 44.6529
000090 1 1 2 -31.3709 90.8946
600729 1 1 2 3.5428 85.3647
000419 1 1 2 21.5951 22.2962
600253 1 1 2 delist
002054 2 0 2 -17.9616 42.6024
002118 1 1 2 1.2273 32.0134
300044 2 0 2 -6.6049 -200.0
000026 1 1 2 -0.4669 63.171
002281 2 0 2 -2.7534 26.2258
600095 1 1 2 -12.5378 29.222
600790 2 0 2 -24.5337 37.1429
000530 1 1 2 -19.1623 19.9498
000925 1 1 2 -18.1818 13.2648
600986 1 1 2 -19.2112 29.4893
600382 1 1 2 -25.0913 32.7354
600299 1 1 2 -41.8237 20.7111
600206 1 1 2 -11.6596 32.8261
600272 1 1 2 -24.1866 22.5166
002334 2 0 2 17.228 -200.0
002233 2 0 2 -37.0078 19.058
000748 1 1 2 -29.794 40.5738
002242 2 0 2 -37.1758 13.3833
600558 1 1 2 -7.2211 25.8194
002416 2 0 2 -10.1822 -200.0
600822 1 1 2 -10.2566 21.4477
002060 1 1 2 -20.4523 22.1477
600531 1 1 2 -33.0208 9.2784
600240 2 0 2 -35.4523 20.4142
600565 1 1 2 -20.0193 32.3829
000911 1 1 2 -40.1099 28.0109
002085 1 1 2 -36.6043 61.7486
600712 1 1 2 7.0056 18.8802
000868 1 1 2 -32.0359 150.0
002291 1 1 2 -16.1123 15.9533
002297 2 0 2 20.6522 15.5941
002192 1 1 2 14.3654 37.1231
002031 2 0 2 -37.8005 43.352
600449 1 1 2 -42.8825 57.1911
000531 1 1 2 -30.6706 17.655
000982 1 1 2 23.3929 59.5506
600284 2 0 2 -19.0385 16.2343
002320 2 0 2 0.7458 5.897
600638 1 1 2 -44.1214 45.3243
600826 1 1 2 -15.7989 5.3258
000777 1 1 2 -9.2077 30.589
002390 2 0 2 -36.412 -200.0
600020 1 1 2 -18.2637 21.3296
000507 1 1 2 -8.0628 43.1165
000544 1 1 2 0.6141 39.8915
002172 1 1 2 -14.6763 26.7701
600480 1 1 2 -9.8801 41.9424
000031 2 0 2 -38.5701 1.5371
000415 1 1 2 -11.8834 37.02
600871 2 0 2 -15.8439 31.5789
601101 2 0 2 -22.5359 -200.0
300018 1 1 2 -0.4136 -14.3386
002216 1 1 2 25.7145 24.6716
002352 1 1 2 -24.4727 -200.0
002355 1 1 2 -9.826 -200.0
600708 1 1 2 -28.5573 30.4645
600870 1 1 2 -200.0 -200.0
600683 1 1 2 -30.5808 26.7286
600685 1 1 2 -33.7889 10.1455
600677 1 1 2 -39.7918 29.9278
002183 2 0 2 4.3824 20.1669
002182 1 1 2 -29.9619 24.0741
600777 1 1 2 -5.9155 30.5816
000516 1 1 2 -1.7606 40.5608
600452 2 0 2 2.2461 30.5806
600455 1 1 2 -25.188 33.2766
002431 2 0 2 -18.2455 -200.0
002430 2 0 2 2.432 -200.0
600459 1 1 2 -9.423 11.1718
600226 1 1 2 -10.5749 27.3772
000905 1 1 2 -5.5556 16.3889
002311 2 0 2 -22.4305 -1.3403
002313 2 0 2 -14.9149 -23.4146
000768 1 1 2 -35.7442 23.3065
002380 2 0 2 -40.6764 -200.0
600629 1 1 2 -8.3697 22.3602
600886 1 1 2 -28.3976 8.37
600735 2 0 2 -8.0059 39.257
002299 1 1 2 4.3551 -4.6476
600495 1 1 2 -30.8606 26.5142
002164 2 0 2 -26.2077 26.592
002339 2 0 2 -6.5459 -200.0
600063 1 1 2 -41.3546 45.6907
600438 2 0 2 -30.2415 34.7882
600865 2 0 2 -16.7503 32.6398
000727 2 0 2 -26.8065 39.3841
000725 2 0 2 -44.466 16.5919
000686 1 1 2 -39.0436 11.5083
000897 1 1 2 -31.8437 25.5864
002018 1 1 2 -35.9399 31.5353
600263 2 0 2 delist
000752 1 1 2 4.5404 17.624
000619 1 1 2 -30.6937 13.3111
600279 1 1 2 4.5721 23.6842
000710 1 1 2 -26.5949 1.5833
000050 1 1 2 14.1966 24.7655
600160 1 1 2 8.0892 27.0014
600803 1 1 2 5.8088 29.0846
000006 1 1 2 -29.4862 15.7303
600971 2 0 2 -32.6832 24.8708
002156 1 1 2 16.1333 63.6364
600527 1 1 2 -12.4487 23.6273
600069 1 1 2 -6.5601 15.0
600503 1 1 2 -34.7439 0.3723
000909 1 1 2 -22.4299 77.8351
000977 1 1 2 6.4516 29.8602
000521 1 1 2 -33.4349 111.0932
300030 2 0 2 -25.9104 3.2657
002290 2 0 2 -4.7747 47.968
600159 0 2 2 -50.1423 24.4629
000690 0 2 2 -20.1833 17.3755
002062 0 2 2 -3.0487 25.3592
000565 0 2 2 -30.3603 31.8427
000564 0 2 2 -9.8474 30.0353
000560 0 2 2 -34.4942 33.151
000707 0 2 2 -46.3768 51.5988
002206 0 2 2 -14.6231 46.378
002035 0 2 2 1.7744 78.1609
000822 0 2 2 -34.3112 27.1704
000088 0 2 2 -22.6 14.1484
000089 0 2 2 -28.3379 12.0896
600422 0 2 2 -6.4891 27.3381
600392 0 2 2 -36.1405 43.2927
000685 0 2 2 -49.4585 26.3791
002227 0 2 2 19.4952 27.0459
600018 0 2 2 -34.3103 13.2813
002264 0 2 2 -23.7936 27.7372
600780 1 0 1 -24.8841 23.1939
002052 1 0 1 -5.4694 25.656
002055 1 0 1 7.4486 42.0317
600257 1 0 1 -16.7347 61.4719
002117 1 0 1 7.3781 24.0276
000027 1 0 1 -29.0082 22.604
000534 1 0 1 -32.4751 21.6667
300086 1 0 1 -7.2576 -200.0
002023 1 0 1 -16.5383 39.9847
600553 1 0 1 delist
000554 1 0 1 -17.8484 49.1833
600218 1 0 1 -22.9722 47.5309
600277 1 0 1 -6.66 21.4169
600855 1 0 1 -10.7577 -0.7373
600619 1 0 1 -17.4779 48.8782
000880 1 0 1 -12.1864 53.8532
002096 1 0 1 -25.4718 51.7993
000812 1 0 1 -26.4881 38.5246
600976 1 0 1 -14.6801 66.1111
600403 1 0 1 35.0983 50.464
600405 1 0 1 -23.8683 52.5741
600814 1 0 1 -14.9888 32.2963
000420 1 0 1 -12.656 34.9282
000793 1 0 1 -24.3004 24.0283
600098 1 0 1 -22.7632 22.7197
002364 1 0 1 -41.5083 -200.0
600665 1 0 1 -25.1716 14.0411
600365 1 0 1 0.9582 33.2203
002033 1 0 1 0.5776 24.0
002039 1 0 1 -2.9884 18.0244
002421 1 0 1 1.3066 -200.0
002424 1 0 1 0.4441 -200.0
002329 1 0 1 -16.0251 -200.0
000920 1 0 1 -5.1389 26.7016
600283 1 0 1 -25.3237 14.9542
600184 1 0 1 -20.7092 -3.1532
002256 1 0 1 -16.0753 20.4489
600783 1 0 1 -28.6687 16.2003
600310 1 0 1 -21.7105 41.5074
002010 1 0 1 -11.4711 34.3925
300011 1 0 1 -4.9336 1.4346
601991 1 0 1 -21.2872 7.61
002212 1 0 1 -18.3824 29.6826
600338 1 0 1 -12.4346 41.744
600688 1 0 1 -30.4823 5.5823
002133 1 0 1 -40.6345 11.0353
600171 1 0 1 -17.1916 35.6282
600228 1 0 1 -20.1878 21.3184
000582 1 0 1 -28.5619 34.1783
300054 1 0 1 43.0769 -200.0
600643 1 0 1 -35.2586 8.5366
600834 1 0 1 -9.2857 52.9341
600170 1 0 1 -35.1264 10.3498
002387 1 0 1 -36.2099 -200.0
002043 1 0 1 3.1208 29.9625
600749 1 0 1 2.5343 33.3795
002167 1 0 1 20.1395 30.4661
600086 1 0 1 -14.3165 9.5721
600128 1 0 1 -44.5235 46.2226
600644 1 0 1 -28.2672 11.2169
600461 1 0 1 28.6675 19.2308
002228 1 0 1 7.282 28.1301
002342 1 0 1 -30.4979 -200.0
600120 1 0 1 -20.0473 60.9349
002221 1 0 1 -21.4082 59.5041
600861 1 0 1 -15.8 27.0171
600842 1 0 1 delist
600845 1 0 1 -16.215 29.6631
600163 1 0 1 -23.1203 22.779
002151 1 0 1 18.014 18.6423
002012 1 0 1 0.8278 69.1989
600505 1 0 1 -23.1788 35.7513
600238 1 0 1 41.181 22.4443
000571 1 0 1 -17.3889 27.4047
300040 1 0 1 -11.6896 -200.0
002308 1 0 1 17.4664 -6.8481
002306 1 0 1 -32.2805 24.897
000410 1 0 1 -9.0098 31.9347
300036 1 0 1 -5.639 18.9752
300033 1 0 1 0.1013 0.682
000828 0 1 1 -26.4833 51.1765
002059 0 1 1 -30.2761 26.125
002286 0 1 1 -28.5446 69.9396
600011 0 1 1 -20.9738 13.2956
600356 0 1 1 -16.9664 45.4545
600010 0 1 1 -35.6989 20.2073
600724 0 1 1 -33.6968 22.5978
601002 0 1 1 -0.969 35.3242
002337 0 1 1 -39.4143 -200.0
002234 0 1 1 -31.1111 24.9442
000662 0 1 1 -15.4519 26.5938
000886 0 1 1 8.2734 52.7473
600755 0 1 1 -14.069 43.0981
002147 0 1 1 -9.146 24.9211
000407 0 1 1 -35.5581 20.4138
600241 0 1 1 -32.8883 22.8517
600973 0 1 1 -29.0682 27.4008
000563 0 1 1 -26.9231 29.3825
600539 0 1 1 -25.6098 38.7043
600109 0 1 1 -44.9378 26.9049
002365 0 1 1 -29.3226 -200.0
000597 0 1 1 -42.0232 7.9098
600091 0 1 1 -48.1074 39.1376
000526 0 1 1 -19.9697 11.5612
002034 0 1 1 -25.6705 52.7168
600162 0 1 1 -45.7207 19.837
600566 0 1 1 -11.1645 33.4194
600562 0 1 1 31.0557 10.8705
600995 0 1 1 -17.979 13.1824
600282 0 1 1 -43.0637 22.0441
002321 0 1 1 -38.5633 -12.8684
600001 0 1 1 delist
002258 0 1 1 -34.4948 19.0131
002253 0 1 1 4.7283 18.5607
600189 0 1 1 -27.5173 15.1899
600488 0 1 1 -27.6887 30.6207
601333 0 1 1 -25.9958 14.6635
600133 0 1 1 26.8659 71.3396
600317 0 1 1 -27.9498 14.5028
600006 0 1 1 -34.4159 55.2036
000601 0 1 1 -35.4839 -3.3824
000607 0 1 1 -24.4475 8.6233
002356 0 1 1 -10.3694 -200.0
002082 0 1 1 -26.9306 78.8146
600306 0 1 1 -5.0514 17.4725
000014 0 1 1 -35.3289 15.6716
601872 0 1 1 -27.6974 16.701
600027 0 1 1 -28.2197 11.1801
600173 0 1 1 -11.3554 46.2459
600052 0 1 1 -44.086 12.3139
600469 0 1 1 -35.5769 22.9329
600516 0 1 1 -36.3905 27.9449
000766 0 1 1 -34.4156 35.0592
002047 0 1 1 -17.8937 48.9396
002049 0 1 1 11.927 38.8684
600491 0 1 1 -54.8055 4.9641
600641 0 1 1 -30.0106 15.1149
600992 0 1 1 -30.4185 22.722
600012 0 1 1 -6.9852 17.1598
002218 0 1 1 -23.3735 9.6223
600862 0 1 1 -28.8031 25.3644
600399 0 1 1 -40.534 13.9696
600262 0 1 1 -24.0095 15.2252
002222 0 1 1 -17.2865 36.1244
002126 0 1 1 -8.2551 67.0782
002086 0 1 1 -24.0602 58.8652
600022 0 1 1 -31.6888 14.5652
000506 0 1 1 -31.8293 15.6338
