600585 130 123 253 47.8643 31.1533
601318 87 150 237 -12.5702 6.1826
600036 142 93 235 5.0328 -1.0811
601166 103 106 209 2.6714 4.0225
600000 130 70 200 5.1865 -4.3981
600031 91 78 169 27.6383 55.7715
000858 94 71 165 6.1918 0.8739
600048 92 72 164 16.0056 2.7508
600362 70 94 164 -15.599 45.1478
000063 86 76 162 5.6801 10.7505
600030 94 68 162 10.7015 18.3271
600519 94 68 162 16.8746 9.0025
601601 84 78 162 1.3731 5.0459
600016 96 60 156 16.3956 -1.5686
601699 73 82 155 17.0394 67.481
601088 105 46 151 28.8507 4.659
000401 67 72 139 8.6994 12.0436
000983 58 81 139 -3.7773 28.3173
600050 74 64 138 0.1908 5.315
600383 76 60 136 5.6447 -3.7383
000568 75 61 136 14.2857 12.7032
000002 69 67 136 5.0081 -2.1429
000937 65 71 136 35.8948 48.8294
000157 86 49 135 11.5301 33.145
000527 75 55 130 delist
002024 59 63 122 0.2124 -17.9712
000630 50 68 118 -24.0162 92.6883
600068 52 66 118 7.3254 33.3333
000651 71 44 115 34.4258 27.8561
600104 67 41 108 30.0486 -12.8783
000039 46 61 107 -0.9509 60.7692
600887 55 52 107 -12.4606 -8.7527
600015 65 35 100 0.7982 0.9259
601006 61 37 98 11.1348 -7.0155
000629 62 34 96 -2.2505 34.186
601766 42 54 96 -2.1389 32.2242
000877 51 45 96 17.8567 15.051
600309 53 41 94 32.4023 12.9488
000895 41 53 94 -22.0873 75.8286
000680 44 49 93 -2.1691 36.9729
601299 38 53 91 delist
000423 38 51 89 -18.0536 3.6932
002106 37 50 87 -35.2056 79.5393
600875 33 54 87 -24.9337 12.0026
600123 33 51 84 -7.1362 55.5849
600739 39 44 83 -5.6668 6.0563
601288 55 27 82 9.8785 2.682
600970 39 43 82 -15.5702 14.0656
600395 40 42 82 12.1663 57.7799
600518 36 43 79 -21.1432 5.627
000001 46 32 78 8.9343 -2.651
601668 57 21 78 20.5563 -1.1561
600111 31 45 76 60.3783 -7.0518
600028 41 30 71 4.6724 -1.7073
002001 43 26 69 19.779 17.4055
601169 28 41 69 -10.6898 -4.1876
600188 43 25 68 32.0506 54.7139
600425 37 30 67 8.824 3.1059
601111 22 45 67 -27.5565 15.0547
600089 32 35 67 -7.2562 6.6286
000528 37 29 66 -3.5787 57.7825
600376 36 29 65 5.0251 9.4156
601117 33 32 65 57.0922 19.6687
000425 20 45 65 -6.4656 47.9565
600809 33 32 65 3.8079 -0.0729
002073 34 30 64 -22.5564 27.0347
600537 31 32 63 -4.0105 14.8
600406 26 37 63 1.3122 14.9466
000792 33 30 63 -7.7548 8.2353
000581 29 33 62 7.0536 51.3238
600029 33 29 62 -17.8197 17.6329
601009 34 27 61 -7.1859 -0.9547
000338 32 29 61 -11.8891 38.3481
000069 33 26 59 18.5319 -4.2553
601989 25 34 59 17.56 36.3006
600418 32 27 59 7.9515 3.7073
600348 24 35 59 -11.5751 81.8643
600415 21 37 58 -28.9595 31.6304
000933 33 25 58 3.041 22.1951
600690 27 31 58 2.6065 19.9915
600720 30 27 57 8.4423 -12.6337
600276 25 32 57 -22.7146 22.0742
600019 36 21 57 -0.7464 -3.6199
600150 33 23 56 10.6641 14.2303
000024 32 24 56 16.6176 -7.9631
002155 22 33 55 -4.4973 20.9428
600497 30 22 52 18.7718 18.1149
600125 20 32 52 -4.1523 16.1031
000012 18 34 52 -11.4457 25.0
002008 24 27 51 -14.6002 67.7903
600581 32 18 50 33.0818 -8.9157
600256 19 31 50 -14.9793 33.9189
002304 21 29 50 17.3171 9.2736
000538 23 26 49 -5.5749 -13.318
002142 28 21 49 -9.9348 3.4195
601607 19 30 49 -20.2658 -2.2819
600805 28 20 48 38.8134 5.4035
600547 21 27 48 -11.885 -5.656
002202 13 34 47 -30.8796 15.784
601101 25 22 47 39.9025 37.7231
600498 17 30 47 -35.5815 23.6103
600660 23 23 46 7.9339 -13.1245
000422 19 27 46 14.1389 1.3441
600694 22 24 46 -17.1255 -19.6235
002146 24 21 45 -0.4906 32.07
600216 28 17 45 0.639 1.6225
600271 24 19 43 -4.0485 41.4396
601808 17 26 43 -28.5812 77.1151
000960 18 24 42 5.7016 10.101
601857 21 21 42 -0.6715 10.2161
601106 19 23 42 -16.4186 13.5755
600009 27 14 41 4.065 -0.88
000729 19 22 41 -7.8368 -16.1959
600801 22 19 41 74.1372 64.2117
600600 15 25 40 1.0358 -12.8424
600079 22 18 40 -10.3186 12.6437
600458 18 22 40 -30.4565 60.5131
000540 19 21 40 21.3401 30.7619
601888 18 22 40 -19.0715 22.4111
000060 14 24 38 -18.6687 32.3529
002038 19 19 38 0.1505 25.6924
000887 16 22 38 -23.8562 40.553
600066 21 17 38 12.7102 0.5739
600997 19 19 38 -16.5584 31.7408
000926 18 19 37 -9.3182 46.5217
600535 16 21 37 7.0942 16.9248
600837 20 16 36 -2.2017 7.1111
600176 21 15 36 21.5119 16.1408
002006 17 19 36 28.722 219.9574
601168 15 21 36 -14.0202 39.9703
000800 14 22 36 -9.5208 -13.5703
600267 15 20 35 0.5986 -11.316
000998 11 24 35 -17.2502 20.6743
002123 16 19 35 -27.7188 17.1105
000400 19 15 34 -5.2 10.0529
601628 10 23 33 -8.9057 -1.0683
600664 8 25 33 -30.4386 -0.485
000778 20 13 33 20.5254 20.6757
600741 15 18 33 12.734 -20.4209
000009 10 23 33 5.6442 40.3347
600795 22 10 32 1.0015 -7.5529
601186 16 16 32 -9.5377 -8.502
601678 16 16 32 43.411 4.7383
600742 15 17 32 -1.0811 -3.4207
600496 12 20 32 15.4915 49.7717
600060 19 13 32 19.754 -5.4828
600266 20 12 32 24.3802 18.5437
000623 20 11 31 12.1297 17.7855
600859 21 10 31 -17.6555 14.1037
000759 14 17 31 0.0812 -5.8647
002081 12 19 31 -9.5214 41.8729
000789 14 17 31 46.8911 41.9725
002007 16 15 31 -28.6702 -5.1176
600231 17 14 31 7.6181 9.9747
600426 17 14 31 24.6313 0.9489
600096 11 19 30 -25.5614 27.1905
600582 18 12 30 -11.9682 47.2521
601818 17 13 30 -11.9061 14.4509
600312 9 21 30 -22.1626 -1.8012
000550 17 13 30 -3.9488 -7.893
601899 12 18 30 -8.7011 12.9298
600208 14 15 29 5.059 22.449
000635 17 12 29 31.0846 7.3944
600143 16 13 29 5.1704 18.543
600221 12 17 29 -16.3066 52.0339
600239 16 13 29 -8.0249 10.4043
000961 16 12 28 -6.9013 26.859
600815 15 13 28 6.196 36.39
002422 18 10 28 -22.209 28.3154
600352 13 15 28 -15.6258 8.5106
600141 13 15 28 8.0849 -1.1823
000876 20 8 28 -3.2023 22.1574
000417 18 9 27 -0.7927 0.4661
600153 20 7 27 37.7709 -1.9461
002244 17 10 27 11.1973 10.5882
601666 10 17 27 -8.6153 18.8169
000869 14 13 27 6.5486 -20.0267
600900 19 8 27 -0.5673 -1.1749
000758 10 17 27 23.2996 47.6592
600765 14 13 27 -19.76 5.2222
600157 12 14 26 12.8368 3.8462
600880 11 15 26 -27.1784 2.6744
601688 15 11 26 -5.8649 4.0971
600549 12 14 26 -7.2463 34.511
600502 12 14 26 81.5307 27.2385
600339 14 12 26 48.9567 -7.1713
000402 20 5 25 13.872 -2.2189
600416 14 11 25 -15.9028 15.7649
600456 17 8 25 11.7226 2.8463
600428 10 15 25 -7.718 9.5926
600881 17 8 25 26.7884 5.3459
600160 9 16 25 99.0779 58.7124
000807 16 9 25 -5.614 24.6347
600583 11 13 24 -18.2166 20.8955
601717 13 11 24 -11.5263 33.2705
600449 16 8 24 0.1434 15.8132
002122 15 9 24 -0.7803 27.8689
002129 10 14 24 12.5715 74.0187
601939 11 13 24 13.0783 1.6785
600331 15 9 24 -11.6788 2.5116
000698 12 11 23 12.9032 -6.8132
000061 13 10 23 -5.0135 -17.3239
601958 9 14 23 -14.8221 31.027
600252 7 16 23 5.7946 48.4506
600636 10 13 23 160.1025 42.4272
600729 15 7 22 -1.3111 -19.2364
000848 9 13 22 -22.3431 -25.1453
601398 12 10 22 9.7223 6.8711
000776 14 8 22 -21.1502 70.2114
600963 10 12 22 -13.1969 6.8793
002041 8 14 22 -37.3283 -2.9165
002344 10 12 22 -16.3493 -2.5222
600169 7 15 22 -2.5201 52.9412
000501 8 14 22 -6.3596 -16.4091
601866 12 9 21 -18.2022 21.7391
002140 13 8 21 12.475 54.8606
002091 11 10 21 -14.0395 -5.6211
600100 7 14 21 -18.7011 18.3482
000968 13 8 21 4.1102 52.1383
000709 15 6 21 22.8261 -3.866
601328 8 13 21 1.2797 -5.5172
000860 7 14 21 -21.6005 -6.8387
002167 9 12 21 -13.7174 68.459
600761 11 10 21 2.3214 12.3038
002029 14 6 20 -1.107 -1.4908
002230 5 15 20 -22.8859 51.341
601118 10 10 20 11.8983 -200.0
000969 8 12 20 -10.2816 9.9099
600284 11 9 20 -14.6062 44.5255
600823 12 8 20 9.6702 13.9123
000513 5 15 20 -35.4789 5.5904
600489 7 13 20 -9.9906 2.8557
000826 6 14 20 -22.3403 32.3681
600550 10 10 20 -11.9764 -12.9665
600195 12 8 20 -2.511 -11.0738
600303 10 10 20 17.4805 -15.1205
000932 13 7 20 12.2951 -11.7788
600261 8 12 20 -30.0041 58.9406
002011 9 11 20 18.8857 22.6173
002375 11 8 19 -32.104 25.0578
600038 8 11 19 -5.2054 -6.8368
000783 11 8 19 -2.1798 6.3029
600388 8 10 18 -17.2821 13.8291
002236 10 8 18 11.7779 8.4001
002415 8 10 18 -14.0526 30.4468
002065 12 6 18 -19.661 1.9212
000596 10 8 18 1.3784 32.1905
000597 15 3 18 -16.924 -5.0416
601998 11 7 18 -8.6538 3.1434
600631 11 7 18 delist
002161 5 13 18 -12.7014 48.5532
600166 4 14 18 -25.9533 19.1364
002152 12 6 18 -23.0604 25.0115
002249 9 8 17 -29.7008 -1.2932
600570 9 8 17 -22.2508 24.3094
600812 5 12 17 -24.558 23.6035
600688 15 2 17 4.1176 0.1181
600295 10 7 17 6.5346 16.6167
600067 10 7 17 8.7884 -7.9365
600467 7 10 17 -14.6341 5.6287
600318 9 7 16 73.2578 40.4332
601179 6 10 16 -21.6235 10.4895
600588 9 7 16 -8.7494 -10.1931
002241 7 9 16 -6.7141 42.9655
600240 8 8 16 53.2374 7.8148
000963 9 7 16 -26.1637 14.3673
002154 8 8 16 -9.9609 15.6364
002078 8 8 16 -3.4577 -3.4483
600525 4 12 16 -24.8055 11.1057
000825 9 7 16 -0.7092 -1.476
002013 7 9 16 -12.3842 101.1125
600557 10 6 16 -23.1364 7.2331
600511 2 14 16 -37.3887 8.6766
601377 10 6 16 10.3397 9.0175
600697 14 2 16 9.7946 -15.894
002056 6 9 15 -25.547 24.0051
600750 4 11 15 -30.2975 -12.7392
600835 12 3 15 14.6912 -11.5288
600693 6 9 15 -24.9348 -12.2571
601390 8 7 15 -6.5574 2.1226
600863 5 10 15 -4.5259 16.0343
600366 6 9 15 -15.8621 23.1534
601788 9 6 15 -2.2737 5.3559
601333 11 4 15 22.9515 -3.3613
600251 5 10 15 20.538 18.2612
601992 10 5 15 2.8571 -200.0
600770 6 9 15 -9.387 18.9693
600085 6 9 15 6.6707 1.8419
600062 9 6 15 -11.3059 -6.8041
000939 6 9 15 33.6357 9.9859
600199 8 7 15 -17.7396 33.0995
600522 4 11 15 -22.4206 28.81
600332 5 10 15 -16.3743 54.403
600354 4 10 14 -32.4294 29.2275
600298 6 8 14 -23.3752 14.4778
000999 3 11 14 -27.3343 -3.1096
600707 4 10 14 -35.1408 7.4157
600546 6 8 14 -2.5939 41.3399
600685 9 5 14 19.301 15.6766
600516 4 10 14 -5.9456 68.5921
600580 3 11 14 -19.448 -1.8129
000099 7 6 13 -1.9248 22.2584
600723 3 10 13 -0.7905 -16.7763
002118 4 9 13 13.1207 134.4777
000028 9 4 13 -19.9421 -12.9288
600475 6 7 13 -19.4667 35.7386
600858 5 8 13 -18.6457 -13.7743
600320 9 4 13 2.9412 3.4865
000811 7 6 13 -0.2781 -0.101
000562 7 6 13 delist
600528 7 6 13 -1.1488 1.4525
600058 5 8 13 9.3975 29.4537
600644 7 6 13 15.2669 -2.2567
000755 7 6 13 -13.6044 62.7848
600594 7 6 13 -6.7444 10.4157
000898 7 6 13 -9.4396 -6.6425
000878 3 10 13 -12.36 23.3184
000530 8 4 12 -4.7986 1.0204
000951 4 8 12 -29.4785 22.9333
002060 4 8 12 14.4379 35.9431
600403 8 4 12 -3.512 35.9519
000639 7 5 12 -5.8912 26.5322
600869 5 7 12 10.4875 43.4394
002293 7 5 12 9.9182 -1.4336
600785 9 3 12 -5.6591 -19.1086
002254 6 6 12 -16.4872 25.1928
002176 6 6 12 45.7015 -0.1336
600523 6 6 12 -17.9233 0.5042
600316 10 2 12 23.2034 -30.8758
600703 4 8 12 -17.7843 2.4347
600673 5 7 12 -9.3945 19.1808
600172 5 7 12 11.0335 54.6956
000880 6 6 12 11.5362 -3.8692
600778 7 5 12 -5.3502 -12.0792
600010 7 5 12 125.3825 14.8485
600595 7 5 12 -15.3362 1.9202
600118 7 5 12 -8.2928 -8.884
000718 5 7 12 -14.2551 7.1019
600893 6 5 11 11.488 -12.3073
600115 4 7 11 -19.3798 -13.307
601002 5 6 11 41.138 66.0628
002233 4 7 11 67.0808 21.5408
002063 2 9 11 -18.6316 9.1228
000566 5 6 11 -21.6978 33.0345
000708 6 5 11 3.7298 13.2743
600290 7 4 11 50.4043 5.7992
601919 6 5 11 -9.2765 -3.1926
000911 7 4 11 -23.8881 24.3483
600737 6 5 11 -33.2682 8.339
002179 8 3 11 24.258 -2.069
600521 8 3 11 14.8199 -30.4906
600468 5 6 11 -20.9012 8.0854
002158 4 7 11 -27.2463 35.8491
600380 4 7 11 -15.8135 -5.4654
002215 5 6 11 -25.2019 16.1065
000602 8 3 11 delist
002132 6 5 11 -16.4234 42.1812
002139 7 4 11 -15.3081 -11.8799
600773 4 7 11 34.3199 -1.7657
002310 6 5 11 -33.7261 27.344
600069 4 7 11 74.9091 2.3593
600642 9 2 11 1.9298 -6.2654
000650 4 7 11 -5.127 14.9022
000837 6 5 11 -0.5798 4.0396
000972 8 3 11 -38.2979 33.3333
600806 5 6 11 18.0318 5.2295
002277 6 4 10 -3.9795 -7.2848
000823 4 6 10 -7.8034 38.7564
002055 4 6 10 -22.5597 72.0828
002028 1 9 10 -45.5579 11.5499
600499 2 8 10 -30.4364 12.8254
601216 5 5 10 -12.4819 -200.0
600101 7 3 10 28.9901 62.5917
002099 7 3 10 -6.0973 -20.4013
600971 4 6 10 -17.8691 67.8295
002092 5 5 10 -6.283 8.5779
600866 5 5 10 -24.5614 8.7692
600717 6 4 10 0.3711 -2.4561
002299 3 7 10 -4.0745 29.0844
600686 6 4 10 -2.9412 0.0
600056 5 5 10 62.7623 -11.7361
300124 6 4 10 3.286 48.7927
002261 6 4 10 -31.4703 11.1763
600121 7 3 10 -12.5415 12.5227
000426 4 6 10 -0.1182 30.3693
600018 6 4 10 1.8277 -9.0692
002079 5 5 10 42.0327 22.8674
002128 4 6 10 -8.045 19.756
002408 5 5 10 44.0091 15.6071
600072 4 5 9 78.7966 22.5352
600375 5 4 9 -12.1779 37.3816
300080 5 4 9 -21.0148 18.1913
000861 5 4 9 7.7576 -8.6909
600270 6 3 9 -4.1013 1.2571
002353 5 4 9 -7.3713 22.0258
600108 3 6 9 -4.2587 34.2857
000420 3 6 9 -17.9245 39.701
002206 5 4 9 -6.116 21.4405
002108 5 4 9 -9.2159 9.6552
000598 3 6 9 -10.1291 2.4839
002033 4 5 9 -22.2975 34.2935
000988 4 5 9 -1.756 16.3241
002250 6 3 9 -19.7926 9.9196
601618 8 1 9 1.5464 -2.9777
002177 4 5 9 -11.0102 28.0084
600139 3 6 9 3.4621 14.5269
000780 5 4 9 8.1845 21.2816
601799 8 1 9 -4.1344 -200.0
600170 7 2 9 11.3154 7.2006
000762 2 7 9 -6.9807 -6.5
000888 8 1 9 7.6923 -13.7069
000559 1 8 9 -22.6418 -10.0065
300070 5 4 9 -28.8122 41.211
002266 5 4 9 -19.0333 33.865
600884 3 6 9 -23.5491 23.7977
600995 6 3 9 -3.9077 14.9901
600063 4 5 9 28.2751 6.4045
600307 4 5 9 19.2166 2.3835
600469 6 3 9 11.803 -10.0756
000725 5 4 9 5.0 4.6358
600268 1 8 9 -2.2201 17.0268
002080 1 8 9 -24.9313 -20.2005
600337 3 6 9 10.2799 -1.6651
600487 3 6 9 -29.5485 22.9186
600432 6 3 9 -8.275 4.0683
600802 5 4 9 55.0576 8.4815
600146 6 3 9 -16.9441 -15.1563
000410 5 4 9 -7.7441 -5.098
600587 4 4 8 22.3694 46.1418
600095 3 5 8 -9.6475 6.9444
300002 3 5 8 -33.9157 4.938
300086 1 7 8 -50.389 12.9114
002022 1 7 8 -23.8924 8.5094
601001 3 5 8 -16.0079 25.2832
000669 4 4 8 -4.7199 9.6476
600005 5 3 8 5.1649 -6.7538
000612 3 5 8 -15.0476 5.569
002526 5 3 8 -13.296 -16.1406
002480 2 6 8 -12.0756 27.9436
600589 5 3 8 10.3165 10.0381
002089 4 4 8 -19.2694 27.9602
601988 6 2 8 1.972 -0.2472
600782 4 4 8 23.6332 -12.8788
600378 3 5 8 -25.1324 52.6176
000987 4 4 8 -19.9161 -16.3851
600828 5 3 8 -15.7082 -17.061
300083 4 4 8 -40.1518 63.6428
600027 6 2 8 2.7864 -15.7623
000551 6 2 8 -16.5612 5.2727
300157 5 3 8 -8.655 -200.0
002214 3 5 8 12.8687 23.0769
000707 3 5 8 48.8142 9.3195
002138 2 6 8 -24.2973 27.3563
600054 6 2 8 -3.2033 -12.6059
002430 5 3 8 -2.8609 29.0323
002490 6 2 8 -26.104 12.7131
300022 5 3 8 -24.2942 21.4421
300054 4 4 8 -24.9063 23.5238
601898 4 4 8 -3.6777 9.4758
600888 7 1 8 5.045 16.1275
000686 4 4 8 -5.5702 4.2076
600011 6 2 8 -1.7049 -6.1889
600844 2 6 8 17.1812 -27.4857
002121 4 4 8 -23.4256 26.401
601268 4 4 8 delist
600187 6 2 8 9.4921 20.3095
002153 5 3 8 -9.6325 41.0737
300048 3 5 8 -31.4184 63.6388
000893 5 3 8 -19.4433 13.1234
600360 4 4 8 -20.5468 18.4721
300134 7 1 8 -19.2282 24.8345
002273 3 4 7 -28.5572 41.8258
600787 5 2 7 33.8933 -1.25
000666 2 5 7 13.2787 53.944
002410 4 3 7 -24.2059 36.5385
002096 4 3 7 -10.9984 34.7222
002094 3 4 7 19.9705 14.5349
600325 5 2 7 12.9719 -11.6725
600322 4 3 7 19.4336 0.0
002564 6 1 7 -5.2991 -200.0
002281 5 2 7 -27.0259 30.7407
600598 6 1 7 8.1917 -1.4892
002035 3 4 7 -16.879 62.2642
002037 1 6 7 5.6327 30.7564
300115 3 4 7 -15.2316 35.515
000962 2 5 7 6.2575 25.6777
600386 1 6 7 -12.6733 -2.8463
600529 2 5 7 -19.9775 -7.2171
600967 3 4 7 26.2204 -0.4076
002475 5 2 7 0.7944 48.5403
000786 5 2 7 9.9671 11.5964
601991 5 2 7 -7.7686 -10.9649
600439 3 4 7 -13.8242 20.7565
600879 2 5 7 -7.8788 -1.5385
002503 2 5 7 -25.9492 6.7368
600674 3 4 7 1.0571 -8.8999
000021 2 5 7 -26.2834 -24.8399
600198 4 3 7 -27.537 11.4075
300146 4 3 7 -20.5328 2.1938
002045 2 5 7 -36.2382 -15.4717
002168 2 5 7 -7.9319 96.4975
600754 4 3 7 -24.6972 -7.1172
600460 4 3 7 -24.1723 -4.386
000059 3 4 7 17.17 7.3148
002086 2 5 7 -15.3936 -2.6385
600760 3 4 7 2.96 5.6978
002156 4 3 7 -20.7953 25.8292
600527 4 3 7 0.6968 27.5472
000829 3 3 6 -20.6597 -28.38
002051 4 2 6 -4.8965 -1.4975
002283 3 3 6 -8.8557 54.7619
600651 2 4 6 -13.7654 9.4669
000536 2 4 6 3.328 30.1553
002458 3 3 6 -17.5251 24.9753
002334 1 5 6 -17.7771 19.9889
002482 4 2 6 -26.4252 28.3076
002068 4 2 6 38.1129 -8.8703
002050 1 5 6 2.7644 13.2139
002093 3 3 6 -24.3012 30.2594
600107 3 3 6 39.3091 -4.712
600327 3 3 6 -19.168 -6.6199
600668 3 3 6 1.7606 61.9891
601566 5 1 6 12.9639 -200.0
300111 3 3 6 -12.9899 5.6288
600628 1 5 6 -15.0086 -14.6743
600481 2 4 6 -9.3568 7.5826
000822 4 2 6 57.27 7.0423
600586 3 3 6 22.1646 8.6262
002216 2 4 6 -5.9042 -2.8351
002506 3 3 6 -11.747 -6.5701
002182 3 3 6 10.9687 18.5885
002009 4 2 6 15.2727 7.2965
300025 4 2 6 -34.2443 51.7556
600236 5 1 6 27.4811 -5.3763
600517 1 5 6 -22.9279 -12.0424
600831 3 3 6 3.9922 4.1456
000768 4 2 6 -7.6342 -3.5743
002269 2 4 6 -6.5414 20.9375
002042 4 2 6 -15.9396 32.3282
002048 3 3 6 -9.1535 -10.7096
600999 5 1 6 -1.606 -6.9676
600991 1 5 6 delist
300090 3 3 6 -31.9912 66.5663
002449 2 4 6 -40.6858 32.8788
000727 3 3 6 18.1387 36.0976
002226 4 2 6 6.6364 18.1233
002223 1 5 6 -19.4086 23.2934
000616 3 3 6 5.8141 -0.7752
601933 5 1 6 -21.31 -3.2518
000503 3 3 6 -9.3817 10.2837
002157 2 4 6 2.1077 2.266
002010 1 5 6 8.9755 17.1647
600223 3 3 6 11.413 -4.4929
600409 5 1 6 45.7709 15.6863
000656 4 2 6 54.6275 -4.1451
002303 2 4 6 -15.1041 12.9919
600808 3 3 6 2.9586 -5.2778
600803 4 2 6 5.4618 0.0751
300136 3 3 6 -41.1311 30.7114
002069 0 6 6 -10.8961 -5.6167
002017 0 6 6 -27.1981 48.538
000716 0 6 6 -29.1111 25.2319
600248 2 3 5 -12.3633 47.2119
002110 3 2 5 -3.5477 -3.9929
002115 3 2 5 -15.0614 13.3742
000625 3 2 5 -1.6129 -13.4668
300082 3 2 5 -19.8907 20.1516
000903 1 4 5 -27.7575 43.6735
000915 4 1 5 0.3982 13.2522
601003 4 1 5 8.2645 -6.7925
300101 4 1 5 -44.8123 51.3869
600612 4 1 5 16.7632 -15.1619
002061 2 3 5 16.7102 4.6429
002469 2 3 5 -39.6594 74.4966
300029 2 3 5 -20.6893 25.7644
600373 4 1 5 -24.3286 15.0183
600718 2 3 5 -28.5625 -8.4997
600710 3 2 5 9.0908 -4.2025
002282 2 3 5 11.7531 37.7025
002296 2 3 5 -33.7791 24.692
000521 4 1 5 -18.4 6.903
002039 4 1 5 -3.8558 8.3205
600563 2 3 5 -15.7076 -2.964
600219 3 2 5 1.3053 2.3207
000590 2 3 5 -17.5462 72.1533
600288 2 3 5 -18.8301 31.6284
000777 2 3 5 -23.4842 39.7217
000927 3 2 5 -11.3794 2.0025
002551 3 2 5 -27.8626 -200.0
002170 3 2 5 -7.3845 22.791
600151 2 3 5 -9.3347 -5.5316
600485 3 2 5 -12.328 17.5063
600486 2 3 5 -11.0741 1.1872
002456 1 4 5 -16.5819 26.861
600132 2 3 5 6.8567 4.5849
000415 2 3 5 24.0296 6.6667
000419 3 2 5 -20.4217 -5.045
300159 5 0 5 -33.9853 -200.0
600702 3 2 5 1.6232 27.458
002185 1 4 5 -22.2857 32.0416
300050 3 2 5 -26.6861 10.3386
300179 5 0 5 -21.7262 -200.0
000046 3 2 5 -0.3405 1.9296
000936 1 4 5 -2.829 24.7665
600495 2 3 5 4.1486 52.2456
600064 5 0 5 -4.5657 26.9731
000935 3 2 5 28.1977 -0.2852
600993 1 4 5 -13.753 3.5868
600545 3 2 5 -0.6208 -18.9831
300006 2 3 5 17.1265 44.2958
600461 5 0 5 -6.2205 23.0878
600843 1 4 5 -19.5609 34.894
600503 1 4 5 85.8363 37.5578
600482 3 2 5 0.9284 7.58
000578 2 3 5 delist
002082 4 1 5 7.7042 5.0
000973 2 3 5 -11.2892 -3.8559
000970 2 3 5 -18.3786 51.325
300169 3 2 5 15.9236 -200.0
002302 4 1 5 0.9804 -9.0323
600479 0 5 5 -30.5695 3.1443
600572 0 5 5 42.4861 15.3584
000050 0 5 5 -27.9734 38.5185
002271 1 3 4 -12.3198 35.8621
600978 2 2 4 -7.6684 -15.3005
000026 1 3 4 25.7689 17.4635
000027 3 1 4 -8.5624 -2.2287
600790 1 3 4 -18.2281 12.8959
600966 2 2 4 -3.5741 -12.4722
600387 2 2 4 29.8727 4.6344
600478 3 1 4 35.3509 -6.0854
600576 1 3 4 -22.6171 -11.6365
600202 1 3 4 -24.812 -8.8589
600218 2 2 4 -5.7227 41.5205
600850 1 3 4 -23.7347 5.0855
600410 2 2 4 -13.6673 17.6121
002417 2 2 4 -3.0933 12.5789
002062 1 3 4 -14.1162 -0.9573
600102 2 2 4 delist
600976 2 2 4 -11.2555 20.1999
600816 2 2 4 44.7794 0.0
300027 2 2 4 -9.4985 -1.279
300020 3 1 4 -30.5904 19.2641
000022 1 3 4 0.8652 3.6189
002297 1 3 4 -5.9829 -11.5812
002032 1 3 4 0.3409 6.2695
002384 1 3 4 -42.874 31.6123
000982 1 3 4 3.3235 19.1814
600289 1 3 4 -27.7978 23.3105
600282 2 2 4 17.9412 -11.1399
002325 3 1 4 -22.8636 18.1818
002327 2 2 4 8.9022 -13.0368
002023 3 1 4 2.9751 0.3565
002253 2 2 4 -1.0346 -19.5845
601208 3 1 4 -5.1361 -200.0
002074 3 1 4 8.4363 21.9873
600259 2 2 4 17.8981 12.0752
000418 2 2 4 -14.9496 -1.4963
002477 2 2 4 15.0618 10.939
600559 3 1 4 -22.5727 -4.2228
000761 1 3 4 6.6343 10.9735
002136 3 1 4 87.4222 -2.7316
000609 3 1 4 21.9318 6.6667
600704 2 2 4 11.6162 -20.385
002131 2 2 4 10.4294 10.2096
002501 1 3 4 -15.0545 18.3857
000589 3 1 4 -4.1434 -0.2571
000543 4 0 4 22.3881 -8.21
002049 2 2 4 -24.2132 94.1261
601877 4 0 4 -24.1173 16.6018
000930 2 2 4 -3.5329 2.1014
600990 2 2 4 -16.3924 -31.2717
600713 1 3 4 12.5318 -3.5484
000830 2 2 4 17.2529 16.0681
300004 3 1 4 -9.0576 18.8341
601718 2 2 4 10.5769 -13.6735
600597 2 2 4 -19.677 3.1156
002535 4 0 4 12.4694 -200.0
600163 2 2 4 0.4175 0.0
600183 1 3 4 -16.9918 7.656
600021 2 2 4 47.4794 -1.4851
600116 1 3 4 41.7715 27.3469
600232 2 2 4 14.2449 -0.3413
000978 2 2 4 -14.3529 12.5632
000713 1 3 4 -20.2599 22.2635
002117 0 4 4 -33.2443 -0.8333
002234 0 4 4 12.7857 33.4726
300105 0 4 4 -28.9025 50.4938
300065 0 4 4 -35.2701 52.3322
600258 0 4 4 -17.7114 -4.4036
002479 0 4 4 6.5052 33.3463
600292 0 4 4 -11.0218 47.8764
600193 0 4 4 -2.1246 5.4286
000655 0 4 4 -14.9154 35.7101
600895 2 1 3 8.8812 -10.1331
600257 2 1 3 -4.3981 4.0094
600655 1 2 3 -17.5133 -11.9188
600075 1 2 3 -2.5662 1.5625
000925 1 2 3 -25.8369 8.1669
600724 1 2 3 56.3478 -14.6165
300174 3 0 3 -3.3866 -200.0
300077 1 2 3 -46.9223 7.2213
002238 2 1 3 -16.3483 13.4279
601727 1 2 3 -14.3564 3.2776
300104 2 1 3 -23.5571 73.1576
002485 2 1 3 -15.6416 2.2222
002242 3 0 3 -11.9458 -14.0331
600614 1 2 3 76.7123 40.0
600616 1 2 3 -12.6187 -13.0435
002414 1 2 3 -32.4307 15.4294
002066 1 2 3 -7.3912 5.0273
600531 1 2 3 -23.3944 93.692
002097 2 1 3 -16.0171 10.2699
600323 1 2 3 -14.162 -2.7155
000561 3 0 3 11.2374 -12.6087
300122 2 1 3 -19.9128 -12.0912
300024 2 1 3 -6.6572 63.2843
300142 3 0 3 -37.4419 -2.3102
000799 3 0 3 -11.2172 17.2673
002563 3 0 3 -22.4118 -200.0
600825 1 2 3 -10.1961 -29.6464
600326 2 1 3 -7.4952 33.8017
002518 3 0 3 -23.4757 -13.5846
000031 2 1 3 -7.5929 -11.0
002292 1 2 3 -11.15 18.2556
002036 1 2 3 16.8619 36.5807
002428 1 2 3 -16.4504 17.8084
002583 3 0 3 5.641 -200.0
002582 2 1 3 6.893 -200.0
300187 3 0 3 12.5472 -200.0
000850 3 0 3 35.4468 11.75
600283 1 2 3 14.8889 19.3408
600280 1 2 3 -0.1112 -12.6306
002321 2 1 3 -24.5918 32.8084
002169 1 2 3 -28.3377 16.5241
600488 1 2 3 -8.1637 7.2816
300118 2 1 3 -27.3728 30.8754
600184 1 2 3 -15.5354 43.4189
002493 1 2 3 -1.501 1.1225
002021 3 0 3 19.2708 -12.0482
600749 2 1 3 -0.1429 -0.7067
000921 2 1 3 -14.0604 10.6628
600138 2 1 3 -6.383 -14.4902
002407 2 1 3 -9.8646 34.7887
600311 1 2 3 -25.4284 80.3883
600962 2 1 3 57.3226 -16.5811
600961 3 0 3 -1.6336 35.9636
002450 1 2 3 32.2569 63.2549
600006 1 2 3 -5.3515 -11.8397
002085 1 2 3 19.1289 -1.626
300015 3 0 3 -25.1957 28.418
300150 2 1 3 -40.8928 -19.5286
600500 1 2 3 -9.1296 10.8513
002003 1 2 3 -23.1838 -7.7352
002434 1 2 3 -11.2181 14.7872
002436 1 2 3 -26.1838 62.219
600226 1 2 3 -12.0988 9.6349
300171 3 0 3 -4.3157 -200.0
300055 1 2 3 -31.4055 50.3333
002251 1 2 3 -9.025 7.5557
002549 2 1 3 17.1426 -200.0
002385 2 1 3 -17.3349 -4.7159
600886 2 1 3 2.2567 -2.7137
601600 2 1 3 11.2121 -8.9767
600491 1 2 3 9.5586 18.9605
002165 1 2 3 0.406 -8.7666
002367 1 2 3 -7.1545 -2.1709
002444 1 2 3 -16.5472 26.9914
002218 3 0 3 -10.1923 7.9017
000721 2 1 3 -11.3656 29.7268
600862 3 0 3 9.4421 0.7699
000839 2 1 3 -10.4131 -16.6319
000617 1 2 3 -3.6898 33.744
002126 1 2 3 -25.3533 14.3357
600596 2 1 3 -29.3247 15.3904
600343 1 2 3 -15.4363 9.8468
600161 2 1 3 -25.005 -6.1091
600185 2 1 3 20.527 -12.1248
000006 2 1 3 10.7109 -5.6834
001696 1 2 3 -24.4214 -7.3905
002015 1 2 3 -9.492 26.1339
600509 1 2 3 0.4673 3.5815
600507 1 2 3 -3.04 23.6582
002104 1 2 3 -24.7895 8.7291
601918 2 1 3 -8.5482 18.266
000659 3 0 3 34.1804 14.6589
600804 2 1 3 -8.7861 -8.5443
000488 1 2 3 5.7072 -8.4306
300135 2 1 3 -28.0416 12.8786
600422 0 3 3 -11.7451 0.3615
002232 0 3 3 -32.0175 35.1558
600098 0 3 3 -15.4703 30.4212
002102 0 3 3 88.8551 -21.1811
600738 0 3 3 3.3822 -7.6531
002252 0 3 3 -29.3098 -4.6559
000507 0 3 3 -1.2986 16.6205
300018 0 3 3 -21.6975 3.9024
600178 0 3 3 -14.1228 -7.228
002437 0 3 3 -37.371 -1.9363
002345 0 3 3 -22.8324 -8.3048
000715 0 3 3 -29.7628 -5.4717
000627 1 1 2 -10.5477 -6.1798
002378 1 1 2 -17.9238 16.0171
000159 1 1 2 -4.7409 8.4527
600725 2 0 2 2.342 10.3972
600894 1 1 2 9.5116 18.9602
002052 1 1 2 15.8679 -6.8865
300008 2 0 2 0.8275 9.7655
600090 1 1 2 28.1092 19.0372
600657 1 1 2 7.0588 -8.3832
300058 2 0 2 -8.5928 19.661
000100 2 0 2 75.0948 -8.5333
002457 1 1 2 -19.1255 45.741
002454 1 1 2 -27.711 4.4163
600277 2 0 2 16.9199 -6.1693
002208 1 1 2 -14.6661 -6.8702
600392 1 1 2 -9.9594 20.3077
000661 1 1 2 -19.0939 17.1484
000667 2 0 2 -0.3333 -9.6096
601177 1 1 2 -4.7862 -11.2403
600263 1 1 2 delist
600555 1 1 2 6.6381 -12.0818
300102 2 0 2 -9.1237 10.9938
600446 1 1 2 -11.9542 8.2498
002313 1 1 2 -23.0539 42.5043
300203 2 0 2 -26.8657 -200.0
600328 1 1 2 -10.0318 14.1874
000541 1 1 2 -11.7084 -3.4904
600819 1 1 2 8.1793 59.4628
600811 1 1 2 -12.0205 33.5605
600351 1 1 2 -20.4708 7.6087
300026 2 0 2 -7.6285 17.772
300143 1 1 2 -12.3796 19.1525
300140 1 1 2 -22.7159 -10.0257
601890 1 1 2 -12.3714 -10.342
002098 1 1 2 -11.0966 37.8122
000810 1 1 2 6.3022 -2.439
002285 2 0 2 -8.3446 -14.1756
300010 1 1 2 -21.8576 42.0854
600797 1 1 2 5.4441 4.8673
600663 1 1 2 -15.0019 -1.8692
000522 1 1 2 delist
600363 2 0 2 1.9164 -25.9813
002324 1 1 2 -23.4001 10.8791
002326 2 0 2 -22.2963 1.1356
000679 1 1 2 -13.2697 16.4484
002556 1 1 2 -15.5409 -200.0
002557 2 0 2 -22.135 -200.0
002554 2 0 2 0.8712 -200.0
600637 2 0 2 48.568 0.0
600889 1 1 2 34.1768 6.1429
002392 1 1 2 26.4 15.5125
600626 1 1 2 15.5225 -6.31
300088 1 1 2 -19.372 44.9234
600137 1 1 2 -6.2752 6.3725
600969 1 1 2 18.4945 11.777
000554 1 1 2 35.5185 10.3979
002470 2 0 2 -9.3064 -2.2358
600007 2 0 2 -9.0198 -13.0285
002308 1 1 2 -15.124 -0.0503
002210 1 1 2 -18.417 6.1644
000600 1 1 2 -5.482 -9.3333
002419 1 1 2 -7.2476 6.497
600870 1 1 2 -12.6739 23.5182
600683 1 1 2 20.3414 13.6943
601099 1 1 2 -11.7151 -1.4519
600897 1 1 2 -0.5493 -7.6923
600677 1 1 2 1.114 6.6249
600173 2 0 2 -10.3359 -8.9312
002187 1 1 2 -11.5178 -14.9103
002186 1 1 2 -15.9308 5.1637
000519 1 1 2 -4.7832 -14.0
600055 1 1 2 -14.6965 0.0
002004 1 1 2 -11.9141 -13.5126
002005 2 0 2 -1.3317 -11.7617
600459 1 1 2 -13.8925 1.1385
300011 2 0 2 -33.7079 20.6006
300193 1 1 2 -28.969 -200.0
000905 1 1 2 -0.1465 -14.098
600350 1 1 2 -8.3902 -0.8493
000558 1 1 2 89.0395 -4.3928
000882 2 0 2 3.7921 -2.3161
002209 1 1 2 -32.4621 21.5958
000089 2 0 2 1.9158 -3.8261
002264 1 1 2 2.9089 6.7335
600736 1 1 2 45.8954 -11.7845
002368 1 1 2 -23.8121 25.9879
000632 1 1 2 -1.1429 -14.56
300049 1 1 2 -22.1978 8.3673
600051 1 1 2 48.2206 -7.2588
000979 1 1 2 -24.6485 38.9764
002446 1 1 2 -17.0563 21.7978
300093 1 1 2 -23.1522 56.1254
300168 2 0 2 -16.2508 -200.0
600260 1 1 2 -3.9548 13.9871
600262 2 0 2 22.3556 1.6837
300005 1 1 2 -7.8502 18.6634
002221 1 1 2 -23.0745 11.2077
000610 2 0 2 -2.4613 27.8409
600606 1 1 2 4.4423 1.6878
002019 1 1 2 15.2472 13.8305
002151 2 0 2 -0.7024 -2.1491
300216 2 0 2 -2.6627 -200.0
600508 1 1 2 -8.9256 22.8931
600117 1 1 2 20.117 15.6168
600335 2 0 2 -5.2045 0.0
600233 2 0 2 22.7305 -14.6047
000875 2 0 2 2.968 -1.9868
600361 1 1 2 -13.5684 -19.121
300037 2 0 2 -7.8778 2.524
002290 1 1 2 -29.695 33.3704
300137 1 1 2 -45.6776 14.7447
300132 1 1 2 -15.9961 14.3315
600584 1 1 2 -22.576 -2.7102
000413 0 2 2 -7.9659 0.8608
002376 0 2 2 -20.4624 9.9744
002111 0 2 2 -20.295 32.6316
002025 0 2 2 -2.7768 -6.9214
600389 0 2 2 -10.8424 17.9512
600400 0 2 2 26.9163 0.0
002474 0 2 2 -19.3782 19.9709
002330 0 2 2 -15.6431 -5.9893
002336 0 2 2 -19.4485 -8.3888
002484 0 2 2 -19.6897 33.5944
600551 0 2 2 -12.5137 -1.1834
000881 0 2 2 13.7898 16.6667
000816 0 2 2 18.6548 21.7868
300003 0 2 2 -26.3591 9.2105
002100 0 2 2 -9.7691 -5.5474
002294 0 2 2 -23.5554 1.8626
600783 0 2 2 53.2846 47.7447
000989 0 2 2 -19.0605 -5.2363
600071 0 2 2 -8.3898 19.7279
600827 0 2 2 -1.5698 9.1232
002386 0 2 2 -13.6977 4.9342
600571 0 2 2 7.7463 -4.0587
002212 0 2 2 -18.979 39.1626
600196 0 2 2 -18.6238 -2.1786
600059 0 2 2 -19.6319 -10.609
002431 0 2 2 -40.3085 43.0089
002432 0 2 2 -22.6549 8.7661
300064 0 2 2 1.5593 46.1875
600306 0 2 2 24.5042 9.4063
600177 0 2 2 -4.1383 -5.126
300078 0 2 2 -30.2306 23.3156
002399 0 2 2 -41.8127 12.274
002043 0 2 2 -20.4098 47.343
002163 0 2 2 -3.6517 7.8294
000407 0 2 2 -11.712 12.9526
600436 0 2 2 -12.3178 34.8398
002340 0 2 2 -32.3515 17.9301
002401 0 2 2 -25.5593 33.3516
002144 0 2 2 -15.9519 -14.9114
300041 0 2 2 -12.3415 -1.0143
002306 0 2 2 -29.209 15.1685
000712 0 2 2 -19.6837 2.286
002528 0 2 2 -31.7856 -10.5674
300034 0 2 2 -4.9035 30.8688
002575 1 0 1 -9.6791 -200.0
002572 1 0 1 -0.3618 -200.0
002573 1 0 1 -20.2568 -200.0
000918 1 0 1 -5.6416 -8.0
000537 1 0 1 -4.908 -24.5662
600078 1 0 1 34.3862 -10.4
002020 1 0 1 12.4416 19.8899
000158 1 0 1 -3.1915 -12.0053
002455 1 0 1 -29.6221 27.8409
600578 1 0 1 -9.6744 -4.0386
002338 1 0 1 10.9461 2.787
000428 1 0 1 -20.7419 -8.9942
002527 1 0 1 -19.0098 8.8943
002486 1 0 1 0.9327 -0.8649
000065 1 0 1 11.7396 -20.0917
000062 1 0 1 -2.3966 -8.4142
600536 1 0 1 -12.1562 7.532
300202 1 0 1 0.0769 -200.0
600106 1 0 1 0.3344 -7.9557
000815 1 0 1 9.9831 -11.5328
002088 1 0 1 -12.0027 -3.222
600539 1 0 1 60.4265 6.4516
002205 1 0 1 -12.9723 29.8297
000636 1 0 1 -11.2989 9.8853
002369 1 0 1 -16.5077 49.8013
600867 1 0 1 -20.6662 26.6551
002291 1 0 1 -19.6422 6.9004
600365 1 0 1 0.3454 -26.4432
002034 1 0 1 55.0283 12.2514
002584 1 0 1 -8.6545 -200.0
002589 1 0 1 5.401 -200.0
002424 1 0 1 9.8447 17.3453
000548 1 0 1 -14.8861 6.7164
600215 1 0 1 -0.7302 31.8323
600210 1 0 1 5.2632 4.3321
000690 1 0 1 -6.5536 -6.1121
300189 1 0 1 -29.013 -200.0
300182 1 0 1 4.6832 -200.0
300183 1 0 1 -1.8987 -200.0
300180 1 0 1 -22.5854 -200.0
300117 1 0 1 -5.8535 11.2707
002550 1 0 1 -26.4878 -200.0
002497 1 0 1 -7.947 5.8559
002397 1 0 1 8.9111 -4.4803
600744 1 0 1 -4.2827 -3.6585
600748 1 0 1 -8.4696 -5.7243
600983 1 0 1 0.0811 0.0884
601616 1 0 1 -11.8953 -200.0
002077 1 0 1 7.8831 17.3156
600824 1 0 1 -9.7993 -11.5237
000952 1 0 1 2.4107 0.4421
600780 1 0 1 22.9656 -5.8824
600838 1 0 1 3.7576 -12.7789
300225 1 0 1 0.5267 -200.0
000785 1 0 1 2.387 -12.1746
300154 1 0 1 -28.0474 2.3929
600708 1 0 1 -7.3815 -17.3098
002133 1 0 1 -7.6916 -4.2489
600684 1 0 1 26.1757 9.318
000016 1 0 1 -6.1966 -18.6325
600675 1 0 1 -0.3258 -3.6212
002183 1 0 1 -10.2123 -16.655
600776 1 0 1 41.3041 -0.1916
600053 1 0 1 24.4331 -11.8033
600543 1 0 1 -10.2128 -14.6724
002439 1 0 1 -19.5065 13.1348
600512 1 0 1 9.128 1.7621
000584 1 0 1 -1.0526 -6.1093
300198 1 0 1 -6.6599 -200.0
300195 1 0 1 9.6164 -200.0
300191 1 0 1 -28.3725 -200.0
002317 1 0 1 -22.996 1.2165
600839 1 0 1 13.4511 -9.0909
300126 1 0 1 -34.0549 5.2517
600305 1 0 1 -22.6215 6.7045
002541 1 0 1 5.1945 -200.0
600779 1 0 1 4.3242 -3.6876
002164 1 0 1 -2.6362 15.3753
000517 1 0 1 37.6997 -1.5291
002445 1 0 1 27.5342 15.0554
600052 1 0 1 -6.4521 -8.1132
600391 1 0 1 -2.7778 -0.3664
600397 1 0 1 -2.5324 8.2924
000723 1 0 1 3.0496 -13.8918
000720 1 0 1 -11.1349 -5.0201
000683 1 0 1 2.2857 -8.1653
002309 1 0 1 -11.017 -1.5464
600287 1 0 1 -4.4295 9.1518
300163 1 0 1 -28.1303 -200.0
002301 1 0 1 -12.3288 -12.1925
002222 1 0 1 -23.9219 62.6879
600390 1 0 1 -7.5711 22.73
002534 1 0 1 -33.4306 -200.0
300217 1 0 1 -4.388 -200.0
300213 1 0 1 -11.1952 -200.0
600022 1 0 1 34.3662 -13.6253
600505 1 0 1 28.6929 1.8398
601010 1 0 1 -1.7993 -200.0
300046 1 0 1 -24.887 36.31
000066 1 0 1 -24.0202 -5.2993
300036 1 0 1 -13.7954 -7.8684
300035 1 0 1 -14.4862 0.9598
600113 0 1 1 18.6664 21.004
002279 0 1 1 -32.8597 18.8366
002278 0 1 1 -12.6766 11.8163
002396 0 1 1 -32.1766 50.75
002243 0 1 1 0.9964 12.0879
601588 0 1 1 5.1724 -9.0909
002053 0 1 1 4.0226 0.4039
600784 0 1 1 52.4816 3.6279
600794 0 1 1 3.5207 14.2534
600379 0 1 1 -5.296 -5.8106
300087 0 1 1 -47.8299 61.7251
600985 0 1 1 -14.3321 19.4462
600382 0 1 1 7.525 10.5626
600420 0 1 1 -26.6315 10.8092
000910 0 1 1 -15.2047 -1.2615
000990 0 1 1 -26.267 10.3231
000996 0 1 1 -26.9903 2.4658
000997 0 1 1 -21.8522 53.1056
300172 0 1 1 -30.9364 -200.0
300178 0 1 1 -37.7529 -200.0
300059 0 1 1 -34.0648 14.3195
300072 0 1 1 -38.3598 12.4719
300073 0 1 1 -31.1971 -4.3164
600279 0 1 1 -22.9086 2.7994
300071 0 1 1 -22.1777 12.9416
002332 0 1 1 -32.5747 21.5722
600855 0 1 1 -13.0402 13.9949
002315 0 1 1 -35.3648 11.6674
300108 0 1 1 -7.0349 33.4572
002488 0 1 1 -20.9168 -3.8976
002522 0 1 1 -18.0397 11.0183
002247 0 1 1 -22.293 26.5
002245 0 1 1 -14.1417 48.221
600619 0 1 1 35.8645 -4.5055
600037 0 1 1 -16.6978 -7.7491
002418 0 1 1 -15.819 21.7488
002064 0 1 1 -12.0515 2.468
600533 0 1 1 7.5173 -13.1716
600321 0 1 1 -2.6775 2.5992
600973 0 1 1 -23.4867 15.2634
600979 0 1 1 37.8968 40.6045
002467 0 1 1 -19.1737 -3.5262
002465 0 1 1 -25.0842 1.3678
002204 0 1 1 30.9009 5.3259
600712 0 1 1 0.9698 -0.0315
601369 0 1 1 -28.8969 39.6714
002195 0 1 1 20.3493 8.7204
000916 0 1 1 -8.5714 -4.5045
002031 0 1 1 -9.0626 33.9268
000901 0 1 1 2.2727 4.4542
002192 0 1 1 -16.3349 -29.1291
002211 0 1 1 0.8182 22.1014
000591 0 1 1 -7.9288 -1.5091
000671 0 1 1 -0.3576 -4.8423
600372 0 1 1 33.7476 15.6046
002320 0 1 1 -31.168 -6.5109
002322 0 1 1 -38.6739 11.0841
600639 0 1 1 8.8136 0.5513
000090 0 1 1 -1.7021 9.9074
002494 0 1 1 -34.1997 10.5654
002412 0 1 1 -19.9953 24.7816
600186 0 1 1 13.8889 -7.7947
002393 0 1 1 -17.3004 17.3158
002256 0 1 1 39.434 84.9425
600746 0 1 1 20.442 -16.761
600740 0 1 1 100.0 14.0541
002438 0 1 1 -37.0307 8.321
000966 0 1 1 1.2567 -6.8293
002171 0 1 1 72.6597 51.8817
600480 0 1 1 -15.0062 25.3765
002400 0 1 1 -29.911 24.9095
600135 0 1 1 1.7555 26.3115
600871 0 1 1 -28.734 62.7521
600960 0 1 1 -10.3531 23.699
600829 0 1 1 -10.5259 3.3171
600553 0 1 1 delist
002159 0 1 1 -24.6243 -14.178
600008 0 1 1 -12.9093 10.8731
600577 0 1 1 2.2638 14.0217
300158 0 1 1 -21.1253 -200.0
002358 0 1 1 -11.9137 -9.0854
000700 0 1 1 -3.7921 14.9682
600877 0 1 1 -13.617 -2.1255
600873 0 1 1 15.5677 15.3077
600872 0 1 1 -5.8824 -11.1913
601158 0 1 1 5.1684 12.3641
601098 0 1 1 -18.3131 -13.1884
600122 0 1 1 -7.0908 2.5037
600120 0 1 1 1.6529 -2.3729
000045 0 1 1 -33.2066 13.8655
600774 0 1 1 -3.0369 8.5747
600197 0 1 1 -17.2142 -14.1911
002435 0 1 1 -19.3707 10.4636
600830 0 1 1 -9.8006 -10.5691
300190 0 1 1 -29.5991 -200.0
600297 0 1 1 -13.1041 0.3714
002311 0 1 1 6.3471 8.7049
000885 0 1 1 39.273 -2.8357
000767 0 1 1 42.9306 -5.2381
000889 0 1 1 -10.7558 19.5506
300123 0 1 1 -16.8965 21.7765
600992 0 1 1 0.8535 12.1896
000571 0 1 1 19.8068 -1.8576
600629 0 1 1 -0.2406 -22.1953
600883 0 1 1 -8.1545 18.7556
002405 0 1 1 -28.5253 43.5803
002427 0 1 1 -19.558 21.1538
000019 0 1 1 -2.4833 5.5281
002362 0 1 1 -40.6588 5.5732
600438 0 1 1 -13.8427 -6.7073
300091 0 1 1 -21.3364 39.5601
000795 0 1 1 -0.425 59.9294
000728 0 1 1 -2.3241 2.6801
000897 0 1 1 -6.9 6.7623
601018 0 1 1 3.5599 -12.1127
600540 0 1 1 -14.1005 1.9165
002228 0 1 1 -23.8775 -1.272
002342 0 1 1 11.3897 7.783
002225 0 1 1 66.3339 -5.163
002220 0 1 1 -7.3651 1.4374
000751 0 1 1 -11.4512 -8.8206
600845 0 1 1 -12.7696 -1.7472
002084 0 1 1 -16.2177 11.032
600592 0 1 1 -3.5684 11.4878
600590 0 1 1 -10.303 -13.8506
000711 0 1 1 15.0905 26.9058
002014 0 1 1 -12.2623 13.9702
002409 0 1 1 -19.8376 52.4476
000717 0 1 1 2.681 -8.7379
600238 0 1 1 -3.8192 8.8542
000430 0 1 1 7.1708 16.2722
002489 0 1 1 -17.2401 -5.4849
600435 0 1 1 -20.3585 4.5335
600433 0 1 1 14.5616 -15.088
002298 0 1 1 -19.4923 13.7546
300033 0 1 1 -32.8445 12.3418
300139 0 1 1 -22.0256 -11.0785
300133 0 1 1 -32.2293 7.6067
300131 0 1 1 -17.0417 28.4843
