600585 162 184 346 -42.3148 3.3386
600036 192 148 340 -8.1269 -6.2039
601318 143 194 337 -25.3912 -2.6688
000858 183 142 325 -7.5275 12.8599
601166 150 154 304 -6.2874 -15.1204
600048 151 127 278 -5.5713 10.4186
600000 157 119 276 -13.0123 -5.8967
601601 133 133 266 -10.2336 2.9772
600519 150 115 265 1.9008 18.4835
600016 156 108 264 2.972 3.9547
000063 123 116 239 -26.0328 -5.7
000002 124 109 233 -9.7826 1.1635
600030 119 106 225 -24.6118 -2.9791
601699 99 125 224 -34.8121 8.5063
601088 125 94 219 -13.6673 9.1219
600104 114 94 208 -23.5684 2.0114
000568 108 100 208 -15.1865 1.1659
600383 116 90 206 -20.8 -2.3922
600362 85 116 201 -34.9755 -8.3655
000937 94 104 198 -32.3163 15.0649
000651 108 90 198 -25.2809 5.1349
600031 97 99 196 -29.7479 -2.5848
600050 102 94 196 1.4682 -7.978
600015 109 75 184 4.368 -12.3762
000401 85 98 183 -34.1887 -13.6429
600887 104 78 182 23.2951 0.0868
000527 93 81 174 delist
000157 88 79 167 -33.2894 0.1294
000423 95 69 164 5.8914 -3.0169
000630 67 93 160 -26.913 -11.6931
600518 81 76 157 -14.5468 -7.1787
000983 64 90 154 -37.3435 -6.6717
000629 77 69 146 -42.6484 -19.4456
002024 66 80 146 -33.122 0.6029
600068 63 78 141 -34.635 2.089
002106 59 81 140 -43.7206 -6.9689
600123 60 80 140 -4.7759 13.0076
600309 69 70 139 -29.2375 -0.4456
601766 62 74 136 -38.7553 -2.0376
000024 76 52 128 1.983 6.8905
601006 71 56 127 -6.8664 -1.2576
000001 72 54 126 -6.2538 5.2861
000895 65 60 125 6.9911 -11.2394
000039 49 74 123 -38.8095 -7.7315
000877 60 61 121 -40.0961 -13.0943
600376 62 58 120 -25.8314 -1.0399
600395 53 66 119 -35.4451 -3.9955
600029 52 65 117 -38.7597 -2.3632
600348 60 57 117 -35.7617 -5.6322
600188 59 56 115 -34.5895 5.7905
600875 54 58 112 -9.0157 -5.1945
600970 48 57 105 -39.8674 -25.0015
601299 47 58 105 delist
600837 60 45 105 -15.7955 -8.523
601288 57 48 105 -5.7554 1.2907
600809 51 54 105 -9.2164 15.5824
600406 54 48 102 -13.6213 8.1731
601668 53 47 100 -25.1928 10.7814
002073 53 46 99 -25.1255 -15.0391
600271 54 43 97 -21.9953 3.6283
601117 46 51 97 -35.8814 16.9737
601009 55 39 94 4.5045 -16.7015
600276 42 51 93 -0.6077 -1.9805
000581 45 48 93 -5.7829 -3.3156
002155 44 49 93 -36.9066 -16.472
002304 47 46 93 3.5737 22.5381
002001 51 41 92 -30.6036 -1.5612
000069 53 37 90 -6.7885 -0.4146
000933 49 41 90 -37.2709 -8.6551
600547 41 49 90 -36.686 -13.1808
600690 39 50 89 -35.8306 -1.8459
000680 39 50 89 -47.7372 -22.3314
000538 52 35 87 -6.6958 2.3297
600028 48 39 87 -10.5499 -2.5496
600111 37 50 87 -46.9327 21.7449
600739 43 43 86 -32.4274 -9.285
600537 42 41 83 -42.505 -30.0649
000792 37 45 82 -45.7216 13.5675
601169 40 42 82 -6.1678 -15.1986
600425 39 41 80 -42.615 -13.1338
600805 41 38 79 -15.6486 -9.6779
601888 45 33 78 13.7467 -8.8388
000998 37 39 76 0.9229 -3.4672
601111 25 51 76 -33.0179 -11.857
600089 35 41 76 -39.7647 -16.4852
600125 36 39 75 -8.2097 -14.9278
002123 34 41 75 -27.7434 -8.7577
000012 28 46 74 -44.7224 -16.868
600581 39 34 73 -50.1024 1.9124
600801 31 42 73 -49.783 2.2574
002146 36 36 72 -8.5239 -1.5835
601989 28 44 72 -38.6186 2.6436
600079 39 33 72 -11.3208 3.8031
600019 39 33 72 -18.2125 -10.8701
002038 38 33 71 -12.0953 13.259
600694 36 35 71 -12.6738 -5.9793
000338 37 33 70 -28.5462 -14.8552
601628 36 32 68 -3.9216 -9.3218
000425 21 47 68 -41.5296 -8.7035
000528 35 32 67 -46.3448 -12.9388
600415 27 40 67 -35.0456 -19.7348
601101 31 36 67 -38.3165 37.6025
002008 28 39 67 -45.6053 -11.852
601808 29 38 67 -17.7639 -18.596
600267 36 31 67 -13.173 6.9919
600418 31 35 66 -45.9165 -13.2387
000422 25 41 66 -13.8184 -3.3475
600600 32 34 66 -0.4319 8.5888
600143 32 32 64 -19.1875 -7.5086
600354 28 35 63 -10.0172 -13.4635
000960 29 34 63 -36.142 -10.9808
600859 40 22 62 -18.4987 -2.0634
600256 25 37 62 -12.4628 3.5233
600150 29 32 61 -43.0384 -5.6238
000876 33 28 61 -16.0401 9.9174
600497 32 28 60 -39.294 -19.237
002236 35 24 59 14.6026 29.1185
600588 38 21 59 -12.0664 4.6196
601899 29 30 59 -17.9455 -4.0736
600549 31 28 59 -27.7223 -18.6168
600176 24 33 57 -56.5159 -5.9415
000869 33 24 57 11.1569 15.3712
600498 28 29 57 7.5348 -23.3236
000776 31 25 56 -45.0406 2.1609
600312 24 32 56 -16.8327 -18.6441
600009 38 18 56 -3.6387 -6.3422
000729 25 31 56 -20.413 -8.8167
600458 24 31 55 -42.1522 -21.821
002142 28 26 54 -13.9098 -16.4004
600066 30 24 54 3.5902 -5.5222
600720 29 24 53 -49.3091 -19.1091
600742 27 26 53 -30.9843 -11.6017
002041 26 27 53 40.0881 -22.4226
600096 22 30 52 -23.3224 -14.4983
600535 26 26 52 3.6836 15.1267
000009 20 32 52 -37.0767 -5.1127
000789 20 32 52 -38.2716 2.9301
600216 31 20 51 -36.6359 -11.2238
000596 27 24 51 10.9419 6.5935
000540 24 27 51 -45.3096 0.7831
601607 17 32 49 -33.4409 -13.913
601857 24 25 49 -8.1296 -7.4445
600795 30 18 48 -5.4237 -0.3266
600997 28 20 48 -29.2249 -14.9293
600153 27 20 47 -24.2712 4.8578
600741 23 24 47 -15.7416 -9.5279
002006 21 26 47 -16.8219 -5.4848
002081 21 26 47 -7.1316 -4.0767
002007 25 21 46 -25.8743 -14.8454
000800 21 25 46 -36.1652 -15.5821
600496 18 28 46 -33.6059 -8.6108
600208 26 19 45 -32.1184 13.6924
600582 27 18 45 -15.0032 -7.7629
601398 23 22 45 -4.9327 2.2098
600141 20 25 45 -17.1595 -6.8745
002129 17 28 45 -47.3418 -5.1508
002375 26 18 44 -25.1712 -15.7549
002029 27 17 44 11.0063 4.9589
601106 22 22 44 -34.0249 -11.3283
002422 25 18 43 -26.4407 -8.4742
600060 24 18 42 -9.7264 2.9202
600426 21 21 42 -32.2341 9.2949
000887 17 25 42 -11.251 -17.874
600266 23 19 42 -14.7544 1.0681
600489 19 23 42 -34.6154 -2.4474
000417 24 17 41 -21.7175 8.1925
601678 19 22 41 -35.567 -13.395
000400 23 18 41 -35.2936 -11.8786
000961 20 21 41 -19.8095 -13.5203
600900 24 17 41 -11.5438 -6.696
000623 22 18 40 -33.1475 10.8837
601717 21 19 40 -28.162 -7.5578
002230 17 23 40 -10.2564 -9.3743
000060 16 24 40 -36.6923 -15.9786
002241 23 17 40 -1.4374 13.5152
002415 25 15 40 11.3413 -3.1827
600252 16 23 39 -42.5946 21.1371
600750 19 20 39 19.637 -11.0045
000826 21 18 39 2.6895 -12.3603
600261 18 21 39 -7.9102 -10.3341
601168 16 23 39 -34.5213 -17.7568
000926 18 20 38 -38.8073 -7.5862
000550 19 19 38 -20.9539 -21.5942
601377 20 18 38 -44.6099 2.1923
600729 24 13 37 -23.9524 7.9094
000402 24 13 37 -14.681 11.5556
600316 20 16 36 -47.2269 -2.5106
600416 17 19 36 -41.7936 -15.8769
000758 15 21 36 -41.0834 -2.3776
600660 17 18 35 -20.5154 -13.1535
600664 8 27 35 -36.333 -18.8175
000778 18 17 35 -38.4393 -0.1332
600880 20 15 35 -8.7564 -15.2885
601998 18 17 35 -9.3807 -16.2257
601898 19 16 35 -7.2091 -4.125
000848 16 19 35 -9.4231 -14.9664
600881 18 17 35 -41.2751 6.8288
002344 18 17 35 4.8656 2.1807
000061 16 19 35 -29.475 -2.0738
600038 17 17 34 -33.7776 -1.9688
000968 16 18 34 -42.8629 2.2907
000823 18 16 34 -44.5531 -3.7918
600160 11 23 34 -35.9834 28.5543
600583 13 20 33 -13.7931 -25.3521
000635 15 18 33 -32.82 10.6903
601818 16 17 33 -13.5135 -10.603
000650 14 19 33 -15.3629 13.5306
600502 13 20 33 -10.2273 31.2088
000807 16 17 33 -39.2158 -16.9595
601186 13 19 32 -36.7183 -12.8093
002140 17 15 32 -15.1292 10.2564
600240 13 19 32 -27.9227 48.6301
000969 14 18 32 -14.5952 -1.6692
600516 12 20 32 -31.5625 -11.9303
000759 16 16 32 -30.7402 3.2691
002086 18 14 32 -8.2569 -1.7544
600166 10 22 32 -32.0468 -23.9369
600118 19 13 32 -8.0252 -4.2637
600337 15 17 32 -25.5393 12.3863
600239 19 13 32 -48.0645 -1.1893
600893 13 18 31 -19.6809 4.157
600157 15 16 31 -10.549 -2.3404
300070 19 12 31 3.7 -9.7256
002244 19 12 31 -40.9167 0.8623
000709 16 15 31 -36.1607 12.782
601328 13 18 31 -10.0823 -2.812
601566 21 10 31 1.9524 11.8139
600318 17 14 31 -41.9566 -2.7685
600636 12 19 31 -41.9483 47.789
600546 18 13 31 -18.7605 9.0904
600388 13 17 30 -12.8865 -6.7129
600298 15 15 30 -11.4956 -1.4042
002091 13 17 30 -30.9744 -9.8283
002564 20 10 30 -41.5816 -3.5542
300115 19 11 30 41.6118 -7.8479
600702 15 15 30 -18.0192 6.8683
600199 15 15 30 -10.5642 -3.5314
600456 16 14 30 -33.3089 -10.1946
002167 12 18 30 -27.4742 23.053
600467 15 15 30 -21.4953 -2.3217
600231 16 14 30 -39.4708 -11.9394
000718 14 16 30 -18.9232 -11.4754
600815 14 15 29 -44.2781 -8.5893
300027 19 10 29 10.4822 1.6144
600352 14 15 29 -39.0841 -13.5788
600331 17 12 29 -37.1126 -19.0731
002202 6 22 28 -45.8921 -26.0138
601666 11 17 28 -23.2946 -7.5421
601688 15 13 28 -35.1037 -10.5111
601939 11 17 28 -8.2828 3.3299
600765 15 13 28 -39.322 -25.6354
600339 14 14 28 -46.7328 4.769
600823 16 11 27 -26.5636 -6.9401
600221 11 16 27 -36.4539 -12.2664
002273 15 11 26 -9.1139 -7.2727
000028 15 11 26 -17.0552 -4.7704
000566 14 12 26 -4.0662 -12.7379
002293 16 10 26 -1.3158 28.9746
600366 12 14 26 -3.1352 -12.4335
000501 13 13 26 -9.2262 -4.0398
601333 20 6 26 -13.0864 18.4037
600511 14 12 26 -20.2262 -26.9458
002154 13 13 26 -12.2963 5.5473
000970 14 12 26 -1.5756 -25.0327
002065 16 9 25 13.7941 -2.738
000799 15 10 25 29.1758 -8.8235
600449 15 10 25 -42.8986 -11.6952
002475 15 10 25 -1.1331 29.6451
600557 15 10 25 7.3723 -7.8241
300124 17 8 25 -21.4379 6.458
600303 10 15 25 -17.0616 -12.5145
600085 12 13 25 -0.1506 3.297
000932 15 10 25 -32.8467 -4.918
600594 17 8 25 -7.5482 -2.4855
600761 12 13 25 -29.8898 -7.4469
600570 13 11 24 -13.5593 -8.015
000612 12 12 24 -36.9124 -14.9647
000597 15 9 24 -46.9225 -20.6915
002410 14 10 24 -2.7958 1.1306
600963 9 15 24 -44.484 -15.7447
002011 11 13 24 -35.7195 -1.7696
601992 13 11 24 -45.9511 -2.6201
600770 10 14 24 -15.625 -12.6866
600428 10 14 24 -42.48 -9.4578
601118 11 13 24 -43.0182 -1.2146
600637 15 9 24 22.557 -5.7576
002161 10 14 24 -15.2195 -1.6086
600703 9 15 24 -32.0274 -15.6662
000811 13 10 23 -3.99 -4.9795
000783 12 11 23 -30.6652 -14.0575
600284 13 10 23 -43.5056 -19.7835
600499 9 14 23 -42.75 -20.1719
600115 10 13 23 -27.2031 -17.44
600195 16 7 23 -23.5787 -1.8603
002430 13 10 23 3.9907 1.57
002299 11 12 23 -7.2545 -7.0736
600251 8 14 22 -43.2178 32.8352
601179 9 13 22 -38.1271 -15.9565
002063 12 10 22 -8.6699 5.448
600100 9 13 22 -15.3032 -17.3248
002099 16 6 22 -14.6898 -4.19
600320 13 9 22 -29.1101 -12.069
002583 14 8 22 10.7492 5.641
601669 20 2 22 -22.3909 -200.0
600888 12 10 22 -39.4915 -2.805
601208 11 11 22 -11.5934 0.0
600521 19 3 22 -22.2065 8.5387
002152 16 6 22 -24.7085 -3.2236
000860 9 13 22 -18.3781 -4.6484
600835 11 11 22 -31.9313 -10.7577
000939 10 12 22 -15.2 35.6268
600482 10 12 22 -46.5993 -0.4473
000999 10 11 21 -2.6449 -13.8698
600858 12 9 21 -3.1111 -2.1432
600812 9 12 21 -43.1579 -12.9545
600971 9 12 21 -24.0341 7.4874
002179 15 6 21 -23.7209 -3.9869
600559 12 9 21 -25.2119 -6.5246
600067 11 10 21 -32.7072 -0.5722
002249 13 7 20 -28.6396 -26.2602
002055 10 10 20 0.5076 -2.2034
000698 10 10 20 -39.3443 -7.1
601958 7 13 20 -39.8202 -26.0594
000513 6 14 20 -25.5187 -24.7994
600315 16 4 20 -7.5651 0.0021
002450 10 10 20 8.7081 11.2747
600778 12 8 20 -19.4005 2.9573
002310 10 10 20 -3.5039 -10.2765
600062 10 10 20 -36.1835 0.1994
600169 6 14 20 -43.5516 -17.0617
600595 11 9 20 -41.6162 -15.2242
300216 14 6 20 8.2732 -1.4793
600802 10 10 20 -33.948 28.9195
002277 12 7 19 -27.907 -2.4075
600723 10 9 19 -21.0994 -2.3511
601866 8 11 19 -32.687 -18.7919
000562 10 9 19 delist
000963 13 6 19 11.1482 -6.654
002122 11 8 19 -48.9362 -14.5165
300020 16 3 19 -4.5491 -14.2708
600138 16 3 19 20.2547 -12.9074
600673 7 12 19 -51.1628 -14.7249
600631 8 11 19 delist
600697 16 3 19 -1.4087 2.6093
000656 10 9 19 -13.8686 16.5182
000893 9 10 19 -33.5219 -18.4982
002056 8 10 18 -41.2963 -25.3019
300101 10 8 18 7.1671 -27.7049
600612 11 7 18 2.4766 23.6299
000639 12 6 18 -6.6451 -2.5157
600967 8 10 18 -2.3837 12.8511
002601 10 8 18 -4.9669 -200.0
002353 14 4 18 11.2878 3.5394
002436 10 8 18 -35.8197 -7.1206
002269 10 8 18 -9.8577 5.8666
002261 7 11 18 8.5118 -17.5412
002535 12 6 18 -31.386 1.75
000878 6 12 18 -24.7664 -13.505
600804 10 8 18 -25.8929 -2.9484
000530 10 7 17 -25.3752 -21.7514
600580 5 12 17 -38.6391 -13.6996
000708 9 8 17 -35.8416 -7.9688
600785 12 5 17 -13.4572 5.0819
000988 6 11 17 -29.8418 -8.8064
002254 9 8 17 -34.9686 -20.8556
600522 4 13 17 -32.4313 -9.737
300058 12 5 17 44.9761 8.4322
601933 10 7 17 26.6275 -13.5671
002013 7 10 17 -28.3173 -6.2578
002482 12 4 16 -19.8844 -11.2818
600403 11 5 16 -20.7505 -2.2155
600816 9 7 16 -31.4824 45.0
600373 6 10 16 15.9605 -23.6745
002033 6 10 16 -1.0204 -17.3043
000598 5 11 16 -4.0642 -7.3846
300068 10 6 16 -13.6219 -21.6369
600827 12 4 16 -32.6023 2.6332
002177 9 7 16 -8.9404 -7.6116
600525 5 11 16 -13.1387 -24.7497
600485 8 8 16 -29.2522 -18.5024
600132 10 6 16 -50.3144 -15.6135
600550 9 7 16 -36.3319 -16.9159
600685 8 8 16 -36.2665 -3.6649
600058 6 10 16 -35.3878 -3.5996
000888 12 4 16 2.2012 -7.7396
002223 9 7 16 -14.5944 3.2922
300105 10 6 16 8.7113 -12.8977
601919 8 8 16 -43.0657 -16.576
000099 7 8 15 -31.0116 -13.4365
002118 4 11 15 -54.1039 24.3994
600475 5 10 15 -30.3485 -20.5416
002060 6 9 15 -37.0732 2.7738
600693 6 9 15 -19.2037 -9.1919
601369 8 7 15 5.0412 -19.503
601788 7 8 15 -25.4386 -6.4158
600027 10 5 15 -1.5106 -7.7562
002176 7 8 15 -28.8651 9.0337
600528 8 7 15 -43.1373 -13.7622
000551 7 8 15 -37.3427 -10.3175
000780 9 6 15 -32.2368 6.557
600268 6 9 15 -41.9025 0.3345
000059 5 10 15 -42.2931 15.6169
002400 9 6 15 24.4608 -23.4478
300257 12 2 14 -22.4806 -200.0
600010 7 7 14 -48.1108 10.4485
601002 7 7 14 -47.1034 -16.9482
600290 7 7 14 -49.1301 -1.3127
002050 5 9 14 -24.6596 -3.9439
300080 7 7 14 -43.5492 -17.9266
000987 8 6 14 -23.5583 -9.7353
002250 10 4 14 -10.4081 -8.5082
002474 10 4 14 1.0886 1.536
002408 6 8 14 -40.965 3.956
002214 6 8 14 -15.4207 -11.5938
600686 9 5 14 -17.5701 -16.8316
600172 7 7 14 -32.9131 11.669
000762 4 10 14 -36.692 -6.3467
002385 9 5 14 -0.0922 -7.1718
601390 8 6 14 -36.1054 -11.4094
600995 8 6 14 -35.9551 -16.4376
600644 7 7 14 -41.1056 -17.198
000837 4 10 14 -44.0933 -3.4863
000755 5 9 14 -36.0401 -10.9873
000898 8 6 14 -32.4926 -12.0547
300134 8 6 14 -34.2441 -12.479
300253 10 3 13 0.0233 -200.0
000911 6 7 13 -34.9944 -9.8705
300102 7 6 13 -54.7595 -9.0107
600479 6 7 13 -12.4481 -17.5284
000880 7 6 13 -47.2756 -10.5189
002069 6 7 13 3.585 1.7457
300203 10 3 13 11.7571 -26.6325
600869 3 10 13 -37.5 -15.3239
600863 5 8 13 -2.6964 -10.5799
000927 9 4 13 -11.4493 -10.4121
600523 7 6 13 -48.2447 -19.8041
000825 8 5 13 -27.0059 -8.634
600707 4 9 13 -48.0972 -23.8184
600688 9 4 13 -31.8479 -1.2528
600773 6 7 13 -53.0021 5.5382
600295 8 5 13 -36.3783 -9.1973
002266 7 6 13 -10.5124 -0.4996
002042 5 8 13 -37.3913 -6.2534
002049 7 6 13 -6.5491 -22.8019
002089 8 5 13 -30.0377 -9.9011
002158 6 7 13 -48.0537 -4.4222
600117 7 6 13 -36.5497 2.3092
601886 5 7 12 -47.0209 -200.0
600655 7 5 12 -21.9782 -8.8555
300170 9 3 12 12.5533 -8.9957
002485 9 3 12 0.6464 -3.5164
600587 7 5 12 -1.9247 24.0884
002068 6 6 12 -39.6394 26.1905
300204 6 6 12 70.1323 -22.8394
002092 5 7 12 -41.6667 -8.073
600101 7 5 12 -45.6707 -1.35
601988 6 6 12 -7.3016 -1.3965
300159 6 6 12 -8.8903 -20.25
600327 5 7 12 -21.7768 -18.0357
600146 7 5 12 -57.1817 -33.1885
002035 6 6 12 -32.5041 -3.2865
601311 6 6 12 5.3326 5.0712
600072 5 7 12 -40.7592 16.8113
000861 7 5 12 -21.1525 -1.18
002079 5 7 12 -41.573 21.1003
002078 6 6 12 -21.4871 -11.5512
600468 6 6 12 -37.8151 -25.228
002215 4 8 12 -46.3189 -5.0748
600439 5 7 12 -38.4259 -4.7226
000602 8 4 12 delist
300228 7 5 12 21.0589 15.9854
002139 7 5 12 -47.8833 -11.7357
002503 6 6 12 -5.52 -11.2798
002431 7 5 12 -7.3563 -27.7888
600517 7 5 12 25.4049 -20.5874
600223 6 6 12 -42.2744 -3.3058
300022 6 6 12 5.8244 -27.9153
600292 6 6 12 -17.4719 -7.573
000559 1 11 12 -27.9898 -17.3303
000951 5 7 12 -32.7322 -24.3885
600121 8 4 12 1.2621 -9.4799
600436 5 7 12 18.738 5.7131
600063 6 6 12 -29.5941 0.4223
300006 5 7 12 -19.1241 33.6977
300048 7 5 12 -16.1698 -17.8015
000973 5 7 12 -47.0948 -15.822
601216 6 5 11 -24.8832 -9.0569
300171 9 2 11 -5.2723 -2.0069
002233 4 7 11 -25.0399 40.6124
600589 6 5 11 -35.638 -7.8565
300142 6 5 11 -14.3054 -23.5721
002563 7 4 11 -20.2941 -14.8387
600866 5 6 11 -45.4012 -22.2306
300245 7 4 11 -2.4217 -200.0
601718 8 3 11 -23.5288 -3.617
002037 3 8 11 -19.0275 1.3196
600563 6 5 11 -27.3923 -14.2477
000590 5 6 11 -24.0164 -9.1815
000850 6 5 11 -28.8512 -5.0663
300029 5 6 11 -41.7295 -26.2106
600469 6 5 11 -34.4929 3.8894
600529 7 4 11 -4.5666 -18.8363
600139 5 6 11 -42.4895 -8.5509
601336 10 1 11 5.4085 -200.0
000415 4 7 11 -35.9792 4.5286
300157 7 4 11 -18.3121 14.4668
600056 5 6 11 -16.7421 24.9562
002009 6 5 11 -51.7487 -8.3724
600236 6 5 11 -29.8148 -6.5404
600422 6 5 11 32.0 -11.7069
600884 5 6 11 -31.435 -14.4127
600495 5 6 11 -33.2132 -9.2818
000426 3 8 11 -41.5758 -13.7125
000686 6 5 11 -38.3698 -7.3457
600011 7 4 11 2.2945 -1.3797
002121 2 9 11 -41.623 -16.0537
600332 3 8 11 -15.5707 -17.7176
000972 7 4 11 -46.7442 -32.2433
002051 6 4 10 2.7553 10.6462
300087 5 5 10 8.0217 -31.4946
600724 6 4 10 -27.8161 18.4073
300077 5 5 10 6.3692 -40.442
600392 5 5 10 -58.0339 0.0814
000661 7 3 10 -25.6427 -2.2965
002480 3 7 10 -57.5051 -6.5524
600831 6 4 10 -4.2186 -5.8563
600754 8 2 10 2.2581 -11.8976
002414 6 4 10 2.2612 -19.6291
300039 7 3 10 -14.8011 -1.9248
002096 6 4 10 -3.2 -12.1887
600108 3 7 10 -18.3333 -8.806
600718 5 5 10 -27.5156 -13.9202
600325 7 3 10 -33.1793 -5.6309
600787 6 4 10 -17.1134 3.3677
600069 3 7 10 -36.2105 -11.3106
300183 4 6 10 57.3174 1.6393
600375 5 5 10 -49.0243 -14.4593
000962 3 7 10 -37.3254 -9.4135
000671 4 6 10 -22.7773 -8.4153
300015 5 5 10 27.3365 -7.6378
601799 7 3 10 -34.397 -17.3283
002132 5 5 10 -43.8148 -13.2617
002138 3 7 10 -31.9527 -16.8333
300054 6 4 10 -13.3033 -7.3078
600307 4 6 10 -30.7551 -7.5503
300005 8 2 10 15.3113 16.5912
600844 2 8 10 -30.7826 15.8344
600487 3 7 10 -39.1892 -12.7794
300035 6 4 10 -32.3297 -17.2112
000418 4 5 9 -46.2021 -17.0731
002117 2 7 9 5.3502 -20.6479
000026 5 4 9 -14.4909 30.8707
002458 5 4 9 7.8995 -10.61
002234 4 5 9 8.87 26.1227
000666 3 6 9 -30.3315 7.966
002528 5 4 9 -30.6332 -17.6745
000420 3 6 9 -45.3055 -20.0231
300146 5 4 9 41.9461 2.257
300144 5 4 9 29.8102 -2.9623
600598 6 3 9 -36.8638 -1.5615
002298 5 4 9 9.3083 -19.2333
002151 4 5 9 -6.8042 1.0154
000915 5 4 9 -32.8783 10.7788
002638 6 3 9 9.772 -200.0
002325 7 2 9 2.2199 -14.5339
002327 7 2 9 16.9409 20.0865
000777 4 5 9 -27.1557 -15.0352
300083 4 5 9 -14.7566 -26.5418
002490 5 4 9 -40.5683 -23.1936
600187 6 3 9 -23.3666 -16.1006
002253 5 4 9 -35.7534 0.5426
601618 6 3 9 -30.9994 -1.5038
300088 7 2 9 -32.2435 -10.4035
002477 6 3 9 -27.29 21.7797
000786 4 5 9 -28.3934 -3.3412
600088 5 4 9 16.864 -14.9098
002185 4 5 9 -33.5807 -18.3246
600054 5 4 9 -9.2853 -12.8812
600226 4 5 9 -18.8108 -13.1171
601001 4 5 9 -26.2531 -11.935
600999 5 4 9 -25.2675 -0.1076
600991 2 7 9 delist
300090 4 5 9 -12.5 -23.0551
000727 4 5 9 -52.0339 15.6425
002308 6 3 9 -3.9815 -0.9751
600460 5 4 9 -46.9461 -14.8866
002080 1 8 9 -23.2977 -26.0559
002153 5 4 9 -27.182 0.671
600806 4 5 9 -48.3478 -6.515
600258 2 6 8 -28.3105 -20.4099
002376 4 4 8 8.7659 -0.5477
600895 4 4 8 -27.3599 -14.2478
600784 4 4 8 -35.0789 31.7928
300251 7 1 8 -17.9459 -200.0
000503 4 4 8 -32.34 -17.5566
000625 4 4 8 -25.1997 -1.8104
002021 4 4 8 -34.0841 -1.7192
002028 4 4 8 -9.1575 -37.3544
002457 5 3 8 -34.8148 -11.1027
600572 1 7 8 -49.8937 40.1493
300074 6 2 8 -19.3525 -15.6616
000669 4 4 8 -32.4561 -10.089
000046 4 4 8 0.0618 1.8286
600378 4 4 8 -26.5613 -22.4939
002094 2 6 8 -44.8529 4.2098
002093 3 5 8 -3.4586 -17.3101
000816 2 6 8 -9.1613 10.8967
002469 3 5 8 8.9219 -28.0645
002206 5 3 8 -31.4108 -7.6154
601901 4 4 8 -25.5357 -200.0
002251 4 4 8 -10.7391 -4.094
002108 5 3 8 -20.3297 -19.9003
600326 4 4 8 -42.2516 -19.0129
002296 4 4 8 -41.5 -16.365
600280 4 4 8 0.12 20.0
002321 4 4 8 -23.3407 -22.6204
600828 4 4 8 -30.3231 -6.4069
600737 3 5 8 -40.7882 -8.3186
300111 4 4 8 -35.7324 -17.0889
002392 3 5 8 -26.8313 25.0753
600386 3 5 8 -17.3423 -8.195
600432 4 4 8 -43.6054 -22.6754
000822 4 4 8 -46.6667 14.9727
600380 2 6 8 -35.1974 -24.1351
300274 5 3 8 -21.0829 -200.0
600196 2 6 8 -17.0823 -7.2526
300229 4 4 8 73.5732 -2.2552
600170 4 4 8 -43.1046 -8.4884
000768 5 3 8 -33.5165 -6.6667
600270 4 4 8 -27.8186 -15.7007
002264 3 5 8 2.1595 -5.5487
600886 5 3 8 -17.619 -3.629
300223 4 4 8 -19.8762 -1.1162
002168 2 6 8 -46.0335 -20.8535
601877 6 2 8 -24.0139 -13.2517
002573 4 4 8 34.7535 -20.4992
600642 5 3 8 -8.5657 -2.7187
000725 4 4 8 -34.981 1.9436
002226 5 3 8 -24.1296 -5.1686
300002 1 7 8 -36.3541 -21.2353
002128 3 5 8 -36.342 -1.268
600597 5 3 8 13.5787 -19.1289
002405 6 2 8 -34.8686 -5.8373
600527 5 3 8 -27.9167 -10.7507
000978 3 5 8 -27.012 -10.6559
600409 4 4 8 -36.3303 16.095
601918 4 4 8 -7.25 -10.3801
000715 3 5 8 -30.4047 -16.8464
000410 4 4 8 -36.8807 -11.28
600248 2 5 7 -33.2039 -16.0728
002115 4 3 7 -18.6667 -8.9726
002283 3 4 7 -24.0426 -10.035
002025 5 2 7 6.3584 -6.8032
002022 4 3 7 -21.5161 -14.4376
600387 3 4 7 -28.6719 8.8762
002282 3 4 7 -37.6987 -1.5696
300018 3 4 7 -35.2025 -6.1377
002334 3 4 7 -51.1992 -4.2659
002232 2 5 7 -26.9091 -13.2328
600005 3 4 7 -30.0242 -5.7413
300104 4 3 7 31.1604 -17.9122
002526 3 4 7 -39.5295 -4.83
002484 4 3 7 -28.4139 -11.3389
002417 6 1 7 -1.1847 -21.4364
600531 2 5 7 -34.444 -24.2207
600107 3 4 7 -54.5393 25.2657
600323 3 4 7 -25.0084 -16.1818
600322 4 3 7 -38.9734 -11.5308
000561 4 3 7 -26.6512 -0.3448
600710 4 3 7 -41.4953 -5.7745
600782 4 3 7 -31.021 8.5374
000522 3 4 7 delist
002582 5 2 7 2.9907 6.3786
300187 5 2 7 -9.5429 13.9162
600289 1 6 7 -22.588 -26.499
002320 3 4 7 -3.8657 -21.4205
002551 5 2 7 -25.3873 -27.9892
002172 3 4 7 -48.0882 -21.6063
600481 4 3 7 -48.6072 -0.5084
600486 4 3 7 -32.093 -20.1415
600586 3 4 7 -41.5233 8.0519
601991 5 2 7 -5.5581 -8.0592
600879 5 2 7 -31.7539 -10.7196
600704 4 3 7 -30.3899 7.4249
002082 4 3 7 -35.185 0.722
002501 3 4 7 -22.2749 -12.0318
600177 4 3 7 -1.0549 -10.5242
000707 3 4 7 -26.7565 31.5402
300050 5 2 7 -41.7853 -29.8258
002311 4 3 7 13.2316 19.4187
002541 4 3 7 -25.1248 -1.1125
002384 3 4 7 -42.7463 -23.8981
600198 4 3 7 -39.4813 -15.4214
600990 3 4 7 -45.4229 -16.452
002612 5 2 7 -39.448 -200.0
300004 6 1 7 3.895 4.5986
600183 3 4 7 -20.0443 -16.7257
600021 4 3 7 -17.8819 35.1323
002017 2 5 7 -23.2868 -21.7086
002012 4 3 7 -8.1991 -7.3411
002303 2 5 7 -41.2698 -6.2689
002271 2 4 6 -26.6627 -5.733
600086 3 3 6 -33.3162 -18.4178
002110 3 3 6 -30.1572 -2.9825
002281 4 2 6 1.3793 -16.6412
600095 3 3 6 -46.8619 -9.1985
002285 4 2 6 -36.009 2.9493
002023 5 1 6 -39.6806 5.4614
002456 2 4 6 -30.4168 -9.0365
300174 4 2 6 -1.7234 -16.5224
300079 4 2 6 21.1973 -27.6987
300072 4 2 6 14.5089 -25.8096
002238 2 4 6 -2.6003 -6.8906
600555 3 3 6 -23.7805 -11.032
000610 3 3 6 -35.9407 -22.0863
600037 3 3 6 -19.6177 -17.2644
002061 3 3 6 -43.8705 -13.268
300207 4 2 6 3.4483 -22.8162
000543 4 2 6 -37.9642 3.0
600102 3 3 6 delist
600976 2 4 6 -20.0952 -3.0461
002157 4 2 6 -9.3839 23.2541
600811 3 3 6 -20.2035 -10.2015
600674 3 3 6 -21.3174 -10.5787
002518 3 3 6 -26.4117 -18.8211
002297 2 4 6 -28.2109 -7.0289
600668 3 3 6 -31.3211 10.0346
002424 3 3 6 -18.868 9.4776
600288 2 4 6 -41.7572 -11.1304
300082 4 2 6 -44.8399 -12.6528
002557 5 1 6 12.572 -17.4897
002397 4 2 6 -1.8805 24.3794
002479 1 5 6 -7.0431 -24.9141
600007 4 2 6 1.3333 -10.8709
002603 5 1 6 -14.0779 -200.0
002131 4 2 6 -31.3889 -6.9524
002506 3 3 6 -30.0677 -17.7516
600193 1 5 6 -18.4615 -0.838
002004 3 3 6 -23.8522 7.6115
300025 3 3 6 -19.4678 -25.5113
300198 3 3 6 -7.895 -6.3556
300059 4 2 6 -16.2811 -16.8698
002268 3 3 6 -3.5308 -8.9938
002045 3 3 6 -23.7197 -30.3649
000930 3 3 6 -19.8939 -14.7719
600461 6 0 6 -21.5592 -6.7784
600713 1 5 6 -41.2161 2.5463
000830 3 3 6 -12.3711 9.4637
002340 5 1 6 -6.25 -18.7168
002170 2 4 6 -32.9825 -7.2852
600018 3 3 6 -31.3984 -4.6455
002126 3 3 6 -25.8415 -18.9862
600161 3 3 6 -3.8278 -16.4956
601268 4 2 6 delist
600763 5 1 6 25.8507 -8.1501
600184 3 3 6 -22.0436 -15.0847
600257 3 3 6 -24.5763 -4.8808
300217 4 2 6 1.7391 -4.6189
600098 1 5 6 1.7673 -5.3908
600116 2 4 6 -25.2169 -6.0751
600503 1 5 6 -42.3421 38.8113
300041 4 2 6 -41.9226 -0.2663
300168 3 3 6 21.6958 -21.4838
600808 2 4 6 -26.6484 -7.4866
002290 2 4 6 -35.3469 -13.138
300133 2 4 6 49.6036 -16.6088
002571 4 1 5 -25.9806 -12.4128
002572 4 1 5 9.7641 -0.3747
002052 4 1 5 -28.6765 -20.8481
000027 4 1 5 -18.1208 -7.2931
000536 2 3 5 -42.2414 -6.4091
002595 3 2 5 -3.1868 5.565
601003 4 1 5 -31.2418 -5.7554
601727 3 2 5 -24.9646 -11.2965
000100 3 2 5 -38.0471 35.0978
002465 2 3 5 -19.1623 -12.9847
002292 1 4 5 33.5991 0.2374
002195 2 3 5 -3.5088 24.0428
002039 3 2 5 -33.3837 -2.4348
002589 3 2 5 1.9216 4.4599
000089 3 2 5 -24.8188 -5.2008
300182 2 3 5 8.1645 -3.8031
002322 3 2 5 -19.3548 -23.3254
002326 3 2 5 -40.0992 -7.8058
000679 2 3 5 -23.9103 -17.2864
002554 3 2 5 -36.5711 -8.1174
600628 2 3 5 -24.517 -13.2697
002074 3 2 5 -14.9903 -7.6935
600961 3 2 5 -44.2156 -25.2655
002470 3 2 5 -23.7218 -5.502
002010 1 4 5 -36.0941 -4.2459
002182 3 2 5 -18.7647 -23.5163
600779 4 1 5 -6.0241 -3.4264
600825 1 4 5 -14.3507 -18.0072
600340 2 3 5 62.614 78.1478
002439 3 2 5 7.5874 -19.2479
300024 2 3 5 -22.5087 -12.0029
300197 1 4 5 19.2877 -11.8073
000541 2 3 5 -27.3472 -3.6645
000936 1 4 5 -39.7531 -9.8131
002549 3 2 5 -7.1631 6.9304
601600 2 3 5 -40.3244 -4.0457
002368 3 2 5 -8.6802 -20.8074
002048 3 2 5 -39.1892 -9.9211
300222 4 1 5 3.2895 1.216
000516 4 1 5 -5.0096 -10.2564
002449 1 4 5 -35.4904 -25.518
600717 2 3 5 -25.4926 -2.4706
002309 3 2 5 -21.9394 2.059
600262 4 1 5 -32.5948 9.2698
600246 2 3 5 -34.9593 -13.5702
600843 1 4 5 -41.2458 -20.0397
000713 2 3 5 -9.6881 -11.9161
300241 3 2 5 -22.8117 -200.0
002432 2 3 5 -25.587 -7.8049
002127 2 3 5 -45.343 -21.1268
600803 3 2 5 -17.0638 -2.0634
600760 2 3 5 -35.8594 -16.6667
000507 1 4 5 -32.1976 -14.2626
002156 3 2 5 -44.0518 -17.8034
300219 3 2 5 1.2346 -10.3768
600509 2 3 5 -25.048 -12.6613
600360 3 2 5 -33.5526 -17.8452
002032 1 4 5 -26.2042 0.563
000430 3 2 5 19.5244 -15.8163
300044 3 2 5 -22.2782 -21.9722
002104 1 4 5 -25.8635 -23.9362
000655 1 4 5 -19.6354 -11.7809
002302 3 2 5 -34.6469 -8.9091
000659 3 2 5 -42.8933 2.8972
000050 1 4 5 -41.9776 -14.9842
601126 3 2 5 -12.246 -18.3997
002336 0 5 5 -19.3411 -9.6301
002574 3 1 4 -12.9142 -23.0855
002294 3 1 4 -27.6716 -13.5499
600725 3 1 4 -44.3593 -11.3816
600780 2 2 4 -5.988 17.2881
300169 2 2 4 -33.7667 29.2253
300256 3 1 4 -30.0719 -200.0
300199 1 3 4 9.4383 24.6075
600790 1 3 4 -27.9188 -19.4831
000537 2 2 4 -30.5195 -20.3874
000925 1 3 4 -41.3613 -20.6212
300190 2 2 4 -0.3293 -23.3383
300086 1 3 4 -14.5254 -31.6102
002454 3 1 4 -36.8356 -23.5913
600576 1 3 4 -45.6202 -34.6903
600551 2 2 4 0.2564 -7.5633
002242 2 2 4 -32.9508 -14.7256
600614 1 3 4 -30.8795 1.7926
600616 1 3 4 -14.5852 -7.3801
002144 1 3 4 -2.1106 -12.4866
600536 2 2 4 -21.8911 -2.8697
300209 2 2 4 -16.8641 -14.4511
600106 3 1 4 -22.2346 -2.3991
002466 2 2 4 -13.2883 5.1186
300003 2 2 4 -29.0975 -23.6659
002097 2 2 4 -36.7906 -14.0644
002369 4 0 4 -6.9913 3.2898
300267 3 1 4 -27.5115 -200.0
000919 2 2 4 -11.8237 -8.5743
600367 3 1 4 -29.9943 -25.6494
002034 2 2 4 -20.0 69.7572
000901 1 3 4 -23.9564 0.6173
002584 2 2 4 -22.0311 -6.1528
000903 1 3 4 -41.4493 -14.0972
600219 2 2 4 -31.6415 -7.8698
600218 2 2 4 -11.231 -23.4083
000592 2 2 4 -34.2071 0.0
000982 1 3 4 -11.1565 14.8525
600978 2 2 4 -33.4532 -7.0489
002635 2 2 4 5.2281 -200.0
600282 2 2 4 -25.9834 1.7722
002324 2 2 4 -33.6364 -15.3608
300064 1 3 4 -13.5347 1.8939
002252 2 2 4 1.0553 -20.9269
600626 2 2 4 -30.7241 -11.0158
600749 3 1 4 -25.1632 -13.1677
600983 2 2 4 -39.0201 -12.5165
000006 2 2 4 -28.0702 -2.6783
000419 2 2 4 -25.8856 -13.5972
600478 2 2 4 -23.2237 -19.8931
601100 4 0 4 -29.7309 -200.0
000761 1 3 4 -27.6845 -12.1172
300010 3 1 4 -28.5821 -8.0774
300150 2 2 4 -42.3378 -13.544
002217 2 2 4 -28.4296 3.7778
002216 2 2 4 -7.9291 3.9808
601098 3 1 4 -3.8298 -13.7586
600684 2 2 4 -29.6645 18.1667
000021 2 2 4 -37.439 -21.566
600173 3 1 4 -29.5539 -13.4331
002181 3 1 4 2.7256 -10.5857
002003 3 1 4 -25.4677 -17.3906
002437 1 3 4 -27.2492 -24.0735
000797 3 1 4 -33.8488 -6.08
000589 3 1 4 -26.5554 -4.6095
600797 2 2 4 -29.526 3.9829
002313 2 2 4 -7.1101 -10.1726
600839 4 0 4 -35.3474 0.3606
002212 1 3 4 -32.1111 -13.1561
600736 3 1 4 -29.8722 -6.2254
002163 1 3 4 -41.1239 -14.8461
000935 2 2 4 -38.5488 8.2827
600993 4 0 4 -8.5185 -3.152
002444 2 2 4 -39.0564 -14.7129
300096 3 1 4 -13.0376 -16.403
002085 2 2 4 -43.3856 -10.7443
000721 2 2 4 -27.5362 -15.1338
600545 2 2 4 -41.5669 -15.3536
002345 2 2 4 0.4655 -3.4165
002341 3 1 4 -16.9576 9.1638
002349 3 1 4 -5.8696 -12.1723
000750 2 2 4 153.9863 0.0
000049 2 2 4 -13.797 -1.7067
002019 2 2 4 -61.2395 0.2096
002014 3 1 4 -7.6923 -1.0204
300212 2 2 4 11.903 -3.6462
600507 2 2 4 -34.2954 -11.5328
600232 2 2 4 -23.3542 -4.3057
000875 2 2 4 -33.6323 0.4454
002306 2 2 4 -21.7935 -13.5219
300136 2 2 4 -1.0899 -25.0778
002062 1 3 4 -43.3028 -27.4688
300036 3 1 4 13.6207 0.6517
300139 2 2 4 13.0256 -6.5689
600410 0 4 4 -29.5833 -3.0878
600259 1 2 3 -47.2833 -2.3356
600894 2 1 3 -29.2831 12.5
600491 1 2 3 -12.5786 -1.9015
002054 2 1 3 -16.2332 -15.7665
300259 2 1 3 -44.0909 -200.0
002407 1 2 3 -40.8754 -12.9818
600651 1 2 3 -32.3469 -16.9606
600075 1 2 3 -25.2568 -7.9787
002020 2 1 3 -11.7647 -3.2795
600260 2 1 3 -18.3308 -7.7975
000917 1 2 3 4.3071 0.0
600055 2 1 3 -20.9283 -8.8934
600263 2 1 3 delist
300108 1 2 3 -35.1025 7.8723
002527 2 1 3 -33.8353 -20.0016
002522 1 2 3 -21.078 -6.8504
002481 3 0 3 -25.7092 -10.1837
600039 3 0 3 -34.365 0.1058
002413 2 1 3 -36.9687 -12.7974
002066 2 1 3 -24.0885 -7.9816
002148 1 2 3 6.4403 -26.3019
000563 2 1 3 -8.5586 -3.9912
002467 1 2 3 -8.206 -11.7479
600571 1 2 3 -30.3056 3.6894
002111 1 2 3 -20.4562 -21.8962
300026 2 1 3 -6.367 5.4397
300021 1 2 3 14.0039 3.0666
300143 2 1 3 -41.0502 -18.0556
002205 1 2 3 -45.6154 -15.3634
002036 1 2 3 -23.5948 5.7932
002581 2 1 3 -17.0519 -6.2617
600798 2 1 3 -32.7434 -9.4866
002398 2 1 3 -16.7857 6.0706
300186 1 2 3 -0.6702 -24.5725
600343 1 2 3 -44.9169 -11.2788
600488 1 2 3 -30.9252 -13.108
300084 2 1 3 -44.9358 -17.2157
002550 2 1 3 -12.1254 -22.4124
002493 1 2 3 -43.0902 -7.7442
002497 2 1 3 -27.6293 -7.1512
600889 1 2 3 -47.2482 -5.8498
002396 1 2 3 -7.611 -24.1847
600120 1 2 3 -15.9198 -3.7288
000921 1 2 3 -41.896 -18.8045
002328 1 2 3 -35.5429 -9.2144
600151 1 2 3 -35.2518 -19.6604
600783 1 2 3 -26.9558 33.2253
002511 2 1 3 -9.9924 -21.3453
600310 2 1 3 -28.5242 -4.1946
000829 2 1 3 -33.2597 -23.9541
600871 2 1 3 -22.2103 -8.5605
000779 2 1 3 -22.4729 -16.839
000554 2 1 3 -38.9725 3.9595
600006 1 2 3 -27.8161 -11.0564
300012 2 1 3 2.2504 -6.9119
300152 2 1 3 -26.7845 -16.9323
300154 2 1 3 -20.6023 -20.9002
002136 2 1 3 -2.3175 25.5814
000608 2 1 3 -28.8104 -25.7412
601798 3 0 3 0.6737 7.9084
600677 1 2 3 -36.6782 -9.589
600776 2 1 3 -24.2511 -3.6543
600197 1 2 3 -26.1964 -10.3107
600059 2 1 3 1.7442 -12.3355
600061 2 1 3 -45.4894 -11.7258
600051 2 1 3 -36.3307 -0.5842
300055 2 1 3 -58.1699 -15.9018
300195 1 2 3 -9.8209 11.2329
601113 2 1 3 -30.2194 6.5574
300122 2 1 3 -1.9906 -22.1969
002546 2 1 3 -1.8529 2.4384
002218 2 1 3 -26.5035 -15.344
002262 2 1 3 9.4057 -12.7559
002165 2 1 3 -24.6622 -5.5764
002164 1 2 3 -28.3315 -18.6847
600064 3 0 3 -33.4562 -12.2812
002448 2 1 3 -37.0656 -6.0871
600862 1 2 3 -32.7843 1.3678
000795 1 2 3 -25.0463 -24.6364
000683 2 1 3 -33.6794 -2.2801
002613 2 1 3 -46.8733 -200.0
601010 3 0 3 -10.0175 -0.8724
300007 2 1 3 -20.0119 -12.1018
002221 1 2 3 -10.7764 -17.4653
000616 2 1 3 -26.4368 6.3369
002401 1 2 3 -6.8208 -15.0012
600596 1 2 3 -37.4398 -19.313
300260 2 1 3 -34.4355 -200.0
600168 3 0 3 -16.2393 -3.4102
600163 1 2 3 18.3158 -11.1111
600022 2 1 3 -27.0613 33.4262
600833 1 2 3 -20.9631 -2.9257
002015 1 2 3 -12.5635 -17.8924
002159 2 1 3 12.0427 -21.8413
300210 2 1 3 33.4301 -21.0741
600508 1 2 3 -21.4016 -8.5854
600505 1 2 3 -25.1689 1.7945
600335 1 2 3 -7.1995 4.8225
600233 3 0 3 -43.257 -3.5877
300046 3 0 3 -21.1434 -13.1808
300049 2 1 3 -30.985 -20.7617
600283 1 2 3 -34.227 -1.7341
002307 2 1 3 -26.4671 -20.9201
300135 1 2 3 -22.6049 -29.5599
300130 2 1 3 0.7557 -7.7736
600420 0 3 3 -26.1458 -16.4015
600850 0 3 3 16.4027 -20.5337
002428 0 3 3 -30.17 -26.2016
300065 0 3 3 -32.6648 -11.7223
600740 0 3 3 -43.2535 43.0335
001696 0 3 3 -14.8459 -20.3756
600178 0 3 3 -36.4669 -16.4304
300078 0 3 3 -14.2713 -39.4345
300034 0 3 3 -31.0404 4.8991
002575 1 1 2 -28.7042 -10.4037
000627 1 1 2 -35.0797 -13.3072
000159 1 1 2 -40.4692 -11.1299
601555 1 1 2 -10.6122 -200.0
600328 1 1 2 -28.2326 -14.1337
600657 1 1 2 -40.4153 -3.2401
601258 1 1 2 -47.0375 -13.5338
600966 1 1 2 -28.1037 -4.1751
300196 1 1 2 -20.6111 -15.1869
000534 1 1 2 -47.1259 32.2275
002228 1 1 2 -22.4299 -17.3338
002594 2 0 2 -10.4126 10.0196
002455 1 1 2 -44.1975 -16.3395
600389 1 1 2 -37.7609 -15.9937
000910 1 1 2 -30.0811 -17.2178
600578 1 1 2 -9.13 -7.5973
600350 1 1 2 -21.6545 -10.4722
600202 1 1 2 -30.6306 -20.5527
600390 1 1 2 -34.2428 -27.0692
300215 1 1 2 -15.8655 -3.3333
000995 1 1 2 -34.4451 6.1661
300179 2 0 2 -22.0313 -18.4645
601000 2 0 2 -17.8191 2.2011
600663 1 1 2 -19.6454 -18.4634
000428 1 1 2 -27.1605 -22.4628
600552 2 0 2 -12.0624 -1.806
002500 1 1 2 -28.1111 -7.4813
600584 2 0 2 -34.4527 -19.3268
300008 1 1 2 -31.4317 -12.5477
002421 1 1 2 -14.3722 -14.7076
600035 1 1 2 -27.4048 -12.9326
002258 1 1 2 -34.0282 -11.6197
000810 1 1 2 0.0 -7.1618
000813 1 1 2 -45.4608 -5.6665
002460 1 1 2 -26.5133 5.1884
002088 2 0 2 -31.3167 -16.9524
600814 1 1 2 -19.3989 -13.0233
600351 1 1 2 -20.5542 -13.0286
002529 1 1 2 -29.184 -14.6026
002562 1 1 2 -4.5828 -12.9749
002565 1 1 2 1.3115 -13.5338
000632 1 1 2 -39.1051 -5.4545
601890 1 1 2 -41.5042 -2.7332
600712 1 1 2 -23.5165 -5.8824
002098 1 1 2 -36.437 -7.0878
600090 1 1 2 -40.0986 -10.5155
300246 1 1 2 -35.2223 -200.0
300127 1 1 2 33.4807 -15.0839
600363 2 0 2 -48.0366 -8.9494
600365 1 1 2 -49.4459 -9.7372
002031 1 1 2 -22.4837 -12.045
002211 1 1 2 -41.4634 -0.4808
600210 1 1 2 -30.0448 -4.3087
000022 1 1 2 -30.2696 -14.3208
002632 1 1 2 -24.1307 -200.0
000594 1 1 2 delist
600070 1 1 2 -24.1379 -17.2222
600435 1 1 2 -38.3117 -7.7835
600826 1 1 2 -7.4074 -18.3087
601199 1 1 2 -8.4469 -18.3206
002259 1 1 2 -25.551 -9.1635
002255 1 1 2 -1.2334 -5.0617
601158 1 1 2 -26.7966 -5.6069
600620 1 1 2 -41.7883 -11.8591
600621 1 1 2 -37.0803 -13.6023
600748 1 1 2 -28.5914 -11.6849
601616 1 1 2 -26.3227 -13.6881
600311 1 1 2 -40.1961 -17.0552
600026 1 1 2 -29.1866 -10.5506
300230 1 1 2 -2.9936 11.6084
600137 1 1 2 -27.7332 0.306
600969 1 1 2 -18.2661 -0.221
600238 1 1 2 -26.6341 -5.7786
600008 1 1 2 -7.6377 -14.9083
000738 1 1 2 -26.5035 -6.5188
002607 1 1 2 -12.0572 -200.0
600962 1 1 2 -39.6074 7.1911
002600 1 1 2 -33.9348 -200.0
600189 1 1 2 -27.2015 -14.7881
601028 1 1 2 -36.3293 -200.0
600872 1 1 2 -37.7612 -19.697
000785 1 1 2 -47.013 1.1384
300156 1 1 2 -4.1667 -14.4567
002210 1 1 2 -33.5267 -14.3671
002219 1 1 2 -26.2761 31.8352
000600 1 1 2 -14.7287 -8.9719
000609 1 1 2 -38.6766 8.7133
002419 2 0 2 -17.9833 0.4032
002222 1 1 2 -26.9663 -19.708
600870 1 1 2 -29.3381 -34.8571
600873 1 1 2 -36.0 -8.4982
300011 1 1 2 -29.8513 -20.1486
600683 1 1 2 -43.494 -0.8092
000839 1 1 2 -33.6389 -7.7055
600306 1 1 2 -30.6786 13.2569
002614 1 1 2 -41.6157 -200.0
600122 1 1 2 -32.2528 -17.4762
600675 1 1 2 -44.8225 -7.7603
000043 2 0 2 -22.6994 -15.0001
000518 1 1 2 -49.4778 -13.6465
002005 1 1 2 -1.8797 -9.9054
002433 1 1 2 -7.5587 -13.6216
600109 1 1 2 -31.0153 -5.5046
600512 1 1 2 -40.9639 3.6059
600510 1 1 2 -45.1782 -11.979
600220 1 1 2 -43.0 -1.6423
601008 1 1 2 -56.1866 29.5143
300056 1 1 2 -28.1341 -1.6444
300053 1 1 2 -20.6796 -8.8053
002643 1 1 2 -8.8845 -200.0
002641 1 1 2 -25.2954 -200.0
300193 1 1 2 -24.0113 -24.4062
000905 1 1 2 -24.8927 -8.5206
300178 1 1 2 -20.5794 -18.5859
002070 1 1 2 -13.3768 -13.0519
000883 1 1 2 -38.3046 -5.5359
300275 1 1 2 -13.608 -200.0
300126 1 1 2 -22.1429 -17.0812
002208 1 1 2 -38.0 -19.909
002540 2 0 2 -30.0 -21.118
002209 1 1 2 -20.1944 -16.7279
002187 1 1 2 -25.5278 -12.0633
002547 1 1 2 7.5564 -19.5926
002186 1 1 2 -0.4802 -6.8008
002566 1 1 2 -7.592 -16.6712
000631 1 1 2 -40.8669 -16.4366
300224 1 1 2 34.6535 -4.9194
002169 1 1 2 -29.9892 -15.6249
000407 1 1 2 -28.3302 -17.487
300180 1 1 2 -23.037 -25.5107
000517 1 1 2 -40.3037 6.7818
002441 1 1 2 -14.8853 -24.462
002445 1 1 2 -10.4724 20.8382
002446 1 1 2 -35.476 -15.0987
002447 1 1 2 7.0871 -9.2393
300093 1 1 2 -43.1604 -19.712
000723 2 0 2 9.2893 -4.8461
000726 2 0 2 -27.3234 10.4935
601599 1 1 2 -32.4008 -8.9934
002301 1 1 2 -20.8838 -10.6599
002610 1 1 2 -44.4966 -200.0
002220 2 0 2 -7.0502 -5.6114
300161 1 1 2 -52.1083 -5.2412
000617 1 1 2 -47.7169 -21.3049
600459 1 1 2 -29.9871 -24.2871
002539 1 1 2 -28.9821 0.2303
300264 1 1 2 -27.5308 -200.0
600606 1 1 2 -27.1429 -9.1027
600408 1 1 2 -43.4844 15.047
600830 1 1 2 -32.8467 -19.6993
600768 2 0 2 -37.1835 16.5911
002291 2 0 2 -11.3556 -8.9641
002109 1 1 2 -17.4737 -5.5284
600237 1 1 2 -33.5476 -1.118
000578 1 1 2 delist
300045 1 1 2 10.7676 -9.2046
002597 1 1 2 -19.8582 -200.0
002147 1 1 2 -44.0053 -6.8113
600433 1 1 2 -8.9267 4.9426
300282 1 1 2 2.3225 -200.0
000065 1 1 2 -40.8163 -2.0423
300137 1 1 2 14.6435 -25.3312
000413 0 2 2 -16.5385 -6.0498
002247 0 2 2 -34.9078 -11.4457
000558 0 2 2 -58.1749 26.9748
600078 0 2 2 -31.5217 1.8875
002386 0 2 2 -32.9856 -16.4251
300206 0 2 2 -32.5256 -16.5928
002367 0 2 2 -17.2847 -9.4703
002100 0 2 2 -17.806 -15.7639
002102 0 2 2 -29.5271 85.839
000989 0 2 2 -11.3456 -11.7341
600071 0 2 2 -34.2644 -13.254
600738 0 2 2 -34.0782 -6.802
002494 0 2 2 -29.306 -16.6702
002399 0 2 2 -35.6771 -37.4167
600400 0 2 2 -43.75 3.3268
300155 0 2 2 10.9229 -36.2827
002315 0 2 2 -11.4823 -19.2795
002043 0 2 2 -29.9685 -14.082
000712 0 2 2 -24.8701 -20.1052
600185 0 2 2 -37.4248 4.5455
600346 0 2 2 -37.1596 5.9597
000716 0 2 2 0.0 -14.0934
300033 0 2 2 -30.1009 -22.1668
000062 1 0 1 -28.5714 -13.0493
000626 1 0 1 -31.3088 22.9039
002378 1 0 1 -20.7955 -27.8306
601633 1 0 1 1.0127 -200.0
002116 1 0 1 -9.9457 -9.9585
600152 1 0 1 -41.2238 57.749
300258 1 0 1 -45.0053 -200.0
002286 1 0 1 -22.2049 -17.2414
600791 1 0 1 -16.9811 -1.7628
000520 1 0 1 -32.716 -9.7426
300191 1 0 1 -19.1229 -21.3494
000923 1 0 1 -43.3161 -15.17
600987 1 0 1 -23.3926 -12.2286
600981 1 0 1 -40.0 0.018
002371 1 0 1 -6.4643 -17.7281
300099 1 0 1 -16.7107 -18.0107
601007 1 0 1 -25.9993 -10.8341
600277 1 0 1 -36.9004 -2.9931
002338 1 0 1 -14.1332 13.7497
000667 1 0 1 -26.5993 -12.6437
002486 1 0 1 -42.9553 -4.6509
002240 1 0 1 -41.4141 -4.4212
600033 1 0 1 -23.9358 -4.4818
300205 1 0 1 -23.5679 -17.1166
000815 1 0 1 -22.4329 -22.3529
300109 1 0 1 -5.2925 -30.5668
300202 1 0 1 15.7692 -0.6538
300189 1 0 1 1.4894 -20.6454
300140 1 0 1 -10.6041 -22.66
600099 1 0 1 -47.1047 -4.9467
000637 1 0 1 -42.1951 -8.3081
000636 1 0 1 -37.9612 -11.9999
600592 1 0 1 -32.8361 -15.0705
600865 1 0 1 -24.4318 -14.1487
300244 1 0 1 5.7926 -200.0
000031 1 0 1 -32.7259 -11.6564
000037 1 0 1 -28.6853 -8.2734
002197 1 0 1 -29.3997 21.3061
600665 1 0 1 -29.703 -2.0833
600667 1 0 1 -33.3386 -11.1111
000918 1 0 1 -45.5056 -14.3489
000525 1 0 1 2.2861 -1.1364
000788 1 0 1 -28.8187 -8.8889
002587 1 0 1 0.4292 10.3609
000548 1 0 1 -35.3535 -12.1635
600561 1 0 1 -23.5504 -9.3257
300181 1 0 1 14.0262 -16.0772
300188 1 0 1 -2.5563 -24.7751
002631 1 0 1 -34.9544 -200.0
002630 1 0 1 -29.0598 -200.0
300062 1 0 1 -25.645 -11.6308
600639 1 0 1 -28.2011 -5.1961
002358 1 0 1 6.1482 2.9979
300113 1 0 1 6.0997 -17.1408
300118 1 0 1 -38.7442 -32.4017
002556 1 0 1 -11.3924 -11.957
600744 1 0 1 -18.2232 -14.5594
300017 1 0 1 2.8081 -19.6708
600960 1 0 1 -36.1152 -18.5927
000952 1 0 1 -37.1087 3.3476
002604 1 0 1 -20.1027 -200.0
000603 1 0 1 -48.4032 3.6909
000606 1 0 1 -32.948 1.0753
002355 1 0 1 -21.8968 -18.7536
300271 1 0 1 -19.268 -200.0
002184 1 0 1 -41.7482 -9.708
600053 1 0 1 -26.799 -7.1591
000582 1 0 1 -33.8865 -11.4307
000584 1 0 1 -37.5604 -11.0994
000906 1 0 1 -32.2198 -11.8756
002317 1 0 1 -1.6036 -13.5926
000886 1 0 1 -34.9372 -15.9137
000429 1 0 1 -18.8451 -13.7577
601801 1 0 1 -24.5675 0.1957
002260 1 0 1 -46.7819 -15.873
600885 1 0 1 3.8462 -14.0995
600882 1 0 1 -50.289 40.3162
002040 1 0 1 -36.1887 -2.7091
600129 1 0 1 -27.1226 -6.833
600648 1 0 1 -31.2915 2.5042
002440 1 0 1 -24.6626 -10.1989
600398 1 0 1 -30.6542 -16.4027
601928 1 0 1 -29.511 -200.0
600391 1 0 1 -30.5711 -1.9516
600287 1 0 1 -34.375 -15.2534
300164 1 0 1 -10.7687 -21.7963
300167 1 0 1 -24.295 -24.1709
000833 1 0 1 -20.076 -13.5836
002343 1 0 1 -3.1065 -11.6032
600543 1 0 1 -12.6938 -13.4831
600841 1 0 1 -21.742 -10.2458
600300 1 0 1 -24.6575 -9.2916
000720 1 0 1 -42.3729 -10.9208
002534 1 0 1 -16.4055 -20.8985
002622 1 0 1 -38.3614 -200.0
300213 1 0 1 -8.9041 -9.8336
000016 1 0 1 -27.3635 -10.2041
000572 1 0 1 -36.811 -19.0551
002651 1 0 1 -200.0 -200.0
300031 1 0 1 -12.716 -11.5049
002559 1 0 1 -13.4126 -18.2337
300037 1 0 1 -13.7832 0.0761
300132 1 0 1 -9.6774 -20.8689
300131 1 0 1 -25.7215 -10.5998
002279 0 1 1 -6.0309 -17.4925
002278 0 1 1 -24.3536 -15.0119
000151 0 1 1 -16.5858 -15.1228
002372 0 1 1 -10.5808 -14.1231
000090 0 1 1 -39.4335 3.9146
600845 0 1 1 -16.8101 -10.5432
002245 0 1 1 -37.4536 -0.7448
002190 0 1 1 -34.4319 4.4151
002243 0 1 1 -41.0663 -9.9622
000821 0 1 1 -41.1517 -9.339
300255 0 1 1 -41.7069 -200.0
600794 0 1 1 -10.6449 -3.5937
600379 0 1 1 -20.1326 -15.0685
300081 0 1 1 10.3308 -25.0282
600985 0 1 1 -6.7729 -11.989
600382 0 1 1 -29.3478 -7.552
000913 0 1 1 -40.5184 -12.4146
000996 0 1 1 -29.1621 -20.7215
000997 0 1 1 -25.0693 -13.913
300172 0 1 1 17.0408 -26.7767
300177 0 1 1 -1.3889 -20.3019
600273 0 1 1 -1.768 -31.6995
002333 0 1 1 -33.1865 -13.5422
002330 0 1 1 -29.6886 -6.5542
002335 0 1 1 -15.9897 -30.2434
002235 0 1 1 -16.7972 -9.7674
600855 0 1 1 -31.0044 -10.8833
601177 0 1 1 -34.7738 1.9836
300103 0 1 1 7.7256 -24.424
002488 0 1 1 -34.5426 -22.0393
002411 0 1 1 -36.5253 -19.3039
000045 0 1 1 -10.9091 -18.0556
600321 0 1 1 -38.4501 -5.8728
600973 0 1 1 -27.678 -26.4256
300148 0 1 1 85.2559 -22.303
002463 0 1 1 -37.3219 -15.8342
600533 0 1 1 -35.1779 -5.9151
002468 0 1 1 -37.0552 -11.9992
000965 0 1 1 -23.2086 -8.8909
600329 0 1 1 -20.6226 -8.327
600819 0 1 1 -26.1849 -20.7842
002225 0 1 1 -27.1028 4.648
600372 0 1 1 -42.1203 0.8219
600573 0 1 1 -30.303 -16.6919
002204 0 1 1 -16.588 16.2825
000519 0 1 1 -52.4513 -0.8737
000521 0 1 1 -41.227 -20.7972
000916 0 1 1 -14.8161 -11.4155
002586 0 1 1 -11.4422 21.7593
000591 0 1 1 -29.9621 -10.52
002229 0 1 1 -4.13 -10.4192
300066 0 1 1 -27.0061 -24.1432
002464 0 1 1 -6.72 -13.5981
300112 0 1 1 -23.2201 -17.1497
300119 0 1 1 -8.266 -30.3414
002491 0 1 1 -27.764 -7.1306
002412 0 1 1 -10.0427 -18.1912
002256 0 1 1 -65.5841 0.0
002438 0 1 1 0.0 -20.886
002618 0 1 1 -32.3295 -200.0
002077 0 1 1 -45.4545 -10.6414
600480 0 1 1 -38.6466 -18.9542
600255 0 1 1 -39.8039 -18.678
002409 0 1 1 -33.7249 -11.5862
600553 0 1 1 delist
600577 0 1 1 -9.0551 -15.7595
300051 0 1 1 9.5193 -13.6116
000301 0 1 1 -28.2632 -17.4699
300158 0 1 1 -0.7859 -7.6098
601677 0 1 1 -35.0493 -200.0
000700 0 1 1 -18.6084 -19.6721
002351 0 1 1 -23.4198 -14.639
600269 0 1 1 -16.9289 -14.6691
600877 0 1 1 -48.1481 -10.0331
002418 0 1 1 -46.4286 -16.9457
002133 0 1 1 -16.7273 -14.374
002507 0 1 1 -24.1538 -12.6573
600113 0 1 1 -41.8043 12.2392
600774 0 1 1 -37.4858 -11.2326
000793 0 1 1 -1.2367 -0.0033
002435 0 1 1 -23.1829 -16.5794
002434 0 1 1 -40.6328 0.1286
300141 0 1 1 -11.9718 -17.374
300052 0 1 1 -12.8988 -15.4545
000900 0 1 1 -21.7662 -20.689
600297 0 1 1 -39.5299 -22.2591
000885 0 1 1 -29.5847 -3.3722
000881 0 1 1 -33.5188 5.2259
000767 0 1 1 -34.5324 11.2
000889 0 1 1 -41.639 -1.3771
300120 0 1 1 -29.1301 -20.7738
300125 0 1 1 -34.11 -18.7021
000571 0 1 1 -30.6452 16.4933
600746 0 1 1 -33.101 -3.0735
002053 0 1 1 -26.299 -10.1155
002381 0 1 1 -29.9772 -12.5883
002387 0 1 1 -12.4126 -3.9848
600629 0 1 1 -47.3718 -12.0739
300225 0 1 1 -32.7136 1.5049
600081 0 1 1 -34.0131 -23.0022
002362 0 1 1 -54.6343 -31.3202
600992 0 1 1 -25.2049 -9.9878
000979 0 1 1 -26.0516 -18.2819
600438 0 1 1 -34.9413 -18.5417
300151 0 1 1 -33.9634 -18.4162
002342 0 1 1 -44.2 -5.1956
000753 0 1 1 -15.5172 -12.8908
000619 0 1 1 -40.6852 -12.5326
000751 0 1 1 -47.2585 -29.2043
000897 0 1 1 -47.5556 -16.5044
600186 0 1 1 -35.9848 -3.9286
002084 0 1 1 -34.5972 -13.5412
300240 0 1 1 -49.5086 -200.0
600279 0 1 1 -31.6418 -17.41
002404 0 1 1 -15.6678 -20.4785
300218 0 1 1 1.7699 -8.9448
601588 0 1 1 -23.5372 1.3889
600112 0 1 1 -50.4868 13.2805
002188 0 1 1 -33.2442 5.482
002489 0 1 1 -36.147 -5.1934
002300 0 1 1 -10.4185 -17.2894
000711 0 1 1 -22.3475 -8.1245
600135 0 1 1 -40.2329 -3.6608
002192 0 1 1 -37.8571 -14.9157
