601318 302 280 582 -0.0609 25.041
600048 267 264 531 19.9295 22.3595
600519 251 266 517 -11.2266 21.4206
000858 207 266 473 -13.8278 1.1929
000002 240 215 455 15.2272 7.6087
600030 251 200 451 9.5668 8.9733
600837 242 200 442 8.3328 6.8812
601601 209 207 416 1.4427 16.8676
601166 220 191 411 28.5824 -0.0287
600383 192 178 370 8.3333 9.2621
600036 144 219 363 25.9158 -4.8125
600016 174 187 361 34.6041 0.3397
600104 183 169 352 26.3315 -3.6413
000651 177 158 335 25.2129 2.5578
000024 167 155 322 21.8508 20.6637
000568 146 155 301 -13.6963 8.2374
000157 164 135 299 -5.788 15.8199
600000 142 151 293 22.0172 -5.5627
600585 149 133 282 24.4939 -4.0457
600887 119 150 269 6.8027 -5.5972
601628 145 112 257 16.9399 13.4936
600518 127 129 256 -14.786 21.9151
000423 110 125 235 1.7976 -0.7688
000069 123 103 226 17.5549 19.2905
601336 108 118 226 -14.6064 19.2616
601699 110 109 219 5.5448 -13.5001
600015 96 117 213 9.2925 -9.5893
002024 99 113 212 -20.739 -12.5117
600376 102 102 204 0.5999 14.7618
002304 97 99 196 -30.6057 10.694
601088 89 98 187 12.7669 -8.9301
600031 97 85 182 -22.0357 13.4474
600809 98 84 182 10.5333 23.6578
600123 78 102 180 12.3477 -17.6833
000895 78 102 180 -6.4318 -9.4073
000401 86 89 175 -1.8492 -15.8588
000527 81 91 172 delist
600406 77 93 170 -14.2322 -10.9152
600547 91 78 169 16.1998 0.5731
600011 94 71 165 10.6977 27.4444
002241 82 78 160 3.8739 40.6166
601669 85 75 160 -11.7816 5.8111
601169 98 61 159 16.7212 -0.5092
600199 82 73 155 -23.0985 25.4728
000937 72 81 153 -9.4303 -9.5806
000538 69 83 152 14.7099 20.7761
600702 81 68 149 -20.1427 34.5583
000799 69 78 147 -37.4046 86.6762
600395 78 69 147 -2.2426 1.434
600028 82 62 144 11.6646 -9.7935
000001 58 84 142 6.4654 -3.501
600079 69 72 141 1.165 28.7618
002236 66 74 140 50.9772 28.2785
600111 73 67 140 -5.0938 18.7583
002146 73 65 138 28.3486 6.4806
000776 73 65 138 5.1538 9.7498
601117 77 59 136 44.2071 -1.3675
002415 74 61 135 14.375 28.6956
601006 62 72 134 2.1885 -5.6376
000063 59 74 133 -28.9074 -15.0335
002081 74 56 130 15.8421 46.3092
601788 73 57 130 7.0615 12.0935
600549 68 62 130 -10.8213 6.5518
600157 65 64 129 3.6344 11.4379
600535 66 63 129 26.4181 25.5454
600276 62 64 126 4.8415 20.7943
002375 67 57 124 7.2499 28.2109
601668 77 47 124 16.7665 12.1692
601009 48 74 122 7.9812 0.3014
600050 49 70 119 -5.0766 -12.0567
002385 69 48 117 11.3402 12.1829
600066 65 52 117 12.1995 -6.3781
601398 56 56 112 5.0633 -4.1418
600694 56 56 112 5.441 19.3578
000630 59 52 111 -2.0725 2.3358
600315 53 56 109 31.8603 22.2501
601288 56 53 109 8.1081 1.6478
300070 59 50 109 34.1137 34.4159
601888 51 57 108 -2.8349 10.9022
600741 60 47 107 24.6377 -7.3758
002038 50 56 106 23.6311 21.2349
000625 65 40 105 37.3743 11.4155
300115 54 50 104 12.521 4.2281
600060 57 47 104 -9.7858 -5.9843
601688 56 47 103 -6.6667 21.2284
600256 46 56 102 21.6778 2.9117
000998 44 57 101 14.8626 14.4586
000562 56 45 101 delist
000596 46 52 98 -27.4344 8.3716
000961 47 50 97 10.1124 17.1053
600690 48 49 97 14.3345 15.5485
002482 57 39 96 18.3381 24.5697
000826 48 46 94 11.878 26.4328
000783 52 42 94 4.5053 5.3241
600309 49 45 94 16.9288 6.5957
000338 51 42 93 3.2643 -1.5584
000581 41 51 92 17.7622 -12.0103
000869 36 55 91 -30.1219 -5.6704
600739 45 46 91 -3.9103 -2.3168
002106 49 40 89 -23.717 36.804
600489 44 43 87 16.1782 4.9756
600557 40 47 87 40.7307 26.8301
300027 40 46 86 -9.981 15.949
601766 50 34 84 13.4274 2.7027
002007 37 47 84 -13.9996 7.4301
000983 43 40 83 -10.8333 7.606
601918 48 33 81 -20.4695 4.359
600362 41 40 81 1.9364 0.0
600720 44 35 79 8.3792 13.4679
600637 40 39 79 21.145 -9.8417
600267 34 44 78 -14.8169 12.6093
600153 42 36 78 -0.3331 -2.1858
000528 38 40 78 -19.3392 11.4719
002353 38 40 78 -1.7732 22.9402
002230 43 34 77 53.8071 -17.3883
600546 42 34 76 -2.7247 -15.6886
000656 33 43 76 36.1516 -18.9902
002029 39 36 75 -32.0863 13.3581
601328 41 34 75 8.8106 -1.5466
600138 39 36 75 -10.5009 11.6077
600348 36 39 75 -3.7886 -11.2014
000728 43 32 75 2.1082 8.4551
000650 29 46 75 -34.965 5.7522
600559 37 37 74 29.6076 3.3309
601377 45 28 73 17.1756 10.4557
000049 40 33 73 -11.8513 36.3988
300058 32 41 73 37.8071 23.9987
601633 44 28 72 33.1461 34.8092
000999 40 31 71 9.6057 31.6265
600085 36 35 71 3.0088 25.3592
000718 37 34 71 -2.0988 23.4756
600795 39 31 70 -2.5926 8.7744
600859 34 35 69 -11.4198 -8.6782
600141 31 38 69 -12.8081 6.9884
002422 37 32 69 20.06 19.3517
000963 34 34 68 12.5828 21.2851
600875 23 44 67 -21.7292 -17.2286
601808 34 33 67 -0.6663 0.0999
002155 32 35 67 3.719 10.5814
600208 35 31 66 4.3584 10.1333
601299 40 26 66 delist
002073 27 39 66 -9.7852 -38.4648
002310 40 26 66 6.7791 28.9202
000970 32 34 66 -17.3259 52.6741
002450 39 26 65 52.7341 2.7778
000926 37 28 65 2.2727 6.1364
600805 33 32 65 27.5456 -15.8389
600801 34 31 65 21.1661 -3.3884
600703 39 25 64 0.5143 24.8624
600422 34 30 64 4.5089 36.89
002051 31 32 63 10.6928 29.496
002456 35 28 63 41.3131 34.8774
600750 33 30 63 -29.3443 18.9055
600498 30 33 63 -14.1456 0.0078
600266 34 29 63 -0.3282 16.3093
601717 24 38 62 -11.0345 -9.6573
000888 32 30 62 -9.7287 16.0645
600027 30 32 62 -5.9666 38.7417
000028 30 31 61 18.5359 62.4481
000661 31 30 61 29.2848 38.5111
002475 33 28 61 -6.3283 34.2142
600062 38 23 61 21.5188 35.8007
600594 32 29 61 1.0606 18.6229
002244 30 30 60 19.6251 9.9765
600742 29 31 60 -9.4629 -6.5286
002065 33 26 59 -16.9067 7.3501
002638 30 29 59 -32.9114 12.8379
600900 26 33 59 4.8855 4.2945
600588 23 35 58 -35.3866 -0.5581
600970 23 35 58 6.7591 -28.6414
002294 32 26 58 41.8519 19.1856
300088 33 25 58 -8.8729 68.689
000100 36 21 57 7.8818 1.8483
600109 31 26 57 23.975 31.88
601939 30 27 57 9.5238 -8.2435
000402 25 31 56 3.3691 5.2367
300020 23 33 56 27.8 4.3614
002431 35 21 56 -10.8181 11.4453
000800 28 28 56 -23.3886 3.3302
600582 27 28 55 -4.6757 -11.5667
300146 29 26 55 -13.3542 19.1591
600600 16 39 55 -12.8009 17.2551
002325 29 25 54 3.2389 43.8269
600340 32 22 54 56.0531 26.4127
000629 25 28 53 -6.079 -1.9374
300026 30 23 53 40.9659 36.7055
000789 29 24 53 -5.2187 24.2226
600458 30 23 53 3.9841 16.824
002273 28 24 52 10.9149 26.3984
002063 26 26 52 1.0338 25.9545
600366 26 26 52 -22.9985 16.1074
600166 28 24 52 -5.8741 4.8387
000012 32 19 51 -8.3333 2.3951
600369 28 22 50 -21.0433 32.2807
600239 26 24 50 1.8846 21.0758
600271 19 30 49 -21.6288 5.7552
601857 24 25 49 1.6376 -4.9236
002293 27 22 49 -42.0241 4.5018
600570 24 24 48 -18.2945 13.0888
002477 25 23 48 -0.7958 23.0319
002612 29 19 48 -24.4505 1.3715
002142 27 20 47 6.8136 11.1513
002635 27 20 47 0.9021 44.083
000671 26 20 46 71.1657 12.3762
601998 27 19 46 11.2826 -6.1033
601555 23 22 45 -8.8235 24.6873
000417 18 27 45 -15.6521 -12.5436
000422 20 25 45 -9.3061 -3.8352
600019 20 25 45 13.1944 -5.4943
002140 26 18 44 14.1818 -6.9059
000540 21 23 44 -4.5985 -8.209
300005 23 21 44 -2.3973 14.9805
000876 17 27 44 -15.7634 -10.2457
300039 27 17 44 4.3946 16.4895
600893 21 22 43 -2.9208 -8.4654
600587 28 15 43 24.5396 -2.6705
300171 24 19 43 5.0526 19.2318
300079 23 20 43 -0.9627 -3.4737
600999 25 18 43 -7.8579 2.2907
600312 19 23 42 3.8571 -15.6627
601566 15 27 42 -41.9031 25.8717
002344 23 19 42 1.9172 11.9932
000848 21 20 41 -11.5998 24.7335
002157 20 21 41 -24.5731 8.677
000792 15 26 41 -20.6396 6.3914
002037 25 16 41 8.6283 5.8582
600881 22 19 41 -6.9931 4.1667
600196 27 14 41 1.7459 12.8403
600332 21 20 41 -15.2705 75.035
600858 22 18 40 -20.4584 5.6508
600143 18 22 40 -9.7152 -16.8042
002400 20 20 40 20.6789 12.3381
601111 23 17 40 -0.6049 4.5918
000933 16 24 40 -17.4342 -6.2594
600436 22 18 40 23.9276 28.3293
000877 18 22 40 -3.3846 -16.9012
300251 15 24 39 49.9143 -11.6944
600521 19 20 39 -24.5533 23.152
000786 23 16 39 35.1623 3.8761
002041 17 22 39 13.5161 -11.8093
600010 17 22 39 10.6557 -17.5977
600176 20 18 38 3.2553 0.7242
601898 15 23 38 1.0336 -12.7057
601607 23 15 38 5.6647 -4.219
600125 15 23 38 -15.2123 -6.9694
002430 15 23 38 -17.9487 -23.1425
600511 21 17 38 4.0714 24.9796
600583 19 18 37 -3.6125 10.1896
600612 17 20 37 0.8707 -4.0968
000522 20 17 37 delist
600967 18 19 37 1.8072 9.6444
300124 18 19 37 5.0439 -10.7949
600467 17 20 37 3.0986 -23.355
600009 9 27 36 2.5749 -1.3932
601992 22 14 36 23.254 -15.8228
000729 14 22 36 -22.7397 0.1058
002457 18 17 35 12.3699 -17.1028
002104 19 16 35 -0.1946 12.6506
600517 14 21 35 20.3139 -14.4034
600067 20 15 35 17.7738 8.046
600068 15 20 35 -15.9265 -7.5038
002376 20 14 34 -15.9938 9.8927
600976 18 16 34 -21.1196 43.1105
000960 19 15 34 0.9137 -6.0469
601989 16 18 34 -8.0925 -6.4967
600325 18 16 34 -0.2347 1.0015
002154 18 16 34 -25.9884 9.9194
000550 18 16 34 -12.2222 -0.79
002069 14 19 33 -24.3165 -9.2878
600108 21 12 33 38.5396 -9.5413
601988 17 16 33 3.5461 -0.2307
600223 16 17 33 8.2061 -6.4286
600426 17 16 33 4.8714 -8.4263
600298 12 21 33 -33.6449 -7.0843
600261 15 18 33 -27.2269 8.8998
000616 16 17 33 12.0219 1.3577
002327 19 13 32 -27.4566 27.6912
002138 16 16 32 11.2182 24.1657
600177 15 17 32 -6.9494 -8.2606
300128 19 13 32 19.7365 44.7254
600252 16 16 32 -16.6971 30.2549
002277 13 18 31 -7.3414 3.1609
002099 11 20 31 -38.7218 14.5438
002474 12 19 31 -31.2053 24.7158
002004 15 16 31 7.0667 27.6282
600880 10 21 31 -3.3099 -6.1135
000725 20 11 31 18.8482 9.1429
600115 19 12 31 -16.0287 16.7598
600259 16 14 30 -11.2999 9.1014
002594 17 13 30 2.4673 -29.8233
000989 18 12 30 -29.6296 32.7676
600827 11 19 30 -22.4231 -5.5927
002672 21 9 30 2.0908 42.3402
600059 17 13 30 -19.972 36.1212
000686 16 14 30 -2.5671 15.9675
600697 18 12 30 -1.8601 -2.5565
002405 16 14 30 -1.7588 -22.268
000623 11 18 29 -1.9608 -0.5284
002055 12 17 29 -16.3265 -17.8719
600373 18 11 29 -0.6964 -7.2096
002123 8 21 29 -23.8347 -29.4227
300241 16 13 29 18.5725 -4.0813
002429 21 8 29 14.2478 10.8294
300017 16 13 29 3.6196 3.7572
601333 13 16 29 2.7363 -16.7139
600418 15 14 29 26.2477 -9.7041
600778 12 17 29 -4.4484 14.4043
300105 13 15 28 -19.4943 22.1214
000400 16 12 28 57.307 -3.2769
600403 10 18 28 0.0972 -16.9111
000039 14 14 28 -13.3083 0.8982
601100 17 11 28 2.2727 -7.8387
002008 14 14 28 30.2548 -7.7261
601899 12 16 28 1.3272 -5.5961
002296 12 15 27 -37.1072 2.6454
002589 14 13 27 0.1517 31.7606
300228 16 11 27 41.3654 16.6384
002503 14 13 27 7.4561 24.6286
600056 13 14 27 -8.0182 8.9366
300197 15 12 27 10.6239 31.4024
601928 14 13 27 -19.9723 6.1122
300267 17 10 27 -9.6272 40.2693
002152 5 22 27 -14.0 8.7778
000430 10 17 27 -1.5856 2.8261
002271 19 7 26 13.0182 28.181
600098 15 11 26 9.5376 0.9225
600572 19 7 26 -8.2785 33.7982
000543 13 13 26 9.1298 45.6393
601866 15 11 26 -3.5573 -10.6007
600886 15 11 26 32.7189 10.5891
300090 17 9 26 36.8653 23.4661
002223 13 13 26 4.3771 8.8833
000060 16 10 26 5.8493 -0.6912
002570 19 6 25 12.7998 -14.0358
002567 17 8 25 -2.7356 34.3949
600660 15 10 25 12.1483 2.5094
002603 12 13 25 -15.5354 20.3835
600425 12 13 25 -13.473 -3.3497
600597 16 9 25 5.4721 6.1915
002299 11 14 25 -26.0388 4.1146
601901 13 11 24 -13.189 23.0989
002025 8 16 24 -22.0619 11.4652
600479 13 11 24 0.8403 22.3056
000539 14 10 24 -9.4688 34.9693
000566 11 13 24 3.7079 1.2592
002501 12 12 24 5.0055 9.5025
002311 16 8 24 -4.2553 19.5935
000425 12 12 24 -18.0598 6.5379
600993 14 10 24 -18.7246 17.3233
002408 14 10 24 3.075 -2.1183
601886 18 6 24 21.1784 32.8947
300257 10 13 23 21.0526 3.7696
002028 16 7 23 25.789 -17.2926
300104 12 11 23 -20.7173 25.9807
600388 10 13 23 -9.7178 0.4466
600616 13 10 23 -37.8947 22.9917
002583 11 12 23 -10.1251 12.456
300170 12 11 23 -2.4334 2.406
002671 11 12 23 32.0199 13.4055
002001 11 12 23 -11.027 9.6839
603001 14 9 23 -23.4193 13.7844
600596 13 10 23 21.1632 -3.2789
002535 10 13 23 -11.7497 -23.4912
000059 12 11 23 -13.9064 -5.816
600029 13 10 23 -11.4695 2.2173
600337 10 13 23 -5.6667 -16.8666
300101 9 13 22 -6.2853 17.6918
600581 12 10 22 -10.0152 -10.5904
300024 13 9 22 22.2021 29.2155
002564 8 14 22 -16.6702 8.7344
600486 13 9 22 9.9725 25.1076
002673 13 9 22 -9.3967 15.8621
002005 10 12 22 -8.7404 -9.2258
300168 14 8 22 27.5531 20.4778
601933 11 11 22 -6.9742 -8.6814
300212 11 11 22 60.274 11.5124
002285 12 9 21 -5.473 21.4579
600528 10 11 21 -1.1834 38.8748
300207 10 11 21 -10.0284 24.4011
000968 11 10 21 -19.082 -1.8275
300113 12 9 21 19.5833 -4.8583
000513 15 6 21 25.2249 43.509
002179 7 14 21 -0.8746 -8.9852
300300 13 8 21 9.6189 36.1035
000860 13 8 21 -16.6667 6.6736
600779 9 12 21 -19.567 7.0106
002049 13 8 21 -1.4447 24.5132
000680 10 11 21 -16.7521 2.2182
000750 9 12 21 -3.1502 84.6053
002656 13 8 21 0.1561 9.3415
000061 7 13 20 -1.7241 -1.6548
600537 9 11 20 -43.8732 -7.4316
600787 12 8 20 -12.9505 -1.5987
002033 9 11 20 -14.5017 0.1053
300182 11 9 20 -1.7021 11.0586
002306 12 8 20 -7.7209 15.2148
002396 14 6 20 1.6021 -1.5959
000501 9 11 20 -22.7151 -7.0
300291 12 8 20 4.4932 8.597
000861 11 9 20 -11.3208 -10.4668
600183 10 10 20 -18.2524 -7.156
600021 13 7 20 -14.8602 17.0213
002129 9 10 19 -0.6889 1.5008
300253 10 9 19 0.5939 31.4055
002690 10 9 19 58.6319 -200.0
000917 8 11 19 -10.8304 -15.0755
002250 13 6 19 13.0435 17.6693
000927 9 10 19 -31.8562 11.0606
300309 11 8 19 13.9059 -4.7403
000878 7 12 19 -15.4749 10.1538
600292 9 10 19 -4.9574 28.613
002269 7 12 19 -45.8091 7.0618
600495 10 9 19 33.5716 -5.0802
002309 11 8 19 15.5031 -0.6322
000807 11 8 19 -10.5263 5.6729
600729 9 9 18 -7.769 -1.3632
601186 10 8 18 34.7198 12.3737
000666 8 10 18 -13.9318 29.0391
002205 10 8 18 -5.1699 -19.1381
000690 11 7 18 2.0501 39.4648
300188 11 7 18 2.8718 29.1184
000778 12 6 18 -3.438 -4.522
002410 7 11 18 -30.1956 22.6115
000415 9 9 18 -14.0052 7.373
600316 8 10 18 5.2955 -12.7261
300159 8 10 18 31.7765 -10.528
601666 10 8 18 -15.6126 -8.6419
002508 9 9 18 3.7309 5.1422
600195 7 11 18 -24.2726 1.4269
002436 7 11 18 1.2574 -8.159
601800 12 6 18 14.4844 -13.6445
002262 10 8 18 16.7883 30.9964
002369 8 10 18 32.7287 -14.4437
600642 8 10 18 -4.1215 9.146
300315 11 7 18 10.2343 -13.0833
002447 9 9 18 16.7192 27.2334
600260 10 8 18 -21.012 48.7245
000758 9 9 18 7.5382 -12.2135
600096 6 11 17 -0.8159 -17.3317
600655 7 10 17 -8.8832 -6.944
300072 11 6 17 15.4589 14.861
600329 8 9 17 -12.6676 40.6356
000563 8 9 17 -5.3168 23.9154
002465 8 9 17 27.6549 -3.5614
000811 5 12 17 -20.5306 -5.7394
601311 7 10 17 -5.8127 -5.9035
600216 7 10 17 -14.3654 18.3529
002398 11 6 17 11.2709 41.3151
300156 8 9 17 -10.3774 28.6515
601991 9 8 17 -26.8158 11.9284
600674 11 6 17 20.8092 9.6031
000887 6 11 17 8.9517 -23.4445
002167 8 9 17 -23.4144 7.4742
002086 5 12 17 -6.4767 -3.519
600257 7 10 17 -10.2288 18.88
603000 10 7 17 -8.0916 18.174
300136 10 7 17 -0.6832 -10.0168
600724 9 7 16 -5.527 10.3038
600188 4 12 16 -0.9932 -14.543
300177 8 8 16 17.3873 8.9983
002013 6 10 16 -6.8033 3.2479
002419 8 8 16 -15.7337 -17.9622
000823 7 9 16 -31.1762 32.1023
600240 7 9 16 17.8396 -2.7086
000639 8 8 16 9.0308 -16.8414
600438 9 7 16 7.4874 20.3065
000919 9 7 16 -16.9171 4.5963
600823 5 11 16 8.3156 -7.4199
601818 10 6 16 7.3944 4.2131
002387 7 9 16 -27.5281 5.0901
600765 7 9 16 -1.297 -15.5439
600761 7 9 16 3.7123 -11.4273
002653 12 4 16 -4.8443 65.3318
300322 9 7 16 14.8237 19.5854
600251 8 7 15 -12.6535 3.5598
002052 8 7 15 -1.9487 -0.7128
002056 7 8 15 -11.809 -5.2467
000537 8 7 15 2.2253 13.2283
002485 4 11 15 -28.9381 -6.3869
002662 7 8 15 -19.2924 22.3684
002663 10 5 15 -1.0945 14.568
002292 9 6 15 -9.7899 -6.6024
002421 12 3 15 69.3467 32.1882
600888 5 10 15 -8.7125 -9.8146
002397 8 7 15 -43.6364 3.9137
600502 6 9 15 -7.0691 -6.6134
600118 6 9 15 -2.8594 -4.7383
000046 8 7 15 22.5087 1.5909
300298 7 8 15 12.7265 45.1293
002317 9 6 15 30.1601 16.7733
600086 10 5 15 66.1094 6.905
002340 8 7 15 -11.7205 29.0769
002089 7 8 15 -9.3369 -17.032
300133 10 5 15 32.3877 -0.9
601001 6 8 14 -14.0891 -12.6097
000759 4 10 14 -11.5591 -22.4192
000969 3 11 14 -13.6549 -21.7094
601369 6 8 14 -2.5918 -13.005
002195 6 8 14 -26.421 3.2645
600415 2 12 14 -14.8718 8.5348
002161 5 9 14 -20.6718 -8.4092
601098 8 6 14 -6.6806 -1.2538
601238 7 7 14 -17.3666 -9.6244
002439 8 6 14 -0.3378 -6.2574
002313 6 8 14 -20.5263 7.4103
600496 8 6 14 3.6129 3.741
601877 11 3 14 22.7275 3.5104
002341 7 7 14 8.4337 14.1505
000050 7 7 14 21.1332 -3.6873
600527 8 6 14 18.7179 3.4992
601126 7 7 14 -3.0075 -5.4448
601010 8 5 13 -4.573 1.3469
002050 4 9 13 -17.7434 -11.0595
601139 7 6 13 17.9455 10.5385
002251 7 6 13 -7.418 8.5933
000592 8 5 13 -12.6143 52.5966
300187 5 8 13 5.9629 46.2748
000780 7 6 13 -8.5878 -13.6835
300157 8 5 13 -1.8265 -13.1864
600707 10 3 13 -7.0946 -1.8242
300273 8 5 13 -5.8559 31.553
600835 6 7 13 -4.4156 6.4634
002266 5 8 13 -14.6667 -6.5374
300147 9 4 13 7.4528 38.1496
600303 5 8 13 -20.3636 -17.2534
600397 6 7 13 -1.0327 -6.546
300216 4 9 13 -1.4273 -9.592
000009 4 9 13 -12.0 -1.3807
300285 7 6 13 0.0883 36.8497
002378 7 5 12 -23.0575 8.7326
600354 4 8 12 19.7615 -30.0054
300074 5 7 12 36.2694 -6.7633
000697 7 5 12 -3.3479 -0.4348
300062 6 6 12 -16.4504 16.2393
300144 5 7 12 -10.9331 2.1126
300347 7 5 12 13.9 -200.0
600280 5 7 12 14.3191 8.2503
000679 7 5 12 17.6937 -4.0185
601231 6 6 12 -6.3291 -0.4178
002358 7 5 12 -3.5743 7.3612
300270 8 4 12 84.3964 -9.3669
000516 4 8 12 -2.2422 -7.2852
600221 8 4 12 -13.3197 13.8296
300275 6 6 12 -3.6364 13.0431
601233 7 5 12 -17.7346 -24.7201
600636 7 5 12 -24.7087 -18.492
002368 5 7 12 -9.6966 9.8556
300287 7 5 12 12.4528 13.7826
000665 8 4 12 -29.0706 -1.4652
300002 6 6 12 -17.0272 1.2492
600763 3 9 12 -5.885 11.7227
002156 7 5 12 -13.8299 -10.6796
600335 7 5 12 3.5596 -24.3102
002655 7 5 12 -14.9351 19.6976
002484 5 7 12 2.879 -14.4592
002298 4 8 12 3.5583 -14.7273
600352 5 6 11 5.9337 -7.2342
601002 4 7 11 -3.8318 20.4955
300077 4 7 11 -29.2467 -15.8194
300075 6 5 11 30.6277 16.6329
600552 7 4 11 21.3647 4.8347
002068 5 6 11 -11.6788 0.5874
600584 5 6 11 -11.6667 -8.3969
600816 5 6 11 -20.6378 13.6799
600785 4 7 11 -19.1967 -14.031
600285 6 5 11 -4.6861 31.2528
002320 5 6 11 -21.1823 10.2563
600820 6 5 11 2.2472 16.188
300337 7 4 11 29.6362 -200.0
000951 5 6 11 5.6837 3.6144
601101 5 6 11 -4.6749 -9.7998
601798 4 7 11 -13.9033 -7.6163
300261 6 5 11 15.8153 31.3662
002185 6 5 11 -14.128 7.7889
600197 6 5 11 10.7946 12.9268
300164 6 5 11 5.4073 7.9472
300006 6 5 11 15.2146 12.3769
002014 6 5 11 -2.2624 8.5614
002116 5 5 10 20.7627 9.4465
000669 5 5 10 11.7738 22.7681
002521 6 4 10 27.7922 -3.2415
601919 5 5 10 -4.9569 -6.2626
600039 4 6 10 31.7719 0.1949
300004 5 5 10 -15.7979 -5.9384
601118 4 6 10 -16.3461 2.3845
600150 5 5 10 1.1754 -6.5103
601390 6 4 10 20.4999 4.898
002582 4 6 10 -8.0088 -6.0447
002588 7 3 10 19.2337 -4.638
002660 6 4 10 -16.6902 2.8455
600563 5 5 10 -2.5557 -5.933
000598 6 4 10 -9.3252 7.7931
002572 5 5 10 28.866 3.6595
601718 3 7 10 -3.9753 -7.8717
600318 5 5 10 4.2914 -4.2781
002159 5 5 10 -9.9785 -7.3187
002308 4 6 10 1.4213 9.8275
300015 4 6 10 -18.8841 5.1842
002216 6 4 10 -8.4294 -5.7462
000602 3 7 10 delist
000603 6 4 10 -1.883 -14.0903
600686 4 6 10 4.7988 -12.6498
600673 5 5 10 -15.1844 14.1582
600058 6 4 10 -23.1079 -12.0151
600420 5 5 10 -5.5749 26.9159
002547 5 5 10 -12.2801 18.6259
600088 4 6 10 -17.4603 -14.3758
600497 6 4 10 0.5686 -5.1543
002237 5 5 10 19.8035 17.6932
002153 5 5 10 -15.3216 -6.0554
300219 5 5 10 -33.1633 22.3449
000979 5 5 10 6.7568 18.2109
300032 6 4 10 6.7575 12.2152
600895 4 5 9 -16.0139 15.4987
000536 5 4 9 6.6193 24.4758
600377 4 5 9 -5.4744 0.1706
300086 5 4 9 -5.5288 -7.0045
002233 5 4 9 -9.0909 5.4496
600831 3 6 9 -18.1818 -9.4685
600038 2 7 9 13.5064 -4.7918
002144 4 5 9 -7.5812 14.7426
600322 4 5 9 8.4034 5.1396
600978 5 4 9 4.0169 9.2662
002469 6 3 9 22.9282 -4.6365
002481 2 7 9 -3.3233 51.5123
600815 4 5 9 -24.4324 22.6383
002428 5 4 9 12.0879 8.7232
002092 4 5 9 -6.9281 -10.0502
002646 5 4 9 -25.892 49.9931
000635 5 4 9 -12.8803 -18.1743
600867 8 1 9 21.9512 3.21
002281 3 6 9 -13.3482 -13.0515
002586 5 4 9 6.7839 26.4914
600704 6 3 9 -1.11 -10.8108
300083 6 3 9 15.0231 -25.6338
300119 5 4 9 15.2439 7.473
002557 4 5 9 -7.3632 0.2219
002254 4 5 9 -17.6003 -0.9649
600253 5 4 9 delist
002470 7 2 9 9.29 -1.3737
002509 5 4 9 34.7209 12.9798
300054 4 5 9 19.3764 17.1909
300122 5 4 9 30.1961 19.6193
002261 3 6 9 -28.6988 -21.0844
600770 3 6 9 -18.7536 -18.5816
600997 4 5 9 -2.3878 -8.4148
600718 4 5 9 -10.6852 6.5594
300288 6 3 9 64.7944 8.5383
002345 4 5 9 -16.3433 -3.4448
002221 5 4 9 66.3438 -14.4165
002010 5 4 9 9.6 10.6003
601588 6 3 9 8.156 2.8881
000809 5 4 9 35.4417 -33.5507
002658 5 4 9 -0.6809 15.85
600804 4 5 9 0.3367 -3.5714
300134 5 4 9 -23.7229 -0.431
000090 3 5 8 4.9793 13.13
002022 6 2 8 -3.2258 11.167
002458 4 4 8 -34.0674 -1.7534
600389 4 4 8 65.0 25.5474
300301 4 4 8 -4.4273 13.641
300289 6 2 8 23.7838 26.7168
002480 5 3 8 21.7137 -4.1969
002414 4 4 8 -3.3053 -5.6516
300336 4 4 8 -17.2327 -200.0
600863 6 2 8 -3.5443 0.7653
002039 4 4 8 -4.2989 7.9229
300345 5 3 8 -1.5653 -200.0
601106 4 4 8 -10.7595 -0.4302
300064 3 5 8 -29.5515 4.2302
002255 4 4 8 2.0896 -1.9288
300068 2 6 8 -2.968 9.1464
601965 6 2 8 14.8472 -9.3668
600525 4 4 8 -10.4816 -8.4553
000551 3 5 8 31.4501 -6.8939
300302 4 4 8 -27.3987 26.6217
300303 4 4 8 -3.0573 2.4051
600416 4 4 8 -23.1928 -9.7547
002249 3 5 8 -25.4839 -3.9
600380 5 3 8 -7.9755 2.0522
000788 4 4 8 -9.0411 5.2102
600705 4 4 8 -200.0 -200.0
300274 3 5 8 -31.3099 1.208
600675 3 5 8 13.0342 12.7287
601727 3 5 8 -9.1658 -14.1243
300198 4 4 8 -2.1702 21.8511
300059 4 4 8 -20.3735 -4.8306
000885 4 4 8 15.4589 27.7778
600839 3 5 8 -2.3697 -6.2222
600633 4 4 8 -9.578 -8.3285
300229 5 3 8 -0.2899 0.2757
600310 3 5 8 -16.2419 5.0083
600643 4 4 8 -3.8788 11.336
002445 5 3 8 -20.6136 -25.9176
300314 5 3 8 -9.4173 8.6957
600716 3 5 8 3.8076 -8.6081
002124 4 4 8 15.4412 2.6375
600160 3 5 8 -8.5149 -22.2281
300210 4 4 8 3.3766 3.3796
600509 6 2 8 2.0202 3.749
600117 5 3 8 -11.6487 -12.126
600529 3 5 8 -4.9318 -5.1153
300246 4 4 8 -2.8517 5.7872
300048 2 6 8 -18.0723 -11.2344
300323 4 4 8 -35.6502 -10.4418
002283 2 5 7 -22.0421 -10.3183
600372 4 3 7 -11.8955 19.5845
300190 3 4 7 -3.5763 15.8911
300355 3 4 7 43.6364 -200.0
000612 4 3 7 -6.7183 -7.12
601678 4 3 7 -6.4728 -10.4954
002023 1 6 7 5.7432 -9.825
600101 3 4 7 -14.2198 -5.5853
600100 2 5 7 -11.1639 -8.3488
600351 4 3 7 -17.9724 0.463
300012 4 3 7 -12.2592 20.3056
600238 3 4 7 -23.249 15.7658
300110 3 4 7 16.6949 22.6839
000608 4 3 7 13.6452 4.2683
600481 2 5 7 -3.0726 -2.6183
000418 4 3 7 10.9541 -5.3958
600469 3 4 7 -1.0181 9.9074
000982 5 2 7 -4.1974 21.169
002214 3 4 7 -20.3194 -15.1053
600773 4 3 7 -9.1772 -4.8584
600456 3 4 7 -5.4875 -9.3959
300199 5 2 7 -11.885 6.7567
600300 3 4 7 -27.3207 58.0943
600428 6 1 7 -2.9473 -8.1264
300178 5 2 7 2.0427 -1.5257
000939 1 6 7 -20.0684 -15.4536
002268 4 3 7 -15.5382 -16.5423
600995 2 5 7 -19.6532 -3.352
002618 5 2 7 1.0621 -18.2423
002440 5 2 7 -12.2264 -9.1364
300096 2 5 7 -14.5455 -8.3364
600460 3 4 7 -15.3846 -18.8448
000726 3 4 7 -8.9779 -7.1598
600288 3 4 7 4.4884 3.6304
300007 5 2 7 -35.3164 24.5381
600246 3 4 7 5.7766 3.776
600184 4 3 7 12.7758 -36.8369
002275 4 2 6 -2.2615 17.6576
002573 4 2 6 -0.8333 3.1904
600723 1 5 6 -11.3095 -8.4967
300256 3 3 6 5.5394 -13.125
300050 4 2 6 -11.6487 -2.9673
002115 2 4 6 -5.9126 -5.5321
000026 3 3 6 -26.0829 -4.4802
600790 3 3 6 -6.5749 13.2224
000918 3 3 6 5.9896 -6.7961
600077 2 4 6 3.0145 10.0564
002694 3 3 6 -0.6218 -200.0
603077 3 3 6 -6.3946 -200.0
300102 2 4 6 -31.5397 -6.4595
300202 4 2 6 35.2997 37.06
002091 2 4 6 -18.4793 -9.278
600975 3 3 6 -8.3753 3.3097
002460 3 3 6 -24.8053 14.3412
000525 4 2 6 -10.3053 -1.356
000915 4 2 6 3.6866 21.52
002035 3 3 6 7.7446 2.6478
000590 2 4 6 -22.9144 57.4173
000987 1 5 6 -11.649 -13.8329
300346 4 2 6 -23.266 -200.0
002551 4 2 6 28.2101 -8.3043
600331 2 4 6 -16.791 -3.7126
000006 4 2 6 13.4859 3.6298
600487 3 3 6 6.9199 1.5467
600468 2 4 6 -15.2678 -5.0835
600971 2 4 6 -7.5377 -3.5986
300226 3 3 6 -6.6476 -6.399
300016 3 3 6 41.0985 25.5535
002215 2 4 6 1.6753 -4.5285
002433 4 2 6 24.4568 11.3906
002437 4 2 6 2.2222 15.3846
002648 3 3 6 -4.7973 -22.2784
002649 4 2 6 7.7288 16.1315
300195 3 3 6 -5.5623 10.3467
002645 3 3 6 -2.152 27.3169
000883 5 1 6 9.1052 9.9071
002209 4 2 6 -21.9024 1.2335
002384 4 2 6 -19.4737 32.4179
601600 3 3 6 -16.8558 -6.0883
300222 3 3 6 -8.2807 -14.2599
600491 3 3 6 -6.2706 -5.2844
600307 3 3 6 -2.1671 -8.6842
600998 4 2 6 -17.5635 19.1451
002444 3 3 6 13.318 -10.483
600391 3 3 6 1.0799 -6.3054
600461 1 5 6 -4.1775 9.398
300009 3 3 6 10.4046 3.475
002226 4 2 6 -8.7022 15.2393
600595 4 2 6 -11.4695 -9.8546
600237 4 2 6 30.0395 1.4028
300043 4 2 6 -3.4058 18.55
002650 4 2 6 -3.9234 25.1766
600802 3 3 6 2.0979 -4.2642
300036 3 3 6 -24.9827 -12.5
600187 0 6 6 -7.331 13.3766
002661 5 0 5 -2.7523 53.515
002574 2 3 5 -12.2937 -21.5852
601636 4 1 5 -13.2992 3.8243
002020 4 1 5 1.8366 7.9563
600387 2 3 5 -5.8952 7.0093
600499 2 3 5 -14.786 12.967
002371 3 2 5 21.7179 0.794
601000 1 4 5 -9.7289 2.1127
300352 3 2 5 -4.005 -200.0
600270 3 2 5 -0.4213 4.4809
002318 3 2 5 -1.2448 9.9736
600005 3 2 5 2.974 -4.2228
000880 2 3 5 -19.4363 3.229
002094 1 4 5 -1.118 -7.2581
600533 3 2 5 13.9651 22.6866
300204 3 2 5 -4.5566 25.3181
300203 1 4 5 -11.4846 5.4431
600107 2 3 5 -5.2097 -5.9737
600106 1 4 5 9.2896 -25.6219
000407 2 3 5 5.1696 41.9725
002664 4 1 5 30.9326 16.5088
300332 3 2 5 -7.781 -4.7575
000708 2 3 5 -18.9693 -10.1891
300142 2 3 5 -2.4295 18.1449
002568 3 2 5 44.8594 31.6129
002565 1 4 5 2.7673 -6.4636
600139 1 4 5 4.5702 -4.931
600327 1 4 5 -23.7542 -12.9852
002100 3 2 5 -2.5397 10.6515
600664 1 4 5 -6.2215 -3.2305
600378 2 3 5 2.2953 -3.8026
002393 5 0 5 4.2807 6.1644
002554 2 3 5 -3.1132 22.1136
002253 3 2 5 -5.1227 -6.7286
600983 3 2 5 -4.875 9.7984
000413 3 2 5 0.5877 -4.72
600829 4 1 5 -22.4613 -6.5165
000731 4 1 5 8.6957 -2.1447
600169 2 3 5 3.4188 0.6692
601168 2 3 5 -8.4112 -10.4083
002507 4 1 5 17.3956 36.1743
600172 1 4 5 1.194 -11.0921
600598 2 3 5 9.5302 -4.6679
000517 3 2 5 14.9547 -2.2157
600516 2 3 5 3.9813 -16.0275
600269 2 3 5 -8.5561 1.5539
000558 2 3 5 -7.7803 -11.8952
002316 4 1 5 -1.2817 5.7471
000768 2 3 5 5.9873 1.9481
600305 3 2 5 16.6601 30.5893
002549 1 4 5 -2.4235 16.012
600128 3 2 5 -17.0395 3.9063
000546 2 3 5 0.1403 -14.8148
002085 2 3 5 -7.2824 17.4404
601018 3 2 5 4.3034 2.8455
000712 3 2 5 -15.6535 8.046
002534 3 2 5 -23.693 3.4079
000503 4 1 5 63.167 0.3454
002018 2 3 5 86.0465 -9.5602
002017 3 2 5 -14.3111 -1.5748
600116 3 2 5 -0.4105 -9.3657
600230 2 3 5 48.5822 28.3673
300045 3 2 5 8.1425 20.2162
002496 4 1 5 7.3885 -16.185
600432 3 2 5 1.6566 -3.5585
300324 4 1 5 33.8849 -0.8206
000655 4 1 5 10.4185 -20.9155
000893 2 3 5 -17.6721 1.7329
300135 1 4 5 32.2537 8.9023
600132 0 5 5 -28.8096 -20.2648
002177 0 5 5 -21.7125 -11.132
600586 2 2 4 -22.6696 -5.1173
600728 3 1 4 -10.395 9.6921
002668 2 2 4 33.7849 -7.3801
601216 2 2 4 -10.7604 -12.3479
002110 2 2 4 -15.6566 -15.3782
002288 2 2 4 -26.6667 -4.2316
000559 1 3 4 -10.7356 -7.1921
600657 2 2 4 -4.5147 7.2738
600371 2 2 4 1.9313 -10.5473
002698 3 1 4 -18.6111 -200.0
002079 2 2 4 -27.7778 -0.1441
600571 3 1 4 21.7687 -3.9345
300295 3 1 4 15.1709 15.4933
600360 2 2 4 -4.5685 -6.9773
000868 1 3 4 -1.6699 -1.9048
000997 2 2 4 -20.197 -2.4038
002620 3 1 4 -7.9267 19.2111
002438 1 3 4 -18.4434 12.5135
600850 2 2 4 -20.6828 -6.945
600320 1 3 4 -19.6682 -6.6372
002526 2 2 4 2.0906 -19.6961
300293 2 2 4 24.2159 3.7924
002242 1 3 4 -5.163 -3.5033
300205 2 2 4 -1.7341 10.6067
601958 2 2 4 -7.577 0.9324
002466 2 2 4 1.7699 10.377
002467 3 1 4 -20.6217 5.8434
002462 4 0 4 -18.107 25.4225
002701 2 2 4 4.9874 -200.0
000709 2 2 4 -1.8315 -4.232
601038 2 2 4 10.5085 -200.0
300123 3 1 4 -3.2982 15.1999
002082 2 2 4 -12.3567 -9.3626
002206 1 3 4 -12.2754 -13.4569
002084 2 2 4 5.2045 13.5373
000631 2 2 4 40.5825 -2.1792
002367 4 0 4 14.3571 -7.1842
002538 3 1 4 -5.8347 2.6622
600710 2 2 4 -16.1321 -9.716
002389 2 2 4 -24.3114 -9.973
300258 2 2 4 14.3374 1.9815
300244 2 2 4 25.5061 10.6675
002511 3 1 4 31.4663 -5.2378
002197 2 2 4 1.8945 -1.4024
600663 2 2 4 -3.0155 10.3101
002587 4 0 4 21.4689 -6.243
603993 2 2 4 -12.5393 -200.0
600565 2 2 4 -20.9016 31.132
600185 2 2 4 15.807 5.8099
600219 3 1 4 1.791 -2.9361
002643 2 2 4 7.4693 3.9807
300349 2 2 4 45.4819 -200.0
600828 1 3 4 -15.7983 -9.4393
000601 2 2 4 -6.0305 12.6844
002556 2 2 4 10.1979 -4.878
002492 2 2 4 10.3266 -6.4068
002497 3 1 4 4.0771 -5.5793
002394 3 1 4 -5.0133 -20.4989
002700 2 2 4 32.129 -200.0
002252 1 3 4 0.8142 -3.2346
000921 4 0 4 74.1026 -0.5102
002170 2 2 4 -8.7309 8.7467
600311 2 2 4 2.5 -9.0909
300025 1 3 4 -22.987 6.6028
600963 2 2 4 -2.619 -9.4927
002665 2 2 4 -0.8222 34.2085
000521 2 2 4 2.0359 0.6696
600812 2 2 4 -12.5786 7.9796
000609 2 2 4 -10.2493 0.6974
600682 2 2 4 -0.2454 -0.5896
600500 2 2 4 -14.497 -2.2673
600173 2 2 4 -11.5217 19.4805
002183 2 2 4 -23.6542 13.1701
002182 2 2 4 -11.5205 -4.7523
601908 2 2 4 -22.7331 -31.5052
000797 2 2 4 7.6259 -5.3465
000584 3 1 4 3.227 16.4336
300196 2 2 4 13.871 21.8716
002312 3 1 4 -22.08 13.1047
000762 1 3 4 -13.6173 -12.1784
300098 2 2 4 -24.263 -9.841
300022 2 2 4 4.7857 -17.0098
000636 2 2 4 -15.4426 -2.1164
002044 1 3 4 -16.2818 -5.3298
002045 1 3 4 -21.0526 -10.9222
600089 1 3 4 -4.579 -11.2963
600054 1 3 4 -14.9059 -5.7449
300245 1 3 4 -5.4741 -10.3178
000426 2 2 4 -6.2921 20.9166
000935 2 2 4 -3.9735 -2.9563
002680 3 1 4 -24.3394 12.6959
300316 2 2 4 -26.5296 4.5011
600713 3 1 4 -3.3755 17.6179
601012 2 2 4 -22.6394 -19.1765
000830 3 1 4 -11.8943 -11.962
600268 3 1 4 -34.4905 -2.0315
002343 2 2 4 -11.3127 -13.5031
002322 2 2 4 -12.8035 -0.7597
601872 2 2 4 -12.5466 9.121
600606 2 2 4 -16.7166 67.6596
000007 2 2 4 -2.4933 28.5962
600026 2 2 4 -8.1188 -13.2458
001696 2 2 4 -2.027 -9.9302
002657 2 2 4 14.7336 8.2729
002301 3 1 4 -15.1945 5.2675
000715 2 2 4 -2.3112 -10.2853
600149 2 2 4 38.7786 12.931
300087 0 4 4 -3.4635 -5.3953
000530 0 4 4 2.1021 -5.1043
600113 1 2 3 -13.3391 76.0606
000626 1 2 3 -40.9607 35.0236
002379 1 2 3 0.5792 -15.9091
600894 1 2 3 -4.8265 8.1566
002054 1 2 3 -11.8621 -11.5779
300056 1 2 3 -25.1613 11.5815
300259 1 2 3 16.4825 -1.4543
600072 2 1 3 -21.7342 17.4603
002695 3 0 3 -6.4717 -200.0
002595 2 1 3 21.9631 0.2961
000900 2 1 3 -4.3936 9.7918
300306 1 2 3 -27.3126 -4.9826
000996 2 1 3 -2.0736 14.8233
601008 1 2 3 -8.1794 8.6743
002629 2 1 3 -11.9344 13.7704
002331 2 1 3 -4.9573 -1.0685
002334 1 2 3 -15.4974 20.4031
002234 1 2 3 -14.2857 -22.664
601179 1 2 3 -12.5628 4.7368
600446 2 1 3 15.0319 -2.9605
600754 1 2 3 -10.3797 -2.4219
000816 1 2 3 1.6822 -9.7976
000739 3 0 3 2.8504 12.4166
002441 1 2 3 -12.3533 -1.5358
600666 1 2 3 -11.9342 -0.137
600667 1 2 3 66.6202 -10.5546
600601 1 2 3 -5.1717 -4.9242
002585 2 1 3 -22.0893 -20.763
600161 2 1 3 -12.2139 2.2206
600560 2 1 3 3.2078 -9.8817
300290 2 1 3 2.4431 -4.2821
300010 2 1 3 -28.2506 6.3919
000089 1 2 3 -5.868 -3.6092
000988 1 2 3 -18.6823 -13.6677
300186 2 1 3 -3.3613 7.2699
300183 1 2 3 -27.38 -0.347
000850 1 2 3 -24.5632 14.2857
600284 3 0 3 20.467 1.8108
002321 1 2 3 -4.4223 -4.7019
600639 1 2 3 28.4499 5.1929
600736 1 2 3 -16.6078 19.2152
002494 1 2 3 2.6054 -22.3398
300339 2 1 3 12.7646 -200.0
600749 1 2 3 -13.2867 -13.7812
601616 1 2 3 -13.4658 -8.494
601608 2 1 3 -18.3716 -200.0
002597 2 1 3 -7.2754 -11.0947
601518 2 1 3 -1.1364 6.1843
002078 3 0 3 -8.6004 -15.0221
300232 2 1 3 -11.5087 -11.0882
000737 1 2 3 22.2826 35.6265
000738 2 1 3 -14.1 1.4199
600018 1 2 3 3.4104 -8.2759
300155 2 1 3 8.1826 -21.3707
002210 1 2 3 -11.5183 10.1247
002217 1 2 3 -8.498 -12.5623
600485 1 2 3 -18.6364 -2.1135
600879 1 2 3 -17.2589 -3.7851
300331 2 1 3 39.0374 9.9951
002133 2 1 3 1.4862 4.4421
600685 1 2 3 -15.9322 -2.1883
002181 1 2 3 -9.1005 -7.1709
002003 1 2 3 -2.8283 -9.4918
002006 1 2 3 -21.0526 -29.7135
600236 2 1 3 0.5051 4.7477
000795 1 2 3 -21.1044 -2.0741
600231 3 0 3 2.1505 -9.3566
300037 2 1 3 -13.8658 -2.2108
300055 1 2 3 -20.7792 39.7272
300194 2 1 3 -10.3578 7.1827
000547 1 2 3 -11.2463 11.5139
002187 2 1 3 -20.4255 -0.4807
002546 2 1 3 -10.8 2.519
600884 1 2 3 -13.6249 -4.3659
600635 2 1 3 -9.7906 0.8658
002042 2 1 3 -13.5307 -9.2988
300223 2 1 3 -17.8821 -12.8761
002162 1 2 3 -24.9664 -26.5286
600990 2 1 3 19.5115 -10.9812
600649 2 1 3 -0.8051 17.2078
002685 1 2 3 -9.9099 -2.2026
300099 1 2 3 -17.5522 -10.1813
002448 1 2 3 10.3774 5.2688
600396 2 1 3 -19.4543 8.6892
601929 1 2 3 -13.948 -3.504
600449 2 1 3 -1.824 -11.8377
000667 1 2 3 4.1667 -1.8182
600543 2 1 3 -35.1948 64.0043
002581 1 2 3 -1.1869 4.3583
000837 2 1 3 -20.6395 -15.7304
600693 1 2 3 0.8345 0.9765
002128 1 2 3 6.4058 -10.3496
300264 2 1 3 -22.125 -2.6151
000898 2 1 3 -0.5128 -8.8785
000777 1 2 3 -13.1491 -0.2404
601515 2 1 3 12.4233 -4.7941
300218 1 2 3 -6.5934 -7.1767
300217 1 2 3 -20.2238 -9.6983
300214 2 1 3 17.8938 -7.8049
600112 2 1 3 -8.826 -9.2476
600119 1 2 3 -18.4049 21.1783
600433 1 2 3 23.6806 1.0757
000978 2 1 3 -15.1634 -4.6105
002305 2 1 3 1.4446 4.4763
600808 1 2 3 -2.8037 -12.6531
002483 2 1 3 -34.687 3.8905
000716 3 0 3 -6.8702 53.4407
300034 1 2 3 5.8942 8.6506
300031 1 2 3 -10.2183 17.5691
300132 1 2 3 -9.0974 8.955
002060 0 3 3 -17.0968 -2.2526
601208 0 3 3 -12.0548 -20.5292
002417 0 3 3 -7.0323 -14.55
002096 0 3 3 -9.1673 -8.3518
002093 0 3 3 -23.8447 -11.3115
002630 0 3 3 4.079 8.2248
002349 0 3 3 -36.5577 58.0556
002012 0 3 3 6.7882 -13.4739
002576 1 1 2 -18.9394 -18.2789
600969 1 1 2 -38.6198 4.1465
000099 1 1 2 -11.4187 -3.2939
002370 1 1 2 -13.0536 7.2075
000972 1 1 2 25.2308 -21.3075
000822 1 1 2 -15.6904 -16.9373
002053 1 1 2 -18.7283 -15.7296
300169 1 1 2 -12.5161 -5.5469
300255 2 0 2 -4.4054 22.3081
600789 1 1 2 -19.3783 -3.3399
600658 2 0 2 -2.0434 4.5059
002407 2 0 2 -29.5802 11.8815
002640 2 0 2 -9.8416 8.3551
000532 1 1 2 -3.0454 5.4987
000531 1 1 2 -3.749 70.4042
600073 1 1 2 -9.7046 27.7766
600987 1 1 2 21.3172 2.244
600206 1 1 2 12.5571 -13.0952
002239 1 1 2 35.9259 -0.78
000990 1 1 2 -8.3453 -2.0868
000993 1 1 2 -1.4089 29.2517
600832 1 1 2 delist
002034 1 1 2 -14.2136 -19.4254
600278 1 1 2 5.9233 -5.3805
002330 1 1 2 -15.5752 19.747
002336 1 1 2 -31.0107 -1.6368
600855 1 1 2 -15.5889 5.3528
600851 1 1 2 -3.9216 -10.24
600004 1 1 2 9.7232 1.0386
600393 1 1 2 18.0064 26.6802
300107 1 1 2 -22.0167 7.3294
300100 1 1 2 -11.7054 -7.5847
002500 1 1 2 -10.5006 27.7519
002486 1 1 2 -8.0563 -0.5351
600755 1 1 2 -10.142 7.9914
601558 1 1 2 -24.9643 -4.8723
600035 1 1 2 -5.997 -1.2158
002413 1 1 2 -21.8147 7.3576
002067 1 1 2 -3.6907 -11.7829
600531 1 1 2 -7.8041 0.9691
000779 1 1 2 -16.1396 -25.4472
300130 1 1 2 -12.6742 0.1448
002461 1 1 2 -22.7434 17.2199
300003 1 1 2 -30.7343 1.6849
600375 1 1 2 -10.3343 -4.3369
000705 1 1 2 -1.6541 25.2354
600120 1 1 2 -6.4551 14.9483
002117 1 1 2 -2.3968 -17.3131
000798 1 1 2 16.3476 11.4268
002606 1 1 2 22.5338 14.124
002563 2 0 2 -17.1786 -23.1335
002365 1 1 2 -22.5806 21.0666
600860 1 1 2 25.2525 4.8729
300351 1 1 2 -1.3015 -200.0
002512 1 1 2 2.3991 -4.342
300127 2 0 2 -18.8312 13.2823
002190 1 1 2 -24.4224 -7.7323
600662 1 1 2 -8.7558 -3.7669
000523 1 1 2 -1.4467 -8.4437
002031 1 1 2 5.936 -15.6069
002030 1 1 2 -1.1704 7.5706
300150 1 1 2 -16.9611 8.6951
002424 1 1 2 -4.2563 19.4425
603366 1 1 2 -18.6331 -3.8385
000599 1 1 2 -9.7686 -2.75
300185 1 1 2 -15.5172 -5.4187
300167 1 1 2 4.512 -1.8851
300344 1 1 2 7.6421 -200.0
600282 1 1 2 -5.9761 -3.9457
600370 1 1 2 -5.1163 -2.8508
002326 1 1 2 -14.7577 -4.7552
002571 1 1 2 34.0326 42.7105
600078 1 1 2 3.4188 3.8815
600731 2 0 2 14.8571 -2.0522
601107 1 1 2 -3.4682 -2.0399
600883 1 1 2 -17.7333 -12.471
300085 1 1 2 -8.8475 6.6312
300084 1 1 2 -15.7401 59.3225
300082 1 1 2 -6.3679 -3.5164
601199 1 1 2 -10.4499 11.6291
002550 1 1 2 -4.2798 -7.9441
002558 1 1 2 5.8252 -1.8838
002390 2 0 2 -14.7075 47.0821
002391 1 1 2 11.3158 16.5714
002351 1 1 2 -2.2573 -6.1336
300266 1 1 2 -20.487 22.4499
600126 1 1 2 -14.7632 -6.5216
000966 1 1 2 5.0725 17.9487
600306 1 1 2 -13.8261 -4.9587
300313 1 1 2 -22.5458 1.7532
600133 1 1 2 -18.2622 -5.2999
000411 1 1 2 -0.2367 -10.1064
300320 1 1 2 14.869 -3.713
000825 1 1 2 2.2663 -1.9337
600965 1 1 2 0.1847 -3.9049
002679 1 1 2 43.9369 -6.0842
000554 1 1 2 -13.9616 -14.5694
000683 1 1 2 -14.5133 -8.7736
601258 1 1 2 -15.2459 -19.2694
000950 1 1 2 -11.1529 20.0
000735 1 1 2 20.7039 14.7268
002191 2 0 2 -6.2939 2.7979
300312 1 1 2 -22.7842 -2.7003
600872 1 1 2 -10.1563 14.0312
600961 1 1 2 3.0488 10.0671
000957 1 1 2 -21.2912 -14.7541
002350 1 1 2 -9.1304 5.2833
601799 1 1 2 -2.509 -4.4122
600483 1 1 2 12.255 -8.4381
600683 1 1 2 8.9744 -6.9583
002135 1 1 2 -15.2878 15.0157
002132 1 1 2 -20.2726 -8.4243
600684 1 1 2 126.5152 7.3842
300327 1 1 2 -18.3418 -4.485
002502 1 1 2 -19.3463 -2.5074
600505 1 1 2 -8.63 -12.6204
002189 1 1 2 -14.6988 1.467
000421 1 1 2 -9.0574 17.0843
000519 1 1 2 29.5207 -11.2186
300148 1 1 2 -24.412 0.5339
002348 1 1 2 -29.3594 -5.8593
002130 1 1 2 -22.5047 15.1061
000589 1 1 2 -9.9099 10.4938
300052 2 0 2 -5.1433 5.0039
300297 1 1 2 -27.8126 18.8338
600356 1 1 2 -8.1662 1.8978
300145 1 1 2 11.9617 6.9505
000886 1 1 2 4.9133 10.8974
000027 2 0 2 -7.5734 9.2149
002623 2 0 2 -9.9258 -6.2369
002541 2 0 2 10.2671 -13.0226
600122 1 1 2 -11.8943 5.8275
002548 1 1 2 1.1111 6.7905
002566 1 1 2 4.9235 18.5504
002472 1 1 2 -9.0047 -9.8581
600737 1 1 2 -11.6321 -6.1417
600734 1 1 2 -2.1798 -8.0201
002532 1 1 2 -2.7586 2.036
002043 1 1 2 17.4648 3.3183
600757 1 1 2 -6.535 -24.6277
002406 1 1 2 -18.5185 2.06
000011 1 1 2 -3.877 11.6418
600641 1 1 2 -7.6238 -0.2141
600064 1 1 2 7.6991 17.9487
002339 1 1 2 13.2669 7.6641
601618 1 1 2 -8.871 -2.7451
300311 1 1 2 -8.3739 5.7888
002449 1 1 2 -20.5776 6.2549
300094 1 1 2 -13.8796 -4.1667
600398 1 1 2 -0.2681 -1.9543
300318 1 1 2 -5.6284 -2.1913
600545 1 1 2 9.1186 3.0521
300166 1 1 2 -20.3856 -11.9084
000828 1 1 2 -17.029 28.0416
002227 1 1 2 -15.9383 -23.02
600390 1 1 2 -22.3358 10.0402
000751 1 1 2 -20.6687 -32.8571
002342 1 1 2 -8.2667 28.3531
000897 1 1 2 0.6993 13.0435
000890 1 1 2 -4.444 -4.0284
600699 2 0 2 -4.5603 1.2088
002127 1 1 2 -23.3234 -2.6531
600695 1 1 2 -11.9658 -12.3596
002539 1 1 2 -19.738 -6.9129
002530 1 1 2 -4.7855 -12.8058
600279 1 1 2 -11.4245 0.8122
600163 2 0 2 -25.0 -23.7237
600167 2 0 2 -6.3523 25.3317
603008 2 0 2 -11.9211 -200.0
600503 1 1 2 1.087 -30.0912
000802 1 1 2 -16.6667 -4.9486
600232 1 1 2 -21.7461 12.0792
000973 2 0 2 -10.7527 -14.5002
000572 1 1 2 -9.5092 1.5576
300328 1 1 2 14.2569 3.6237
300047 2 0 2 1.1285 2.0002
300046 1 1 2 -22.5022 -3.9145
300044 1 1 2 18.1594 8.8389
000488 1 1 2 -1.0746 -8.3857
002225 1 1 2 -3.3069 -20.2591
300137 1 1 2 -8.1222 -6.6583
300103 0 2 2 32.8994 -1.1437
600551 0 2 2 -11.803 -1.051
000930 0 2 2 -1.4403 -18.4636
600803 0 2 2 4.3113 -14.4014
002452 0 2 2 -8.2268 5.8832
600962 0 2 2 -8.559 2.8684
600991 0 2 2 delist
002080 0 2 2 -23.5005 0.7219
600168 0 2 2 -15.9483 -0.6393
600760 0 2 2 -27.4406 -1.8135
300174 0 2 2 -21.0475 -8.2337
002528 0 2 2 -8.6648 3.0469
002148 0 2 2 -17.9114 -9.5608
600885 0 2 2 -10.7556 8.5907
000541 0 2 2 -20.5015 -10.5699
000720 0 2 2 -4.8035 -2.5532
300035 0 2 2 -2.7867 -15.3754
600386 0 2 2 -8.8391 -20.8768
600475 0 2 2 -19.52 5.72
000062 0 2 2 -13.2374 28.7037
002036 0 2 2 -42.066 20.5426
600233 0 2 2 -24.9251 12.3
600592 0 2 2 -14.8387 -5.0015
002011 0 2 2 -14.1784 12.0173
000659 0 2 2 -18.0901 5.296
000552 1 0 1 18.2973 6.6255
300238 1 0 1 -51.493 64.0373
600784 1 0 1 -1.145 -17.9379
600152 1 0 1 -43.1169 5.1916
600569 1 0 1 -8.2645 -6.5637
600796 1 0 1 -11.7845 -3.0995
600578 1 0 1 -3.1522 -4.8512
002505 1 0 1 -6.6811 0.3537
300305 1 0 1 6.2744 -4.8649
002628 1 0 1 -7.874 -25.4038
002231 1 0 1 -29.2683 -7.6944
000748 1 0 1 -3.3333 4.3379
002489 1 0 1 -13.9961 -7.1101
000882 1 0 1 0.5583 -9.3137
002416 1 0 1 -23.0878 -28.6448
300201 1 0 1 16.5402 -18.8712
002213 1 0 1 -20.7895 -13.0107
000564 1 0 1 -18.3074 8.0224
002702 1 0 1 -1.1994 -200.0
300335 1 0 1 -12.5304 -200.0
000700 1 0 1 -1.0889 -3.6713
600129 1 0 1 -5.4242 9.771
000796 1 0 1 -10.2349 6.619
000931 1 0 1 -1.0619 -12.1306
002602 1 0 1 -16.185 -6.5104
002360 1 0 1 -17.1946 12.9734
600593 1 0 1 -10.0457 -7.9187
002601 1 0 1 -40.484 -12.0
300284 1 0 1 -10.1869 3.2104
300263 1 0 1 -14.8681 -2.0115
300247 1 0 1 -15.9097 0.8299
002531 1 0 1 1.2829 3.2404
002107 1 0 1 -18.3769 15.8919
002291 1 0 1 -12.0 -9.4785
600783 1 0 1 -30.7644 -0.4988
300018 1 0 1 -2.8723 0.4613
600568 1 0 1 30.5894 -15.7981
002632 1 0 1 -1.5064 -5.131
600435 1 0 1 5.6194 -10.4119
300019 1 0 1 -2.6403 2.5857
002678 1 0 1 -22.319 -12.5952
002479 1 0 1 -17.1088 1.2081
000909 1 0 1 2.2971 -3.5898
002219 1 0 1 5.8122 2.6519
600308 1 0 1 -2.8011 -5.7855
600439 1 0 1 -19.1882 -9.0935
600287 1 0 1 -13.3236 7.7551
002194 1 0 1 -10.6038 -6.4287
002357 1 0 1 -0.9535 -1.8592
600706 1 0 1 -1.8803 -3.2258
002614 1 0 1 -20.0179 -15.5472
002186 1 0 1 1.6228 7.183
600771 1 0 1 22.8687 -9.768
600051 1 0 1 -15.4403 -7.1189
000707 1 0 1 -18.3753 -20.3202
601801 1 0 1 -4.2435 -0.7595
300193 1 0 1 -19.5286 -3.8775
002314 1 0 1 -19.0531 -6.7223
002256 1 0 1 -18.0212 10.8582
300078 1 0 1 -19.1092 -3.9903
601058 1 0 1 -8.8942 2.6829
300126 1 0 1 -15.6724 -3.9991
002381 1 0 1 -8.0177 26.3343
002108 1 0 1 -4.2184 -0.9828
002651 1 0 1 -12.4682 -13.6968
300224 1 0 1 -26.0459 11.3182
600647 1 0 1 20.4255 11.639
600645 1 0 1 -29.0909 -10.4108
002443 1 0 1 30.0623 10.08
600313 1 0 1 -8.8123 6.8213
002610 1 0 1 -31.3358 -22.0029
600630 1 0 1 4.8828 0.7874
000610 1 0 1 -16.1039 4.0541
600846 1 0 1 -10.9731 9.951
300028 1 0 1 -18.3704 -0.4425
300269 1 0 1 -19.3487 -3.1382
600830 1 0 1 -20.4276 7.2005
002324 1 0 1 -4.8212 19.1441
300165 1 0 1 -19.1126 6.8082
000573 1 0 1 5.3285 -2.3474
002302 1 0 1 3.7001 -9.1219
600361 1 0 1 -10.5634 -3.5447
603002 1 0 1 2.4356 -21.1449
600459 1 0 1 5.0626 2.5262
300163 1 0 1 -12.7995 -2.4438
600037 0 1 1 -11.0226 -4.598
002066 0 1 1 -17.7665 0.7491
300240 0 1 1 11.0994 -3.836
300069 0 1 1 0.7395 -7.0283
002329 0 1 1 -23.8211 -7.1281
600826 0 1 1 -15.5417 22.1053
600825 0 1 1 -17.4314 -11.4754
002498 0 1 1 -13.5545 -21.3757
600628 0 1 1 0.2843 -3.7921
002070 0 1 1 42.5182 22.7539
600482 0 1 1 -10.1993 -4.3722
600137 0 1 1 -27.0181 2.9686
300179 0 1 1 15.6352 -9.5505
002264 0 1 1 -31.935 8.4106
002267 0 1 1 -5.9498 11.2994
002048 0 1 1 3.9943 -2.64
600121 0 1 1 -2.1684 -12.0719
000932 0 1 1 -6.1475 -8.9552
600012 0 1 1 0.2092 -5.3571
600548 0 1 1 -8.3558 -0.924
000687 0 1 1 -22.2892 -3.4884
000755 0 1 1 -27.8164 -3.6193
300260 0 1 1 -4.1979 -0.2845
300041 0 1 1 -10.9702 0.2381
300049 0 1 1 -8.2542 24.1951
002307 0 1 1 0.8929 -13.6247
300139 0 1 1 -7.4675 5.9431
002059 0 1 1 -17.9487 -7.6645
600263 0 1 1 delist
600791 0 1 1 0.9524 0.6667
600798 0 1 1 16.2791 -2.0099
000925 0 1 1 1.4874 -10.8163
000923 0 1 1 -8.377 -0.1742
002696 0 1 1 -2.4652 -200.0
600573 0 1 1 -15.3846 3.4932
002412 0 1 1 9.9505 21.7537
000910 0 1 1 -2.6478 -6.1185
600363 0 1 1 -2.9285 -4.7361
002425 0 1 1 -10.1023 -6.4668
600561 0 1 1 -6.4588 5.0794
600215 0 1 1 5.3933 5.7007
600210 0 1 1 -10.4013 -1.9048
600218 0 1 1 -27.9346 -11.2722
600401 0 1 1 -38.4026 6.7066
600688 0 1 1 -8.0087 0.0
600198 0 1 1 -19.2651 19.4543
600226 0 1 1 -14.7727 -2.7624
000761 0 1 1 -19.6217 -4.0606
300161 0 1 1 -22.4924 21.9476
002228 0 1 1 -14.9515 -6.3528
002229 0 1 1 -8.7774 -27.8641
002220 0 1 1 -6.3717 -6.8078
002088 0 1 1 -3.8877 -20.4947
600768 0 1 1 -15.5102 -4.4213
600507 0 1 1 0.0 -10.984
000977 0 1 1 -2.3432 -5.7365
000719 0 1 1 -7.1287 -9.6601
000713 0 1 1 4.5587 -10.3486
000627 0 1 1 -13.5385 12.069
000021 0 1 1 -12.4535 -2.7204
600350 0 1 1 -1.3914 0.0
300172 0 1 1 -12.4339 12.5562
601007 0 1 1 -0.1397 0.1399
002522 0 1 1 -10.872 11.1715
600248 0 1 1 4.5714 -5.7873
000561 0 1 1 -23.0543 4.1284
000031 0 1 1 -3.9648 11.4293
300181 0 1 1 -29.4285 56.0976
002176 0 1 1 -39.3365 42.4606
000829 0 1 1 -39.7239 11.2628
600410 0 1 1 -22.561 2.0501
000732 0 1 1 23.2558 11.9792
002604 0 1 1 -25.1928 9.5935
000043 0 1 1 59.6529 -20.648
601113 0 1 1 -13.6865 -10.8865
002169 0 1 1 -15.1463 -4.91
002168 0 1 1 -21.444 5.3811
600648 0 1 1 15.1153 -4.5198
600063 0 1 1 -5.0179 13.0127
000723 0 1 1 -13.1557 -20.9868
000727 0 1 1 -10.9504 -19.7347
002613 0 1 1 1.2389 -18.1624
600262 0 1 1 14.4152 -5.7518
300326 0 1 1 -13.6463 9.5783
002374 0 1 1 9.8099 20.0913
002286 0 1 1 -7.6019 10.66
600478 0 1 1 -18.8291 32.7735
002622 0 1 1 -26.1107 3.1173
300209 0 1 1 -14.1277 9.3926
300334 0 1 1 -25.4337 -200.0
300029 0 1 1 -33.8013 -12.8628
002361 0 1 1 -4.8406 6.1404
600717 0 1 1 -2.8822 0.6369
002101 0 1 1 -14.1684 -1.0163
002103 0 1 1 0.6832 -1.9031
600668 0 1 1 -15.0673 38.7283
600665 0 1 1 5.5276 19.1022
002032 0 1 1 -1.1962 -7.925
002636 0 1 1 -12.6866 -4.1716
000507 0 1 1 -10.4205 -6.6094
600871 0 1 1 -9.9111 3.1818
002139 0 1 1 -5.6075 -10.3164
600677 0 1 1 -10.4762 1.2048
600295 0 1 1 -9.8377 -17.7953
600346 0 1 1 -9.4521 -10.6487
600844 0 1 1 -11.5108 -21.5182
002122 0 1 1 -14.5511 0.3625
002126 0 1 1 -9.2357 0.0563
601268 0 1 1 delist
