601318 210 119 329 32.8107 2.5916
600048 170 136 306 38.1439 8.1081
000858 136 143 279 1.3163 -9.6419
000002 163 112 275 19.2771 3.1768
601601 144 120 264 17.3543 3.894
600837 153 110 263 29.9595 -6.3211
600030 165 97 262 30.0721 -13.6889
600519 129 130 259 23.7196 1.4219
601166 116 125 241 6.3593 1.0492
600383 149 86 235 32.2182 1.6427
600036 81 152 233 -4.5719 7.3237
600016 90 128 218 6.8132 6.7029
600104 109 102 211 1.0608 -11.5144
000651 117 75 192 20.5899 -13.5068
000568 93 92 185 13.4316 -4.1131
002024 91 87 178 1.0677 -18.9241
000157 115 62 177 30.4291 -19.1377
600887 86 88 174 1.8423 11.6393
000024 97 75 172 37.4225 7.5269
600585 86 86 172 -3.2486 -9.0116
600000 62 105 167 -0.6684 -0.5855
000527 78 82 160 delist
600015 62 95 157 -13.6147 11.0781
601628 84 71 155 5.1939 19.6744
601699 75 76 151 0.1126 -27.5094
601088 58 83 141 -7.9234 -0.0395
000069 86 54 140 17.1186 11.7371
000401 69 70 139 -15.6569 4.4486
000423 56 81 137 -6.8452 3.5189
000895 65 70 135 -10.7672 7.6154
600031 78 53 131 11.0048 -12.9771
600518 65 62 127 37.9966 -20.7067
600376 67 58 125 39.7724 11.5116
601336 68 55 123 22.8561 5.4085
600123 43 72 115 -5.9329 -10.2493
000063 51 61 112 -17.3964 -10.582
000937 62 47 109 -7.9181 -28.5896
600406 49 58 107 -9.8567 -10.8062
000001 40 67 107 -2.7582 -2.8055
601669 51 41 92 6.846 -22.3909
000538 44 46 90 12.1622 -6.1947
600395 54 36 90 30.1695 -32.3838
601006 37 52 89 -5.7641 4.0446
600809 45 43 88 20.1913 -12.5727
601009 27 58 85 -4.9947 14.2857
600066 47 38 85 6.3029 20.1625
600050 31 53 84 -29.0076 2.3438
600028 43 40 83 -9.6678 3.6075
600111 41 41 82 110.691 -31.5818
600549 46 35 81 47.9946 -25.4335
002304 48 32 80 26.2978 -5.1691
002241 46 33 79 52.0417 3.9411
600694 36 42 78 1.4255 -17.2139
600739 36 40 76 26.9325 -17.2391
600875 26 47 73 -22.4578 2.8482
601169 38 34 72 5.2802 0.5417
600535 40 31 71 6.058 5.7489
600060 38 33 71 41.4983 -2.623
600079 39 31 70 20.3425 -10.2886
000776 38 31 69 42.0476 -31.8182
000630 35 33 68 15.3637 -13.5733
000338 39 29 68 -5.746 -15.4589
000983 38 29 67 8.1956 -31.4876
601398 33 33 66 -2.1071 6.5327
601668 38 27 65 17.5657 -13.9053
600199 42 23 65 68.9252 -18.1768
000528 36 27 63 8.7018 -31.7145
600702 34 29 63 117.9796 -9.076
600690 26 37 63 33.146 -2.7233
600348 30 33 63 0.7905 -37.2208
000869 27 33 60 -17.6299 3.145
300070 33 27 60 22.8149 11.5054
002236 38 22 60 24.3474 16.4866
000581 26 34 60 -23.6556 10.0245
601808 30 30 60 15.1598 -2.621
002415 35 24 59 27.4984 8.2033
601288 26 33 59 3.9756 6.5041
600011 45 14 59 21.4891 27.0784
600276 23 35 58 7.6235 1.3076
002146 34 24 58 25.1147 19.0798
000799 31 27 58 122.8839 13.0832
601688 41 17 58 36.1106 -21.4859
600153 30 27 57 12.2257 -13.9001
600741 30 27 57 0.0262 -9.7466
002073 19 37 56 -44.5247 -16.7767
600362 30 25 55 9.0287 -17.1013
600547 31 24 55 16.1604 -26.9617
600141 25 29 54 22.2635 -18.8509
601717 19 35 54 -6.3558 2.5095
600742 34 20 54 -1.3409 -27.352
600266 33 21 54 22.5989 7.6455
600208 30 23 53 20.7602 -9.2838
600805 22 30 52 -23.0977 -16.8471
600859 26 25 51 -14.7929 -16.5974
600143 22 29 51 -24.0106 -14.3709
601788 35 16 51 31.5451 -15.2824
601328 23 27 50 3.5079 0.0
600489 30 20 50 22.9012 -21.4093
600309 23 27 50 8.0005 -18.9189
600267 21 29 50 -11.4226 -3.6104
000656 20 30 50 -8.8983 -3.2787
000961 30 19 49 47.981 9.4928
000650 21 28 49 7.6894 -12.591
000596 20 28 48 10.4135 0.3853
000783 31 17 48 27.2727 -18.9342
000562 28 19 47 delist
002081 30 17 47 62.2295 -8.717
600720 32 14 46 16.7134 -23.0313
600795 28 18 46 0.5871 22.9075
600256 21 25 46 17.8134 -9.6576
601117 25 21 46 1.2281 -18.6876
600157 19 26 45 25.8864 0.069
002038 22 23 45 -1.9787 1.5456
600637 16 28 44 -12.9568 29.9655
002007 23 21 44 -1.7193 12.963
002375 25 18 43 70.1068 -25.882
000998 21 22 43 4.0371 -8.3777
002106 20 23 43 20.887 -32.0081
600498 23 20 43 -1.3945 -3.5244
601888 19 24 43 7.9848 6.5827
000999 23 19 42 26.3006 -7.2386
600582 22 20 42 -21.8919 -0.7511
000402 23 19 42 9.5853 -0.8197
600970 17 25 42 -9.4886 -32.9362
000800 23 19 42 22.7119 -22.6399
600271 16 24 40 -2.7649 -26.4717
601766 20 20 40 5.3118 -3.9911
002638 20 20 40 17.6092 9.772
000926 27 13 40 31.9209 -11.3892
600068 16 24 40 -13.9906 -3.8702
000629 15 24 39 4.7771 -21.6958
000625 28 10 38 29.1005 -12.297
600366 23 15 38 39.9865 -22.2339
002230 17 21 38 -15.2168 17.4497
002482 24 14 38 18.9147 -6.4683
600588 15 23 38 3.751 -18.8824
000792 13 25 38 6.1584 -26.3364
300027 19 19 38 1.2079 3.8083
002029 24 14 38 18.721 0.5985
600312 15 23 38 -16.1677 1.5815
002353 17 21 38 39.098 8.5271
600750 22 15 37 -2.6615 25.27
600315 19 18 37 14.4324 11.9908
600546 19 18 37 -12.4552 -12.5811
600125 17 20 37 -7.9719 -2.7254
000422 22 15 37 -0.3482 -8.3593
000728 29 8 37 29.5081 -14.5729
600166 13 24 37 25.2911 -21.8035
600999 29 7 36 14.0472 -10.3873
002594 17 18 35 -12.8947 18.1347
600594 22 13 35 18.5522 2.7557
002155 20 15 35 35.7612 -23.7172
600583 19 15 34 11.3916 -6.9374
000417 13 21 34 -11.1819 -21.2813
000933 15 19 34 -0.5782 -35.5199
600298 13 20 33 -15.8356 -7.1947
601918 24 9 33 9.7035 -6.8619
002293 16 17 33 0.9487 -9.6386
000826 19 14 33 9.4747 1.6129
002385 19 14 33 20.3636 -5.2202
000540 19 14 33 15.8556 -13.4511
600600 14 19 33 14.0681 1.2704
000718 22 11 33 54.5802 -24.058
600893 16 16 32 -3.8179 -2.0893
000876 14 18 32 -10.5672 -12.987
300146 13 19 32 74.3919 14.6094
601857 18 14 32 -5.4117 -1.3171
600138 17 15 32 19.3891 11.0619
600559 14 18 32 37.0139 -22.2181
601377 19 13 32 13.7812 -30.5452
000012 23 9 32 1.2649 -35.9264
600801 13 19 32 -0.6563 -26.4587
600858 15 16 31 8.2355 9.7315
600325 20 11 31 19.1622 -13.4132
600827 13 18 31 -0.5277 -27.1154
600009 8 23 31 4.085 3.7288
600176 16 15 31 14.5369 -33.2305
600881 19 12 31 16.0338 -17.7083
000729 18 12 30 9.6786 -8.356
000616 19 11 30 14.6609 -12.3288
002123 11 19 30 -30.3735 -17.5253
000970 16 14 30 98.4992 -21.5771
600010 12 17 29 19.0033 -25.8993
002063 16 13 29 12.5124 -10.6428
000963 16 13 29 13.4485 5.384
600369 20 9 29 31.0545 -14.2526
601566 14 15 29 33.2794 -11.2355
600900 12 17 29 6.9182 1.5974
002277 8 20 28 1.6966 -21.1597
601299 15 13 28 delist
002431 16 12 28 6.8824 -24.2006
000888 17 11 28 17.5842 10.2225
600019 13 15 28 -7.0532 -4.902
601939 13 15 28 -2.3824 3.1818
600337 12 16 28 -29.9676 -20.5341
600239 15 13 28 32.5442 -8.5227
601555 13 14 27 35.6947 -10.6122
300058 10 17 27 10.9031 22.6721
002457 15 12 27 -1.0886 -18.5185
002456 17 10 27 60.2806 2.0374
601866 18 9 27 4.1152 -16.4948
002422 15 12 27 8.0491 -25.8246
300115 13 14 27 -2.0456 14.9371
600458 14 13 27 14.7038 -19.5033
002157 18 9 27 11.5189 -1.3416
000877 13 14 27 -14.6277 -8.0659
000623 10 16 26 11.4726 -23.2593
000039 13 13 26 6.8658 -18.0485
600557 9 17 26 0.8778 3.7377
600177 15 11 26 -5.4243 1.4054
601898 8 18 26 -11.9307 0.6704
000400 12 13 25 -18.5727 -18.0085
600027 14 11 25 28.5276 18.9781
600521 14 11 25 38.49 -20.6349
601998 12 13 25 -0.9901 -4.8815
002310 15 10 25 34.9687 -3.0726
600085 18 7 25 24.3763 2.7086
600340 15 10 25 70.4405 -9.73
002069 12 13 25 -13.5353 -3.6107
600570 17 7 24 12.7192 -11.0465
002142 13 11 24 11.2726 -1.2931
600109 15 9 24 46.1049 -15.8609
002477 16 8 24 65.9488 -19.0292
000049 14 10 24 69.63 -19.3411
600067 13 11 24 48.4967 -11.0949
000028 14 9 23 40.1543 -14.1881
002325 10 13 23 50.655 -1.9802
601333 9 14 23 -16.4773 9.6573
600703 18 5 23 27.4708 -15.4679
002001 11 12 23 10.465 -10.0229
002344 9 14 23 16.3977 -4.0695
002400 10 12 22 6.1182 21.8959
600778 11 11 22 16.6498 -18.587
600511 15 7 22 17.2661 -24.8276
002535 11 11 22 -6.9975 -29.6815
600729 7 14 21 -11.6468 -21.1358
601633 15 6 21 51.59 -3.9326
600587 13 8 21 -10.5999 9.7475
000789 8 13 21 26.8253 -25.2137
600223 12 9 21 12.2056 -29.4562
600422 10 11 21 27.2109 5.7692
600467 10 11 21 -22.6915 -16.5312
002055 5 15 20 -30.3156 14.9826
300079 11 9 20 1.6848 16.0169
002244 10 10 20 28.7454 -9.219
000960 11 9 20 11.3089 -24.8523
002099 8 12 20 15.4013 -5.9356
600697 9 11 20 -14.1839 1.5238
002475 11 9 20 19.216 -4.3574
600418 9 11 20 -6.977 -29.4675
601992 15 5 20 -20.9275 -23.6842
600196 11 9 20 21.9574 -8.6631
002430 9 11 20 -26.435 -3.4052
300124 10 10 20 -23.254 -22.737
000425 10 10 20 0.8439 -21.8681
600188 7 13 20 -15.23 -22.979
600581 9 10 19 -7.5327 -27.1186
000100 13 6 19 12.9187 -13.2075
002140 12 7 19 -15.8105 -3.6851
601901 12 7 19 23.3941 -35.9447
600660 12 7 19 2.3815 -11.2832
002635 13 6 19 56.4782 5.2281
600259 13 6 19 72.9085 -30.5085
600388 8 11 19 7.4251 1.4537
600426 9 10 19 -2.1192 -18.4665
000848 12 7 19 24.2038 -11.3551
002041 3 16 19 -27.0316 13.9785
000686 11 8 19 38.2258 -28.7766
600261 10 9 19 4.4755 3.5457
002223 9 10 19 -7.3842 -15.5242
300251 6 12 18 -13.9049 -1.8905
300171 8 10 18 -1.3931 -11.0
000666 8 10 18 32.3944 -18.1738
002065 10 8 18 0.6346 12.0935
601933 9 9 18 -9.4689 16.4093
000522 8 10 18 delist
002028 11 7 18 -9.8222 -13.4078
000671 11 7 18 42.9921 1.6
600880 6 12 18 -18.455 1.7227
000680 9 9 18 -0.1722 -28.1025
002129 9 9 18 23.5577 -23.1905
600029 9 9 18 -2.7426 -26.1682
002152 8 10 18 -0.2052 -16.5171
000060 9 9 18 4.7388 -20.3291
600354 7 10 17 -38.2991 5.0703
300105 10 7 17 -3.9982 3.3448
600403 6 11 17 -14.4901 -13.4198
300020 5 12 17 -14.4681 -11.985
002583 8 9 17 -13.453 -9.7345
601666 9 8 17 -2.5052 -24.5539
600888 8 9 17 -5.5832 -33.7047
000661 5 12 17 35.0286 -10.4859
300005 12 5 17 26.0668 7.7791
300039 9 8 17 10.4912 -12.3207
600098 7 9 16 1.5067 18.1197
002450 7 9 16 12.2033 6.5666
601988 8 8 16 1.8194 2.4561
601989 8 8 16 2.6523 -23.7313
600096 5 11 16 -10.8871 -25.1132
002179 4 12 16 -15.7559 -23.0047
600252 6 10 16 4.1303 -15.3785
601928 10 6 16 3.8275 -29.511
600779 6 10 16 15.2422 -3.8795
600195 6 10 16 -1.6148 -6.3715
000887 5 11 16 -24.734 -0.3534
601800 10 6 16 -27.7778 -200.0
601607 7 9 16 -3.7004 -23.6915
000750 4 12 16 178.9775 -32.7503
600183 9 7 16 -3.4268 -15.7526
600021 11 5 16 16.2791 13.9759
000009 6 10 16 -8.2569 -32.2139
002299 6 10 16 -0.4487 -4.6302
002056 6 9 15 0.5521 -25.7611
002025 3 12 15 13.8018 15.0
300088 9 6 15 62.5526 -15.7071
600537 5 10 15 -30.0148 -25.4044
300241 8 7 15 -9.8825 -4.902
601311 6 9 15 3.0093 -16.6893
002327 10 5 15 15.6525 0.2549
600502 5 10 15 -5.5703 11.9167
000550 7 8 15 6.8034 -0.7448
601100 10 5 15 0.1586 -29.7309
601991 8 7 15 9.1085 16.7378
002503 8 7 15 34.364 -3.3385
000807 8 7 15 20.2781 -30.9958
000860 10 5 15 15.9761 -12.4531
600835 6 9 15 10.0883 -29.4484
600303 5 10 15 -20.9179 -16.2679
600118 5 10 15 -19.5413 2.0
600115 10 5 15 10.0 -19.8312
000061 5 9 14 -5.6239 -17.7729
000968 10 4 14 7.5419 -28.75
002269 6 8 14 -3.7392 -4.5922
600967 10 4 14 8.3383 4.5455
002474 7 7 14 8.5667 9.643
000927 6 8 14 19.9673 -16.7575
002603 5 9 14 -6.4276 0.235
000780 8 6 14 2.4903 -27.157
000786 8 6 14 20.9985 -16.2577
600056 6 8 14 8.9366 -2.2694
600517 6 8 14 -19.7568 20.5738
000861 8 6 14 15.6228 2.6726
601899 6 8 14 1.5707 -11.9816
002405 6 8 14 -27.9973 -13.9674
600062 7 7 14 22.3077 -19.9179
002086 3 11 14 -9.382 -3.7037
000537 8 5 13 34.3925 1.518
600528 6 7 13 38.8748 -16.8634
300101 4 9 13 -9.7261 4.7129
600240 4 9 13 20.3753 -16.1798
002205 8 5 13 -1.5976 -26.0428
002369 6 7 13 -22.7167 1.4007
002285 8 5 13 32.9385 -36.4045
002296 7 6 13 32.7439 -41.5
600415 3 10 13 0.6439 -11.0102
600059 10 3 13 36.3804 1.1561
002612 12 1 13 29.7356 -21.1283
000501 6 7 13 -2.4262 -9.7099
600723 2 10 12 -13.9344 -18.5309
300253 6 6 12 2.116 48.258
002281 3 9 12 -30.0433 -4.7423
600655 4 8 12 -5.1673 -10.1822
000639 5 7 12 -28.1025 -12.1147
002485 3 9 12 -14.9753 10.1566
600584 6 6 12 -8.9184 -20.8709
000566 5 7 12 -4.8793 -18.84
300267 8 4 12 60.5152 -8.9529
601718 4 8 12 -7.6023 -14.1844
002037 5 7 12 19.125 -10.0094
600058 6 6 12 2.7628 -6.8056
600425 4 8 12 -0.1688 -15.3571
600292 5 7 12 6.3352 -0.4789
002387 5 7 12 8.3763 -0.3316
002266 4 8 12 -10.7305 -5.3102
600642 6 6 12 2.7257 9.2857
600397 7 5 12 4.6802 -4.1137
603001 9 3 12 13.7844 -200.0
002156 7 5 12 -3.1579 -35.6369
002154 5 7 12 15.1182 -10.3709
300216 3 9 12 -36.948 -6.0313
600787 6 5 11 11.497 -13.4553
002051 6 5 11 24.681 7.2881
300170 7 4 11 -5.4672 6.4553
300077 3 8 11 -26.2024 20.5793
002484 5 6 11 -16.1315 -25.2436
600612 5 6 11 -1.341 -9.751
002564 5 6 11 6.5502 -33.0801
000919 6 5 11 5.3817 -9.4104
002429 10 1 11 50.0906 -15.4696
600216 4 7 11 26.4454 -24.055
600288 4 7 11 6.4407 -27.2503
601106 5 6 11 -0.4302 -20.1005
000513 8 3 11 38.5289 -9.3487
600251 5 6 11 1.0637 -20.9233
601101 4 7 11 -1.2687 -31.9199
600675 5 6 11 38.4176 -24.0326
000046 5 6 11 3.4722 23.0769
002185 6 5 11 19.8324 -20.356
002004 8 3 11 33.9346 -18.2299
300059 6 5 11 -1.2581 -2.2426
601111 6 5 11 -3.4537 -18.9567
600770 4 7 11 -27.9347 -1.9692
002167 7 4 11 31.7305 -22.9947
600260 5 6 11 112.7737 -15.5624
002089 5 6 11 -3.4278 -17.0841
600597 6 5 11 5.7169 9.4132
600765 6 5 11 -13.6566 -11.7357
600335 6 5 11 -13.4281 -9.7044
600332 6 5 11 75.3014 6.3968
600436 3 8 11 19.5536 21.5808
000878 4 7 11 11.1801 -8.7302
002273 2 8 10 17.6354 -2.6221
601010 4 6 10 -1.1458 -16.3961
002376 7 3 10 3.658 0.3191
000823 6 4 10 75.6927 -43.4473
000598 5 5 10 -0.2881 2.0988
601919 5 5 10 -0.8547 -24.1491
002410 4 6 10 13.2198 -3.7307
600816 6 4 10 23.5688 -17.5858
300144 3 7 10 -14.1124 27.4559
000811 2 8 10 -24.1018 -11.3584
600785 4 6 10 -19.7547 1.8742
600563 1 9 10 -1.2913 -21.0163
000778 3 7 10 11.6152 -21.6912
002216 6 4 10 -20.3451 -11.6499
601798 3 7 10 0.42 11.711
600197 7 3 10 52.3026 -18.4987
002005 4 6 10 -0.0672 4.4
600456 4 6 10 3.235 -29.3798
601727 5 5 10 -10.5882 -15.5629
600993 4 6 10 0.4271 0.2319
002345 8 2 10 -9.1113 -2.9963
002436 4 6 10 -1.7078 -12.514
002013 4 6 10 6.5025 -16.283
002501 4 6 10 12.0398 -18.9323
600724 5 4 9 25.4091 -14.0903
600257 4 5 9 19.2616 -18.9857
000026 6 3 9 -16.4384 -16.8782
600352 3 6 9 1.8477 -27.7778
601001 5 4 9 -9.9507 -25.353
600329 7 2 9 32.5134 -0.7431
600976 4 5 9 33.5446 -3.6966
300257 2 7 9 -3.4943 -6.118
600815 5 4 9 15.2377 -36.612
300026 6 3 9 44.9079 -0.5173
000635 5 4 9 -22.0553 -17.4821
600863 9 0 9 -4.8193 6.9588
000592 3 6 9 41.6534 -27.2464
002195 5 4 9 -5.5175 6.6959
000969 2 7 9 -25.5861 -8.8106
000917 4 5 9 -2.5994 5.5717
002582 1 8 9 -29.3167 10.1695
000690 8 1 9 46.3237 -24.8768
300182 5 4 9 -1.7402 0.8894
600280 4 5 9 25.809 -1.8046
002397 5 4 9 -19.4074 -7.714
002050 4 5 9 -9.9879 -11.7021
000415 3 6 9 15.0869 -29.9513
600704 6 3 9 13.648 -14.5969
600686 4 5 9 -6.1516 -5.5405
300273 5 4 9 9.6275 -23.1151
002161 1 8 9 -10.4645 -4.453
600491 4 5 9 10.3879 10.3175
600761 2 7 9 3.3638 -18.0354
002656 6 3 9 28.1223 -200.0
601369 3 5 8 -16.7246 2.7803
600150 2 6 8 16.4109 -17.12
000539 8 0 8 25.0 14.0389
300291 4 4 8 3.9172 -200.0
002233 5 3 8 0.4014 -18.6147
002481 2 6 8 44.2626 -15.4475
002419 3 5 8 -23.354 -16.7453
002092 3 5 8 3.2801 -20.8245
600101 4 4 8 22.0715 -30.2817
600100 3 5 8 -3.1413 10.971
600322 4 4 8 13.328 -15.748
000563 5 3 8 35.8797 -17.6136
600108 2 6 8 0.6122 -6.4885
600716 3 5 8 -1.3834 5.4167
002104 5 3 8 1.3001 -8.5233
002292 3 5 8 -15.8567 45.2601
002294 7 1 8 35.7132 -24.6814
002589 6 2 8 27.2486 0.0385
300187 3 5 8 4.9088 0.9781
300064 4 4 8 -1.2982 -14.3965
600823 2 6 8 5.0718 -13.3499
002255 4 4 8 -13.8933 10.6662
002177 2 6 8 1.4711 -8.9404
300017 5 3 8 24.9337 7.0674
600481 2 6 8 -1.1668 -25.5298
600416 4 4 8 -2.1469 -31.0621
300159 4 4 8 -16.4102 -4.4628
300015 2 6 8 -15.3468 17.6887
300156 5 3 8 7.8435 -3.3207
601098 4 4 8 7.2663 -2.9001
002138 4 4 8 25.2454 -15.3374
300274 2 6 8 -17.039 -21.0829
600831 4 4 8 -19.3463 0.8073
600839 3 5 8 -1.4019 -17.6923
002261 2 6 8 -24.077 29.717
600636 4 4 8 -5.3327 -20.0938
600496 4 4 8 -3.669 -24.3243
000059 3 5 8 5.2134 -15.3675
000430 3 5 8 -0.9424 8.3995
002298 2 6 8 27.5093 -2.6616
600187 0 8 8 -12.4373 -22.352
002271 6 1 7 11.1111 -0.0816
002283 1 6 7 -23.7162 -18.7405
600373 5 2 7 -8.4528 20.8241
002458 4 3 7 24.6473 -12.2628
002470 6 1 7 4.2379 -21.6249
300104 4 3 7 58.9746 28.371
002091 2 5 7 -17.0767 -7.3099
600978 4 3 7 29.0523 -23.5537
002465 4 3 7 -0.1053 -7.2858
601139 1 6 7 10.24 5.9104
600664 2 5 7 -10.0955 -20.671
002033 5 2 7 9.9094 0.5181
000989 6 1 7 65.0375 -0.4936
300068 1 6 7 -2.3554 -26.25
002320 3 4 7 7.131 11.5441
600736 4 3 7 29.8061 -11.67
002254 2 5 7 -0.9649 -33.2553
002250 3 4 7 19.3521 -8.394
000551 3 4 7 -10.1152 -29.17
300300 6 1 7 10.6488 -200.0
300301 6 1 7 3.9887 -200.0
002249 2 5 7 -4.1571 -7.2005
000521 2 5 7 1.8059 -26.412
002214 2 5 7 -50.0264 -7.4707
600707 5 2 7 -7.6443 -26.1521
300228 4 3 7 18.3292 7.5297
601588 5 2 7 4.3956 -8.0808
600117 3 4 7 -14.2857 -29.085
600460 3 4 7 0.757 -25.358
600461 1 6 7 -3.7566 -16.7518
600674 5 2 7 11.5603 -4.9236
300198 5 2 7 4.976 -20.9479
300298 5 2 7 47.6206 -200.0
600088 3 4 7 -18.4735 13.6364
600497 4 3 7 8.7061 -27.8299
600495 2 5 7 -4.2266 4.5113
600997 3 4 7 -5.2907 -32.8916
600089 1 6 7 -10.9498 -25.2191
000979 4 3 7 37.8844 -6.3574
000665 5 2 7 18.6067 12.8358
002014 5 2 7 9.8155 -6.9767
600331 2 5 7 -3.3654 -32.1923
600802 3 4 7 -8.6379 -19.4274
600132 0 7 7 -23.4598 -54.6975
002572 2 4 6 -4.2949 5.69
000090 3 3 6 16.5983 -22.4236
600895 2 4 6 26.215 -21.5029
002389 2 4 6 10.8833 -7.102
600790 3 3 6 16.8104 -16.7155
600372 3 3 6 18.7459 -19.2538
600377 3 3 6 3.1634 7.3585
600572 6 0 6 52.5337 -29.5115
300072 4 2 6 35.236 -2.5949
002672 4 2 6 42.3402 -200.0
002480 3 3 6 -15.786 -28.3651
600616 4 2 6 53.313 -3.9959
300207 4 2 6 13.5736 -7.2696
000543 4 2 6 39.0062 -8.3485
002094 1 5 6 -10.5556 -39.1892
002662 5 1 6 0.0468 -200.0
002460 3 3 6 24.7509 -20.3377
002567 5 1 6 33.7889 -4.1306
600327 1 5 6 -15.6366 -5.4974
002039 4 2 6 14.2857 -8.125
000590 3 3 6 59.1154 -11.7143
002396 4 2 6 16.3435 5.8111
600316 2 4 6 -21.7417 -23.9031
002671 4 2 6 13.4055 -200.0
300302 4 2 6 6.9042 -200.0
000957 3 3 6 -4.9608 2.2697
601002 2 4 6 9.5189 -10.367
601238 5 1 6 -16.3043 -200.0
600673 2 4 6 21.7687 -36.964
000516 1 5 6 -8.6017 8.3516
002438 2 4 6 35.1649 -7.3469
600246 4 2 6 16.748 -14.6667
300054 4 2 6 26.3125 -18.686
002311 4 2 6 31.3513 8.2067
000885 2 4 6 22.0962 -6.6102
000559 1 5 6 -6.5362 -19.7163
600886 6 0 6 9.4758 -0.9967
600633 3 3 6 4.831 6.9733
000636 2 4 6 15.8059 -18.0769
000407 2 4 6 62.0419 -30.7971
600998 4 2 6 28.7777 -7.8083
002445 4 2 6 -14.1249 16.8893
300090 3 3 6 43.3088 -4.99
300096 2 4 6 -15.7196 3.054
600469 3 3 6 17.4175 -32.5355
000726 3 3 6 -3.9543 -20.77
000725 5 1 6 11.6959 -19.3396
300002 3 3 6 0.2511 -32.6696
002341 3 3 6 10.5854 -15.051
002340 2 4 6 37.7483 -12.3201
600160 2 4 6 -17.4571 -4.3416
600763 1 5 6 3.9848 14.94
002153 4 2 6 1.525 -9.4681
300043 4 2 6 -4.0309 4.264
002658 4 2 6 -13.8662 -200.0
002653 5 1 6 56.6252 -200.0
002306 4 2 6 46.63 -9.9099
300136 3 3 6 -10.6117 -17.4249
600804 3 3 6 2.2375 -16.6428
300134 2 4 6 -30.0 -27.9476
601126 3 3 6 -6.9832 -15.4944
300133 4 2 6 -23.6782 27.0651
600586 3 2 5 -6.5126 -13.4545
002573 3 2 5 -18.0163 0.6364
601636 5 0 5 13.4514 -26.2881
002115 1 4 5 -3.2091 -20.6762
000027 5 0 5 7.6035 -1.454
601258 3 2 5 -0.3667 -43.2447
600077 2 3 5 49.172 -4.2683
000536 2 3 5 40.3604 -27.1739
300086 4 1 5 -19.4319 -5.7045
300306 3 2 5 0.9355 -200.0
300074 1 4 5 -13.9161 -1.5803
300102 1 4 5 -6.2479 -42.8941
000880 2 3 5 4.6932 -27.8509
002414 2 3 5 -16.1553 9.0374
002144 3 2 5 4.5907 1.8939
002068 3 2 5 25.9191 -22.6174
600106 1 4 5 5.9034 -9.1384
002466 2 3 5 17.79 -21.8387
002563 1 4 5 -28.32 -24.8266
300245 1 4 5 -20.6934 5.7915
603366 3 2 5 -3.8385 -200.0
002663 5 0 5 15.9487 -200.0
300062 3 2 5 14.4059 -17.8047
300087 1 4 5 -23.7246 16.0726
300083 2 3 5 -7.2056 -22.0548
300119 2 3 5 11.8699 -8.3096
002557 3 2 5 7.4121 9.7186
002251 3 2 5 21.3939 -11.6229
600386 2 3 5 3.2698 -10.8141
600486 4 1 5 25.7074 -14.6698
300309 4 1 5 -4.7403 -200.0
300157 4 1 5 -22.5278 -37.439
000608 2 3 5 33.9426 -3.2828
300113 3 2 5 -11.6761 25.1901
002008 1 4 5 -1.3963 -25.0286
600516 2 3 5 -2.5114 -37.5178
300197 4 1 5 29.1913 -13.5495
000762 2 3 5 7.9089 -20.016
601118 2 3 5 1.0294 -20.9302
002262 3 2 5 23.1201 -0.3155
000951 2 3 5 -0.0891 -23.6352
002045 1 4 5 -18.1617 -22.5718
002049 3 2 5 20.016 2.6563
600643 3 2 5 28.9063 -21.7604
300006 3 2 5 -7.8899 -17.1853
002221 2 3 5 7.7018 -29.2279
000758 2 3 5 10.5611 -21.2883
600596 4 1 5 -3.8741 -33.1276
002408 3 2 5 8.5665 -33.4672
002017 3 2 5 -6.9479 -3.125
600527 2 3 5 13.3705 -11.054
300190 2 3 5 -11.7033 -8.2828
002159 4 1 5 -5.2381 1.7301
300217 1 4 5 -8.3477 -10.0
300285 4 1 5 28.5839 -200.0
000715 1 4 5 -6.9767 -27.1694
300032 4 1 5 34.0595 -44.829
000987 0 5 5 -13.2322 -16.7282
600828 0 5 5 -7.6087 -15.6469
601208 0 5 5 -20.6976 -15.4122
000602 0 5 5 delist
600172 0 5 5 13.0915 -26.686
002006 0 5 5 -32.2386 -15.0754
601000 0 5 5 8.7219 -1.5924
000759 0 5 5 -11.9527 -23.0419
002011 0 5 5 22.0976 -29.0503
601886 4 0 4 30.3244 -27.967
002110 2 2 4 -16.3304 -13.2927
002116 2 2 4 30.1205 -4.3855
600657 3 1 4 20.2157 -24.4939
000918 3 1 4 -1.0309 -16.5591
600983 2 2 4 15.627 -28.5128
002454 2 2 4 15.6723 -26.7384
600360 2 2 4 -1.4512 -14.7679
300075 3 1 4 2.6786 -0.885
002334 1 3 4 13.0539 -42.1065
601008 1 3 4 14.9633 -24.4755
002242 1 3 4 -3.9988 -14.3014
002052 1 3 4 25.6443 -26.4455
600975 3 1 4 5.5556 -13.2075
600718 2 2 4 5.774 -5.6779
002546 2 2 4 -1.5686 8.494
002421 1 3 4 18.7203 1.1919
300010 3 1 4 -10.6175 -19.5798
000988 2 2 4 7.0762 -11.7364
002322 2 2 4 -3.52 -18.4313
600238 2 2 4 36.7021 -17.3626
002551 2 2 4 10.0867 -17.2589
002394 2 2 4 -14.5901 -2.8234
600026 1 3 4 -13.2458 -12.813
600487 2 2 4 19.2233 -26.9941
002511 1 3 4 -11.6624 5.5928
000418 1 3 4 1.1172 -27.0017
002673 4 0 4 15.8621 -200.0
300226 3 1 4 -3.7348 8.2405
600169 1 3 4 -7.4692 -16.6911
002358 3 1 4 25.6445 4.3388
001696 2 2 4 0.1434 11.3553
600879 1 3 4 -4.0195 -10.8578
600685 1 3 4 2.0055 0.347
002508 4 0 4 11.6357 5.4605
601872 3 1 4 11.7641 -12.4242
600173 2 2 4 21.372 -12.6728
600054 2 2 4 0.5387 -6.8966
600221 3 1 4 11.5429 -21.9512
002646 1 3 4 79.3505 -12.4138
002645 2 2 4 21.8588 -12.8245
600295 1 3 4 -15.9901 -25.2525
002313 1 3 4 13.3244 -4.4135
000939 1 3 4 -20.0 -6.6901
002209 3 1 4 8.7678 -13.3646
601233 1 3 4 -25.4902 -12.9176
002368 2 2 4 12.9699 -5.3158
002044 1 3 4 -6.3423 -14.2988
002042 2 2 4 -5.0997 -27.7247
300222 1 3 4 -17.1276 9.9055
600128 2 2 4 8.2401 -16.4826
000935 3 1 4 -7.1341 -11.1475
600396 3 1 4 12.1581 -11.6779
002309 1 3 4 1.3222 -18.2049
300164 2 2 4 11.9619 -11.9612
300007 4 0 4 38.0367 -2.9539
600268 3 1 4 22.2286 -21.4665
002226 3 1 4 7.0404 -16.6667
601877 3 1 4 21.6839 -13.7591
000712 3 1 4 30.0395 -24.9258
600116 2 2 4 -5.1599 7.392
600500 2 2 4 7.9802 -22.0732
600432 3 1 4 7.7048 -27.3424
000893 2 2 4 8.9714 -27.0316
600038 0 4 4 -4.1906 -23.797
000541 0 4 4 -11.4872 -13.7168
600529 0 4 4 -23.2766 -1.9093
002570 2 1 3 -16.0417 -11.2754
000626 1 2 3 42.5903 -24.5301
002378 2 1 3 41.2566 -10.8405
002379 1 2 3 -21.2167 12.5856
000972 1 2 3 -29.0393 -28.7714
002054 2 1 3 -21.329 -7.9803
002022 2 1 3 9.8655 -9.4523
000777 1 2 3 13.011 -20.6207
002020 2 1 3 -18.3481 -14.6526
600389 1 2 3 31.0976 -27.6736
000868 1 2 3 35.3285 -23.0337
000997 1 2 3 -6.1922 -4.078
000667 1 2 3 -0.9174 -6.8376
601179 1 2 3 7.5676 -28.9827
002521 3 0 3 0.0412 -20.3378
600479 2 1 3 14.7701 -12.1565
601216 2 1 3 -20.7217 -8.6732
600107 1 2 3 17.2876 -23.3143
600320 2 1 3 -10.2128 -17.2535
600269 1 2 3 1.0194 -2.8133
300004 1 2 3 -11.5729 -10.1099
300332 2 1 3 -4.7575 -200.0
000709 3 0 3 -3.5623 -21.8579
000708 1 2 3 -2.3353 -23.1621
300142 1 2 3 1.4114 -16.7701
600693 1 2 3 6.3912 -22.0339
002202 2 1 3 -17.2903 -22.0322
601908 1 2 3 -26.1997 -31.1842
002565 1 2 3 -19.1394 4.7075
600829 2 1 3 13.81 -5.9853
002398 2 1 3 39.6689 -18.9364
002588 2 1 3 -5.2207 7.4627
600219 2 1 3 7.3376 -17.1466
002010 2 1 3 20.864 -14.2661
300188 2 1 3 32.2143 0.9396
002321 1 2 3 1.7613 -21.4286
601186 1 2 3 17.4142 -12.6728
600749 1 2 3 -3.0039 -17.3739
000503 2 1 3 -5.2202 -9.8529
601616 2 1 3 -26.9899 -24.7498
002079 2 1 3 3.5045 -22.3301
600485 1 2 3 -17.6801 -18.8307
600468 1 2 3 -11.1506 -8.393
300303 2 1 3 -15.3471 -200.0
000735 2 1 3 17.233 -19.2157
600963 1 2 3 -9.8795 -23.4043
000738 1 2 3 -4.8525 -3.0443
600971 1 2 3 5.291 -31.5217
300212 2 1 3 28.7001 -17.7258
600872 3 0 3 22.7818 -22.3464
600499 1 2 3 13.282 -23.9203
002181 1 2 3 -13.5407 3.8973
002183 2 1 3 34.2364 -38.4
002182 1 2 3 -9.3359 -13.1997
600773 2 1 3 11.6552 -32.8005
002439 2 1 3 -17.8783 11.6236
600037 2 1 3 -4.598 -8.4765
601929 2 1 3 -35.3506 -200.0
000797 2 1 3 24.1558 -18.7764
300295 3 0 3 -20.2824 -200.0
300196 2 1 3 9.9318 -17.1594
000900 2 1 3 13.1955 -16.1333
000558 1 2 3 32.4242 -24.6575
000546 2 1 3 2.886 -35.9519
002317 1 2 3 9.4254 -1.3839
300275 3 0 3 12.4877 -13.608
300122 2 1 3 -4.8082 -2.1676
300123 3 0 3 13.292 -27.6256
002547 1 2 3 25.2125 14.536
002268 2 1 3 -28.243 -0.6165
600635 2 1 3 1.5251 -9.2885
002048 1 2 3 -1.5582 -30.0971
002162 1 2 3 30.4729 -37.5956
300229 2 1 3 -15.0989 39.204
600995 1 2 3 1.1696 -21.1073
600310 1 2 3 -3.2435 -7.3519
002085 2 1 3 19.8464 -34.3697
600391 2 1 3 3.4291 -17.4579
600018 1 2 3 2.7027 -13.6667
600449 1 2 3 -3.1829 -15.7669
000837 2 1 3 -6.4301 -28.1431
600543 2 1 3 70.9212 -5.8516
000612 1 2 3 6.8077 -28.4398
601168 1 2 3 -7.7311 -24.4355
002127 2 1 3 -3.4413 -25.6024
002124 2 1 3 -1.8885 -12.3441
002534 3 0 3 0.6147 -26.5587
000050 1 2 3 4.9839 -34.8008
000898 2 1 3 -14.2857 -12.1622
002492 2 1 3 -3.7237 -17.0049
600428 2 1 3 -1.2136 -22.9907
600760 1 2 3 -7.6736 -25.9693
600185 1 2 3 15.5769 -13.7645
002288 1 2 3 44.9507 -8.8292
300219 1 2 3 20.1815 -11.6379
600119 1 2 3 25.5722 -19.5084
600236 2 1 3 5.3005 -12.065
002650 3 0 3 16.5671 -200.0
002655 3 0 3 26.1985 -200.0
002657 2 1 3 -17.998 -200.0
000973 3 0 3 1.1913 -36.3971
600433 1 2 3 21.3616 -2.7242
300323 2 1 3 -10.4418 -200.0
600808 1 2 3 -13.7097 -12.3675
300036 2 1 3 -26.7071 -1.7396
300031 1 2 3 8.5061 -13.2515
600318 0 3 3 -6.6898 -24.3261
002023 0 3 3 -8.0802 -23.6392
600387 0 3 3 0.3286 -17.9695
002417 0 3 3 -24.1918 4.2647
002096 0 3 3 -9.3932 -9.2784
002206 0 3 3 -20.341 -21.5686
300012 0 3 3 22.2066 2.7246
000911 0 3 3 -14.7096 -24.4632
002036 0 3 3 25.7074 -12.3317
002630 0 3 3 0.1268 -29.0598
600525 0 3 3 0.0068 -8.344
300025 0 3 3 -12.9565 -8.4395
002215 0 3 3 -5.1036 -30.602
002003 0 3 3 -14.9883 -25.4677
002434 0 3 3 -1.4329 -22.8994
300022 0 3 3 -35.1397 10.0652
002349 0 3 3 39.1474 -6.6005
600161 0 3 3 -11.2562 -2.0706
600233 0 3 3 16.1324 -28.2641
300048 0 3 3 -21.9355 -9.4926
002528 0 3 3 -11.7726 -31.5163
000411 1 1 2 -13.4221 -21.6064
002574 1 1 2 -23.0429 -5.9374
000413 2 0 2 9.7696 -15.1681
601558 1 1 2 -8.2784 -28.4538
300256 1 1 2 -10.4459 -18.0243
600073 1 1 2 26.7194 -7.4398
600072 1 1 2 14.9515 -25.1091
600375 1 1 2 -4.7835 -27.5372
600987 1 1 2 6.2607 -13.8462
000599 1 1 2 -0.7653 -18.3333
600832 1 1 2 delist
002620 1 1 2 17.0921 -20.2762
600371 1 1 2 -22.6814 57.1185
002239 1 1 2 -23.5763 10.625
000949 1 1 2 -7.1429 -29.6943
600005 1 1 2 -5.2171 -12.4242
300107 1 1 2 2.5569 -28.0952
300100 1 1 2 2.7077 -18.9905
002526 1 1 2 -12.2844 -43.4914
002486 1 1 2 -4.3699 -19.0244
000886 1 1 2 11.254 -16.3978
600755 1 1 2 27.8772 -19.5473
002053 1 1 2 -5.6756 -25.3441
002502 1 1 2 -20.8535 13.8545
002413 1 1 2 14.6401 -25.082
002067 1 1 2 11.5686 -19.4313
600531 1 1 2 18.6098 -23.851
601958 2 0 2 12.9946 -24.0827
600973 1 1 2 -5.3268 -18.2284
002461 1 1 2 20.8556 -28.3525
002469 1 1 2 -7.0228 -17.5809
600022 1 1 2 -25.5072 -3.3613
300003 1 1 2 -2.1088 -17.2017
002568 1 1 2 19.8718 -22.3237
002365 1 1 2 6.774 -7.84
002361 2 0 2 10.143 -15.9563
600370 1 1 2 -1.3052 -25.6757
000519 1 1 2 29.661 -31.0613
300244 1 1 2 -9.2317 2.4942
002512 1 1 2 0.5173 -0.0725
300127 2 0 2 17.4084 0.9611
600662 1 1 2 2.22 -26.4407
000915 1 1 2 28.7288 -9.3702
002035 1 1 2 1.7651 -29.8276
002585 1 1 2 -24.3089 -25.3656
002428 2 0 2 38.0595 -19.0032
002581 1 1 2 7.5325 -19.6509
600565 1 1 2 53.3299 -30.9524
002597 1 1 2 -16.0548 -9.5685
600560 1 1 2 -5.7961 -7.7974
600737 1 1 2 -0.8319 -27.1515
600282 1 1 2 -7.4009 -17.6902
601518 1 1 2 5.3515 -14.1414
600078 1 1 2 18.5718 -35.7143
600820 2 0 2 13.0877 -7.6291
601231 2 0 2 9.0866 -200.0
600883 1 1 2 -13.076 -8.9192
601199 1 1 2 2.9911 1.5106
002550 1 1 2 -12.4338 -11.9721
002558 1 1 2 -0.3998 -7.992
002351 1 1 2 -4.2464 -10.1711
002253 1 1 2 -4.2626 -15.2818
000006 2 0 2 39.2683 -18.9723
300169 1 1 2 -22.8803 -14.5851
000552 2 0 2 29.05 -26.3412
600550 1 1 2 -21.9141 -19.914
000950 1 1 2 31.6038 -22.3443
000731 1 1 2 8.5728 -5.1205
601678 1 1 2 -3.9273 -20.8861
600380 1 1 2 -0.7107 -18.8187
000788 2 0 2 4.7587 -3.8514
002210 1 1 2 31.65 -24.5059
002217 1 1 2 -3.19 -26.506
000603 2 0 2 28.9476 -48.0228
000609 2 0 2 9.7264 -22.4057
000850 1 1 2 24.7706 -25.0344
601799 1 1 2 -3.9394 -28.3097
002135 1 1 2 40.5425 -10.0907
002130 1 1 2 24.2358 -17.9847
002132 1 1 2 -16.6193 -20.9877
600682 1 1 2 18.0409 -16.4875
002330 1 1 2 12.911 -18.4591
600776 2 0 2 -0.7006 0.3781
600598 1 1 2 -11.9334 -22.6786
600052 1 1 2 21.0526 -7.0652
002548 1 1 2 8.3457 -13.8976
000732 2 0 2 25.4864 -19.5618
000584 2 0 2 28.8201 -10.3986
002649 1 1 2 12.6936 -200.0
300195 1 1 2 -0.7658 -1.4672
002643 1 1 2 -8.7498 -8.8845
300297 1 1 2 -25.6617 -200.0
600356 1 1 2 19.7938 -18.0305
000932 1 1 2 -11.5942 -12.381
002381 1 1 2 30.6446 -11.8195
300099 1 1 2 -18.7903 -14.1839
002264 2 0 2 -3.6558 5.3636
600734 1 1 2 1.9444 -31.1663
000631 2 0 2 35.72 -24.2063
300224 1 1 2 13.104 -13.8993
002407 1 1 2 14.7843 -37.3913
600641 1 1 2 2.6432 -22.5256
600307 1 1 2 -7.7128 -21.0084
000426 2 0 2 52.9018 -31.2411
300316 1 1 2 4.5011 -200.0
300313 1 1 2 1.7532 -200.0
002444 2 0 2 -6.3441 -11.2595
300315 1 1 2 -13.0833 -200.0
300094 1 1 2 -10.2102 -24.2321
600862 1 1 2 5.4842 -15.2324
002227 1 1 2 -12.8567 5.4067
600393 1 1 2 46.3529 -29.5191
002128 1 1 2 -2.3881 -23.9932
600695 1 1 2 -8.4149 -18.5008
002538 2 0 2 9.1441 6.5421
600601 1 1 2 -6.6914 -10.0334
600606 1 1 2 71.6776 -16.8478
600278 1 1 2 5.6807 -15.8297
300214 1 1 2 -21.5294 -8.0444
300210 1 1 2 1.2056 1.4717
600505 1 1 2 2.3702 -11.4885
600232 1 1 2 15.7464 -24.6533
600339 1 1 2 -11.0628 -40.4255
300046 1 1 2 -24.9332 -7.4074
002496 1 1 2 -1.4946 -33.3333
002301 1 1 2 15.2252 -16.2896
002483 2 0 2 18.1883 -16.804
000488 1 1 2 -6.6239 -18.75
002384 1 1 2 19.4385 -32.6781
300034 1 1 2 23.6987 -22.5909
300135 1 1 2 21.4137 -0.2421
300130 1 1 2 -24.1904 -2.9126
002060 0 2 2 -3.5155 -14.4751
300258 0 2 2 1.1933 -26.1506
002452 0 2 2 10.218 -17.3141
600475 0 2 2 -3.0697 -18.0442
300174 0 2 2 -13.1765 8.6661
002238 0 2 2 -16.8664 -1.6553
600551 0 2 2 -7.0402 2.9851
000062 0 2 2 19.8276 -16.0637
002440 0 2 2 -10.315 -20.5594
600039 0 2 2 45.1604 -20.5426
300203 0 2 2 -12.659 17.2087
600826 0 2 2 34.3158 -3.9434
000705 0 2 2 38.5417 -12.0073
002308 0 2 2 -2.5638 -3.8033
300024 0 2 2 24.4783 -15.2486
002367 0 2 2 -11.2934 2.4444
600149 0 2 2 44.2731 -29.0625
002190 0 2 2 -5.0822 -6.2388
002032 0 2 2 -15.8093 -14.1829
002122 0 2 2 1.1369 -26.9448
601818 0 2 2 3.1275 -2.3729
000507 0 2 2 24.951 -26.5005
002172 0 2 2 20.9632 -45.4405
600139 0 2 2 21.3646 -28.2632
600962 0 2 2 -0.5736 -17.3776
002604 0 2 2 -3.6249 -9.0378
600168 0 2 2 1.823 -15.204
300056 0 2 2 0.5735 -4.1273
002541 0 2 2 -19.138 -14.4527
600884 0 2 2 -2.7305 -21.883
600885 0 2 2 54.321 -6.7775
002168 0 2 2 15.3083 -25.8634
600086 0 2 2 1.3087 -10.6602
600991 0 2 2 delist
002586 0 2 2 36.2521 -3.087
002448 0 2 2 8.1288 -19.9298
000720 0 2 2 -3.7815 -31.0145
000727 0 2 2 -14.4876 -43.6816
600263 0 2 2 delist
002229 0 2 2 -13.0905 8.9231
002220 0 2 2 -2.7928 -0.7827
000530 0 2 2 -14.2105 -21.4286
002080 0 2 2 -10.6739 -15.6388
600803 0 2 2 -11.8628 1.6965
002012 0 2 2 -19.8909 -9.1304
300218 0 2 2 -25.5799 -9.2105
300041 0 2 2 -15.1873 -27.7693
300037 0 2 2 -11.6971 -9.7381
002275 1 0 1 14.4227 -6.3971
000099 1 0 1 20.3157 -19.4444
600725 1 0 1 -1.8904 -25.8394
300286 1 0 1 -8.6298 -200.0
600961 1 0 1 6.8404 -30.0152
600792 1 0 1 -6.3439 -9.9925
601313 1 0 1 -0.8046 -200.0
002640 1 0 1 19.8844 -28.3793
000531 1 0 1 98.9346 -16.9406
002026 1 0 1 -7.1385 -4.371
600578 1 0 1 15.4046 7.5301
002350 1 0 1 5.3393 2.5054
000993 1 0 1 49.3711 -10.7994
300208 1 0 1 29.1877 -11.753
300177 1 0 1 9.8756 -4.9713
002629 1 0 1 13.4838 -31.3446
600663 1 0 1 9.6286 -10.2219
300071 1 0 1 -6.6744 20.0
002237 1 0 1 27.7614 -22.1286
000669 1 0 1 35.013 8.4507
600552 1 0 1 1.9185 -7.5798
300289 1 0 1 12.748 -200.0
300202 1 0 1 41.5224 13.5849
000564 1 0 1 12.2093 -15.9609
000967 1 0 1 1.2085 -17.6617
000966 1 0 1 22.4852 -16.5432
600699 1 0 1 15.125 -9.9099
002204 1 0 1 -9.4 -0.9346
002084 1 0 1 45.6239 -20.5374
002601 1 0 1 -19.9631 18.3505
600710 1 0 1 -3.5144 -24.6691
002108 1 0 1 12.5732 -12.4396
002107 1 0 1 11.2033 -17.7474
600783 1 0 1 -7.1013 -9.1005
002191 1 0 1 4.6414 3.6066
002197 1 0 1 -11.6908 -22.0633
000525 1 0 1 -5.4099 -14.2239
002031 1 0 1 -1.5177 -8.3462
300150 1 0 1 8.6279 -22.6208
600568 1 0 1 -14.8641 8.0288
002660 1 0 1 -17.3878 -200.0
600218 1 0 1 -3.7884 -11.9018
000982 1 0 1 48.817 -5.225
600284 1 0 1 16.7593 -23.8671
300066 1 0 1 -0.2266 -23.7572
000679 1 0 1 1.6367 -18.5333
600287 1 0 1 12.5324 -27.1531
300084 1 0 1 80.3729 -24.6829
300110 1 0 1 14.396 -16.4547
002554 1 0 1 34.3761 -26.3255
002497 1 0 1 8.0684 -31.5591
002395 1 0 1 -13.8889 -10.0
002078 1 0 1 -28.8533 -6.0255
601965 1 0 1 -9.3668 -200.0
300232 1 0 1 -15.42 -7.5101
600522 1 0 1 -2.9085 -10.3758
000822 1 0 1 -11.8211 -26.0054
000683 1 0 1 -0.2063 -24.5407
300307 1 0 1 -10.9861 -200.0
600004 1 0 1 10.0162 -13.1837
000809 1 0 1 -33.5186 -4.6544
002606 1 0 1 5.0584 -24.3151
600308 1 0 1 1.9109 -20.4036
000601 1 0 1 16.8196 -16.3683
002131 1 0 1 -6.2348 -19.3338
002133 1 0 1 25.4217 0.4386
002139 1 0 1 -6.6739 -25.935
002509 1 0 1 25.6144 -26.1304
002507 1 0 1 38.5682 -3.3333
600112 1 0 1 31.2001 -22.8881
600446 1 0 1 -4.2208 -5.8104
300011 1 0 1 -4.5956 -5.0821
600351 1 0 1 6.5466 -1.6103
600420 1 0 1 38.1485 -19.2276
002316 1 0 1 23.352 -16.2769
002312 1 0 1 38.131 -38.75
000883 1 0 1 33.4913 -25.5814
002382 1 0 1 -6.1683 1.6714
300284 1 0 1 -16.4186 -200.0
601600 1 0 1 -3.8941 -20.7407
300223 1 0 1 -35.0541 -12.0619
600435 1 0 1 3.0263 -17.7489
300287 1 0 1 2.4407 -200.0
600649 1 0 1 19.9336 -3.9872
600645 1 0 1 11.0136 -1.2565
000517 1 0 1 29.5499 -6.5814
000429 1 0 1 -4.9231 -5.7971
300312 1 0 1 -2.7003 -200.0
300311 1 0 1 5.7888 -200.0
600439 1 0 1 -0.8914 -22.4942
600438 1 0 1 25.8517 -22.1529
600545 1 0 1 6.8901 -29.987
002449 1 0 1 5.0633 -15.4373
600270 1 0 1 24.1709 -10.0763
600713 1 0 1 21.8509 -26.8797
600398 1 0 1 1.7456 -23.1884
002619 1 0 1 19.7336 -15.5877
600262 1 0 1 -10.3644 -32.2277
600630 1 0 1 4.4898 -22.5908
600120 1 0 1 29.7803 -5.5629
600846 1 0 1 10.9574 -12.4248
300269 1 0 1 -9.6689 -21.4159
002531 1 0 1 17.6157 -18.1597
600167 1 0 1 34.0645 -22.9622
000007 1 0 1 125.5319 -13.6483
000931 1 0 1 14.3725 -18.75
300213 1 0 1 -4.7388 -4.5455
600508 1 0 1 -1.7321 -18.7771
000573 1 0 1 9.1864 -10.9813
300168 1 0 1 -1.2477 7.7263
600346 1 0 1 -1.3514 -23.8683
300288 1 0 1 -1.9552 -200.0
000716 1 0 1 9.5089 0.0
601339 1 0 1 -8.8402 -200.0
300033 1 0 1 11.2848 -17.2897
600452 0 1 1 -3.4831 -14.9952
002576 0 1 1 -16.1968 -18.4416
002571 0 1 1 58.4046 -23.6292
000627 0 1 1 14.0351 -18.8034
600894 0 1 1 13.9175 -21.9839
002243 0 1 1 4.0455 -31.4908
002057 0 1 1 -8.8435 -7.6
002059 0 1 1 0.48 -9.8891
000830 0 1 1 -22.1714 -3.7217
002648 0 1 1 -0.9642 1.2623
600248 0 1 1 1.7442 -21.7292
002278 0 1 1 31.5907 -14.8357
002117 0 1 1 -19.6941 6.5848
600791 0 1 1 -6.405 -4.7244
600798 0 1 1 -0.0759 -20.4188
000532 0 1 1 8.2677 -24.7036
000923 0 1 1 4.7532 -29.8718
002595 0 1 1 -20.8079 -1.2346
000906 0 1 1 28.1399 -25.2081
600478 0 1 1 71.8634 -42.1488
600350 0 1 1 10.559 -5.5718
002371 0 1 1 0.1638 -17.2414
000901 0 1 1 -9.3973 -13.9041
600892 0 1 1 32.6132 -37.0466
300172 0 1 1 -13.841 24.0671
002624 0 1 1 4.2068 -35.8054
002628 0 1 1 20.8138 -30.9922
300178 0 1 1 -10.6918 -10.8245
002336 0 1 1 -10.9029 -8.0
002234 0 1 1 -13.6875 1.1667
002318 0 1 1 6.3078 9.405
002522 0 1 1 9.3412 -13.6388
002240 0 1 1 8.6207 -33.8762
600830 0 1 1 31.5037 -26.484
600410 0 1 1 -1.875 -23.5294
002062 0 1 1 -2.9432 -20.8707
002061 0 1 1 18.8187 -38.0952
002066 0 1 1 2.4772 -16.1151
300209 0 1 1 12.1469 -13.1242
300204 0 1 1 53.71 43.5491
002148 0 1 1 -12.9436 11.7394
600102 0 1 1 delist
002467 0 1 1 17.2997 8.3056
002441 0 1 1 -3.219 -14.6465
600819 0 1 1 -29.8947 -7.5875
000703 0 1 1 12.7028 -25.0683
300259 0 1 1 27.2739 -14.7525
002093 0 1 1 -15.7321 14.032
300147 0 1 1 34.8501 -17.5514
601390 0 1 1 1.9841 -13.1034
600593 0 1 1 -11.8121 0.472
600867 0 1 1 -4.4352 4.7559
600865 0 1 1 -6.5789 -30.3665
600712 0 1 1 -1.9199 -20.1835
002518 0 1 1 0.2108 -24.7952
002101 0 1 1 7.1507 -35.9408
600323 0 1 1 23.1867 -13.1063
600668 0 1 1 52.8662 -21.5
600665 0 1 1 34.5352 -17.8241
000523 0 1 1 6.3462 -10.6529
600363 0 1 1 15.9802 -30.6286
002034 0 1 1 -23.6262 -9.8017
002030 0 1 1 11.4587 -0.2404
002425 0 1 1 -2.8872 -30.0518
002636 0 1 1 -9.5613 -28.537
600561 0 1 1 6.796 -9.1198
600215 0 1 1 3.972 -20.4461
600378 0 1 1 2.6175 -21.8671
000597 0 1 1 -5.8663 -25.9596
000928 0 1 1 -16.4082 -13.6107
300185 0 1 1 7.5345 -20.1294
300183 0 1 1 -14.2453 44.435
300181 0 1 1 38.7611 4.8724
000925 0 1 1 -13.2937 -29.4118
601107 0 1 1 2.1946 -18.1604
300118 0 1 1 -26.7825 -14.0339
600012 0 1 1 1.1933 -2.5581
002259 0 1 1 7.8947 -26.9231
002252 0 1 1 3.4751 -0.5814
600626 0 1 1 5.7263 -21.1581
600622 0 1 1 6.2176 -17.5214
000962 0 1 1 -5.8706 -24.3434
601618 0 1 1 -6.0606 -13.1579
002176 0 1 1 52.6669 -16.4066
600137 0 1 1 3.7607 -10.482
000410 0 1 1 10.8103 -30.9237
000825 0 1 1 -4.037 -15.0342
002498 0 1 1 -35.1829 5.3985
000779 0 1 1 6.752 -36.6052
600969 0 1 1 0.5337 -11.2493
002158 0 1 1 -12.5043 -36.1737
601028 0 1 1 2.9882 -36.3293
300014 0 1 1 -2.3799 -11.4667
002213 0 1 1 1.1423 -20.3372
600482 0 1 1 7.5662 -32.7396
600871 0 1 1 -6.069 -12.4396
600873 0 1 1 -18.8702 -15.2749
000659 0 1 1 -2.029 -22.2973
002472 0 1 1 -6.711 -22.736
600688 0 1 1 -2.521 -16.1972
600683 0 1 1 -0.2132 -27.2868
300271 0 1 1 -9.0425 -19.268
600676 0 1 1 5.5556 -19.403
000021 0 1 1 6.761 -23.0885
000042 0 1 1 38.9425 -21.7861
000043 0 1 1 49.0054 -10.8911
300179 0 1 1 -7.2848 -14.9915
002009 0 1 1 1.7477 -46.0145
002435 0 1 1 -5.3914 -14.4075
600548 0 1 1 -0.1559 2.381
600510 0 1 1 40.3423 -33.2908
600226 0 1 1 -6.2583 -21.0305
300055 0 1 1 20.8058 -37.3573
300029 0 1 1 -28.8446 -32.1981
600300 0 1 1 147.6127 -28.4387
600170 0 1 1 63.7239 -13.4634
000881 0 1 1 12.6162 -22.1303
601113 0 1 1 -6.9099 -20.8032
600122 0 1 1 8.6124 -16.5669
002549 0 1 1 -9.6453 -9.9725
002267 0 1 1 11.6499 -9.9263
600639 0 1 1 4.7267 -16.2129
300049 0 1 1 20.3214 -20.6302
002169 0 1 1 -10.4777 -25.4023
600754 0 1 1 -6.7061 -4.5755
002164 0 1 1 -22.1875 -1.9908
002406 0 1 1 0.713 -32.2558
600121 0 1 1 -24.043 0.0
600648 0 1 1 -9.2374 -18.0458
600055 0 1 1 6.6858 -23.7991
000547 0 1 1 24.5238 -21.7877
600063 0 1 1 10.495 -21.5534
000936 0 1 1 -6.741 -21.2903
000930 0 1 1 -18.8686 -4.2789
002447 0 1 1 27.1492 7.7691
000723 0 1 1 -31.4889 8.882
000031 0 1 1 20.2264 -16.1148
000687 0 1 1 13.9588 -19.6691
300167 0 1 1 -5.5398 -33.8765
002613 0 1 1 -10.6236 -28.4773
000836 0 1 1 -4.6667 -19.6429
002343 0 1 1 -26.9068 -7.2895
000755 0 1 1 2.5678 -18.4884
600844 0 1 1 4.7739 -39.8185
002126 0 1 1 -7.7079 -21.4943
000713 0 1 1 -24.0499 3.1842
300263 0 1 1 5.7213 -8.2375
300260 0 1 1 -20.0861 -11.6603
600768 0 1 1 -7.4307 -28.2746
601268 0 1 1 delist
600184 0 1 1 -36.4648 -12.2456
002622 0 1 1 -7.2585 -38.3614
002019 0 1 1 -7.8591 -39.7059
600509 0 1 1 3.4846 -17.6285
600113 0 1 1 153.7118 -32.0475
300040 0 1 1 -5.2699 -26.4682
002651 0 1 1 -22.9584 -200.0
000977 0 1 1 -3.6846 -9.9762
600409 0 1 1 -5.9078 -11.4796
000655 0 1 1 -24.1216 -10.0851
002307 0 1 1 9.4463 -22.2785
000719 0 1 1 -25.0186 -200.0
300139 0 1 1 -7.545 13.4284
