601166 276 335 611 7.2629 -15.5491
000002 276 315 591 -18.4772 -6.6909
600016 250 298 548 -8.504 -9.2525
601318 248 292 540 20.6881 -16.7854
600048 234 300 534 -16.7508 -11.3257
600837 245 278 523 22.0098 -7.0227
600030 216 246 462 29.3502 -16.3517
600000 210 252 462 13.8889 -14.8804
600887 236 210 446 24.9361 7.7482
600383 197 217 414 -2.6239 5.6879
000024 189 218 407 -14.4152 4.8624
000651 196 210 406 35.5664 -12.6706
000001 200 202 402 22.8686 -21.7722
600519 161 233 394 -33.264 18.8453
002241 206 185 391 -3.3343 35.8934
600585 179 185 364 26.7564 -21.48
000625 187 170 357 23.2508 -3.2245
002415 190 156 346 31.1239 -4.3591
600104 148 184 332 12.0175 -11.3514
601601 133 177 310 18.8688 -14.5435
600036 134 168 302 -4.2994 -5.3739
300027 124 160 284 94.8862 64.3501
600637 142 140 282 32.0357 73.9209
600406 147 134 281 -0.4019 49.1498
600518 132 140 272 -5.507 14.7092
600315 132 138 270 -6.1347 -0.5739
000423 127 140 267 3.9319 -24.7217
600703 156 106 262 27.5726 46.4364
000063 130 130 260 2.5098 14.0179
002236 134 119 253 6.9317 15.3899
300070 122 111 233 8.7845 19.5135
601117 100 128 228 -15.3866 7.5431
600276 110 107 217 44.0819 -11.302
000895 104 109 213 22.4766 1.9166
600535 100 111 211 9.553 18.3054
000581 112 98 210 39.6285 -12.7258
002081 101 109 210 -22.7959 27.675
300058 113 89 202 24.2206 40.5141
002038 102 100 202 -13.7372 17.058
002570 104 96 200 9.839 17.1344
600089 117 80 197 33.1677 24.654
000800 102 95 197 -3.252 58.4184
000538 93 103 196 21.4022 3.468
000069 83 112 195 3.9702 -10.8434
600079 95 95 190 9.1171 0.8765
601628 64 126 190 10.5186 -19.9543
600332 99 91 190 -19.2644 9.9664
300251 93 96 189 14.2768 76.9117
000049 97 92 189 17.0 23.144
600690 98 90 188 78.7351 -11.9641
002146 87 100 187 -29.1283 6.0782
002375 95 92 187 -16.2338 47.7023
000826 94 92 186 7.8401 18.1133
601169 71 114 185 -0.7493 -10.5442
000400 98 85 183 14.808 43.9775
002353 97 85 182 15.029 19.912
300115 96 84 180 17.4549 26.5503
300088 77 101 178 -29.0185 27.7238
600809 75 102 177 -21.2245 -19.2533
000100 83 93 176 2.6432 -12.1371
002230 80 91 171 3.8821 36.346
600880 83 88 171 -3.6869 84.1535
600597 92 79 171 64.5663 0.0585
600028 74 97 171 9.2777 -22.4409
600418 87 83 170 25.9951 19.3493
600352 99 70 169 40.9382 -4.7129
600309 85 82 167 29.2135 -6.132
601788 77 90 167 -14.8039 -19.1457
600108 81 84 165 23.6398 2.0408
300133 88 77 165 30.5772 74.3361
002273 74 86 160 -13.54 -20.4517
002400 89 70 159 37.3106 23.7351
300315 77 82 159 56.5312 118.1851
600196 92 66 158 90.4978 -12.1488
002024 76 78 154 80.2395 -20.8713
600261 77 71 148 9.5426 34.8972
002450 75 72 147 -13.1523 38.5108
601668 62 84 146 -0.7779 -3.2641
600804 75 69 144 33.3111 49.1677
002456 68 76 144 0.8812 35.3829
002482 66 77 143 -6.6667 16.1893
600066 65 77 142 -4.2008 23.0954
600557 67 73 140 14.5763 -4.9921
300017 65 74 139 117.3467 36.7615
601633 66 72 138 16.2338 14.6583
601299 70 67 137 delist
603000 72 65 137 79.4677 28.5008
600060 65 71 136 11.0683 -16.2824
600256 66 69 135 -32.5617 -6.4711
600801 67 67 134 14.7448 -19.882
601607 70 64 134 42.1259 -16.6793
002005 74 60 134 -14.8387 17.7914
600067 64 69 133 -19.0238 32.286
601288 65 68 133 0.813 -1.7741
600594 62 71 133 5.5322 11.4046
600498 59 73 132 -6.5534 27.5664
002385 63 69 132 58.4302 -1.2384
300074 68 63 131 23.9779 26.4196
300090 70 60 130 12.3381 45.585
002140 60 70 130 -23.9823 -8.2293
000157 54 74 128 4.4132 -33.0846
300168 66 61 127 3.668 41.5949
601901 65 62 127 7.5235 -23.0337
600867 70 57 127 2.8207 32.4327
300273 71 55 126 20.9617 56.0362
000661 64 62 126 11.0203 25.5936
601928 59 66 125 16.0164 30.3438
600596 63 62 125 0.3791 -17.7385
600583 63 61 124 19.9382 1.6207
600031 48 76 124 -11.5134 -26.0956
600252 70 54 124 -0.2924 10.5246
300228 56 68 124 -1.25 43.107
600372 72 51 123 48.3762 -6.8439
300104 63 59 122 57.2254 97.5347
002022 66 56 122 13.5719 7.6724
300059 62 59 121 12.0295 105.4644
600085 63 58 121 -1.1668 -0.8873
002148 60 60 120 39.3689 92.7287
000963 59 61 120 15.4329 -6.4312
300113 59 60 119 20.4935 53.7593
002106 55 64 119 -24.7557 -36.8373
000848 62 56 118 8.9753 25.5789
601699 49 68 117 -8.2255 -32.835
600388 54 63 117 47.8606 32.5513
000671 56 61 117 -21.6034 39.0493
600422 61 54 115 -10.9811 19.4826
000568 44 71 115 -8.5061 -7.5686
300136 57 57 114 -22.2222 27.0325
000999 44 70 114 -15.147 -7.5
300026 60 54 114 10.0766 19.2963
601888 48 66 114 19.5205 -7.1554
600011 44 69 113 -1.3016 -22.3188
000917 59 54 113 38.5726 21.4356
002292 62 51 113 45.8687 84.0044
002138 57 55 112 -4.2222 16.2752
601006 55 55 110 24.4108 -17.5466
002310 46 63 109 -15.0953 -1.8906
600157 52 57 109 -7.8632 -50.1803
600570 49 60 109 66.88 12.3683
000333 75 31 106 18.3712 -200.0
300146 57 48 105 65.6967 0.9582
601766 58 47 105 42.7711 -11.4914
000525 51 54 105 0.2668 -0.2649
600292 61 44 105 34.1949 24.9158
002055 49 55 104 2.2439 44.0779
000028 50 54 104 65.8309 -17.796
300024 54 50 104 31.4048 16.1919
600340 48 54 102 -6.3352 36.361
601328 45 56 101 0.2268 -14.0127
002065 53 47 100 70.7071 18.6749
002431 48 52 100 8.9662 -9.6971
600741 40 60 100 36.318 -15.3173
002104 51 49 100 17.4284 37.1097
300079 51 48 99 -5.5821 32.2043
300124 51 48 99 67.162 50.3133
600199 43 56 99 -24.9445 -19.1635
600073 53 45 98 40.931 -16.9108
000527 43 55 98 delist
300303 53 45 98 25.4545 49.0214
002475 54 43 97 59.1429 -2.1777
600795 45 52 97 3.0702 -17.0774
600718 51 46 97 50.7371 -3.3073
300014 51 46 97 48.3051 81.7922
300005 50 47 97 66.6667 -11.4174
300071 51 45 96 81.4768 58.5552
600805 39 56 95 19.7598 -21.7461
002008 56 38 94 20.5541 -10.0571
601336 48 45 93 -7.4059 11.5982
000937 42 51 93 -13.5146 -28.9107
002007 52 41 93 27.1036 -6.5332
000401 45 47 92 4.4113 -35.2273
002049 47 45 92 81.9455 8.0108
600062 41 51 92 11.7383 -14.2963
601377 37 55 92 4.185 -16.1568
300002 52 40 92 84.5528 56.2947
000970 48 43 91 -1.5337 -3.6442
300205 46 44 90 99.1018 96.8309
300291 42 47 89 -2.0162 13.2959
600587 45 43 88 68.7017 20.105
002063 45 43 88 36.4461 -7.7267
000012 40 48 88 -12.1899 30.1462
000858 30 58 88 -21.8563 -7.4711
002325 38 49 87 -19.4118 17.6324
601398 38 49 87 -10.9453 5.8945
600376 33 53 86 -9.3694 -10.8817
600705 48 38 86 22.4111 -6.4579
300157 45 41 86 35.8242 38.8953
002223 52 34 86 21.1671 13.8495
300182 39 47 86 49.887 14.1493
002368 46 40 86 69.6717 6.1835
000776 35 50 85 14.1222 -14.8659
600111 42 43 85 6.7082 -28.1585
601688 41 43 84 11.1663 -13.9667
300274 45 39 84 98.948 67.8244
600109 49 34 83 48.4654 -24.0716
600886 39 44 83 16.2722 -9.0324
300207 40 43 83 24.0113 30.8889
600118 47 36 83 53.5324 -4.5328
000656 37 46 83 -30.2847 -5.2176
002440 40 42 82 58.1344 9.1637
600633 39 42 81 40.7974 54.1006
600999 44 36 80 23.5568 -13.5874
300336 39 41 80 33.8664 29.3454
600312 39 40 79 9.5445 9.4346
002294 32 47 79 18.8666 -11.8348
000562 31 47 78 delist
600859 37 40 77 17.6849 -20.3694
601998 33 44 77 8.5791 -20.7709
000338 35 42 77 11.3894 -20.5236
600511 37 40 77 31.59 -18.2874
300083 40 37 77 3.3183 -3.9958
000731 39 38 77 19.0132 -29.4897
600728 41 36 77 30.7244 19.0
002635 34 43 77 -20.568 -7.0465
002064 40 36 76 32.4363 11.442
600009 31 45 76 23.6061 -7.4294
002317 38 38 76 -10.3323 15.8215
600369 38 38 76 29.4654 -8.5807
002594 38 38 76 25.9779 49.0711
000998 40 36 76 31.5967 3.0602
600720 35 40 75 2.4259 -17.2244
600702 34 40 74 4.379 -27.0015
600521 33 41 74 -11.1475 26.2915
600015 27 46 73 30.1082 -14.7228
300039 30 43 73 15.415 -16.4455
300020 36 37 73 10.2779 20.8223
000915 38 33 71 35.585 11.2629
300212 36 35 71 -5.9333 44.8885
000961 28 42 70 -27.3854 0.0991
002638 34 36 70 -18.2434 23.228
000977 39 31 70 86.8236 12.4828
600366 36 33 69 -11.2005 17.316
002041 36 33 69 63.8719 -6.1312
600050 29 40 69 4.2208 -11.6136
000725 32 37 69 -3.1532 -6.6667
002422 28 40 68 -13.9186 -15.8935
601808 43 25 68 58.4102 -12.7033
601009 25 43 68 0.6884 -7.6497
002250 31 36 67 5.0025 -20.8648
600153 32 35 67 16.4006 -11.6737
002185 36 31 67 42.4321 55.345
002439 34 33 67 62.9202 32.0132
300197 33 34 67 7.7501 0.9482
600267 31 36 67 16.5094 -11.3373
600389 36 31 67 14.953 20.0938
002573 32 34 66 36.1794 36.1577
002465 43 22 65 38.7646 0.947
600559 30 35 65 -0.4841 -19.9269
600549 27 38 65 -9.9625 -11.9196
002304 20 45 65 -24.825 -11.9144
002646 38 27 65 -1.1858 4.2178
600872 45 19 64 62.7705 14.9606
601088 22 42 64 -1.1017 -22.4059
300253 32 31 63 78.8424 89.196
300105 27 36 63 -22.8302 20.981
002477 29 34 63 6.1045 -2.0446
002305 32 31 63 -11.1515 25.9484
002271 34 29 63 42.5405 39.3153
601886 24 39 63 -40.6959 26.2675
300075 34 28 62 32.5088 17.4154
002244 27 35 62 -16.0714 3.8022
000783 29 33 62 34.8056 -9.4253
600832 33 29 62 delist
600649 37 25 62 20.3757 15.5354
000888 28 33 61 26.8465 -26.9095
600362 26 34 60 -7.0913 -27.7603
600739 29 31 60 33.689 -2.3409
300072 28 31 59 5.5452 5.4669
002311 28 31 59 2.4433 -12.9474
600316 30 29 59 11.4771 -1.3864
600208 26 33 59 5.4654 -5.8642
000050 29 30 59 -3.7511 5.285
002028 25 34 59 -5.2765 12.9015
000860 37 22 59 41.1765 -18.8213
600827 33 25 58 50.0901 -8.8542
600138 26 32 58 36.2955 -14.2395
300057 27 31 58 -19.5122 17.2993
600547 21 36 57 -46.0432 -12.116
002309 32 25 57 47.908 8.6916
601222 31 26 57 39.0228 13.7624
600976 28 29 57 10.8333 37.4391
600436 27 30 57 -23.833 10.721
002554 28 29 57 12.7793 28.0495
600893 30 27 57 16.0801 22.9739
601231 29 27 56 34.6769 1.438
600123 21 35 56 -11.4523 -30.386
002410 33 23 56 66.1392 13.7253
002653 28 28 56 -6.3526 44.8055
002073 22 33 55 -0.8343 -4.056
600835 36 19 55 63.5877 48.1283
600151 31 24 55 17.4211 20.7921
002630 31 24 55 24.7343 9.6109
600761 28 26 54 55.799 -2.4841
002405 26 28 54 -12.3748 21.4936
300015 31 23 54 47.9147 18.1687
600600 39 15 54 30.1209 5.6414
600588 30 23 53 54.8098 -19.3786
300241 23 30 53 -11.2351 21.2728
002313 26 27 53 -2.7896 4.2774
300128 29 24 53 29.8538 -14.9544
002429 26 27 53 80.2403 -9.3613
600967 24 29 53 68.7867 17.8001
002508 28 25 53 21.03 30.9664
601933 32 21 53 13.8817 -7.1484
002663 28 24 52 12.5415 9.4753
601989 24 28 52 25.9147 -7.943
300055 30 22 52 0.37 80.3153
300164 28 24 52 11.3284 31.1745
600184 27 25 52 -5.1418 -11.8827
300177 26 26 52 50.2809 38.913
002690 26 25 51 66.8331 30.1467
600166 23 28 51 0.0 -17.0967
002152 30 21 51 74.7723 -23.2996
000669 28 23 51 -18.3404 12.8646
601877 26 25 51 27.6479 -5.7527
600900 21 30 51 -4.0971 -6.8442
600612 27 23 50 47.5556 -23.9024
600329 23 27 50 -1.521 -18.5759
600486 22 28 50 -0.3702 49.8029
601311 27 23 50 13.4235 -20.0168
000596 23 27 50 7.3755 -20.0269
601012 28 22 50 61.8697 34.9931
600750 23 27 50 -11.0488 -18.912
601555 24 25 49 25.5474 -15.8116
002091 25 24 49 -10.1315 30.0563
002376 26 23 49 40.8451 -3.7536
000513 18 31 49 5.0854 -14.5111
000876 29 20 49 47.2571 -17.5336
601992 26 22 48 37.9992 -26.0677
002153 26 22 48 137.1628 -3.7944
002179 24 24 48 39.7768 -13.1616
300037 23 25 48 -7.3399 -4.6495
002023 30 18 48 51.9504 13.8956
300101 23 24 47 26.8762 -1.0357
300054 24 23 47 14.6015 2.9412
600546 20 27 47 -14.1986 -31.2793
300144 26 20 46 44.5865 -6.1456
000712 28 18 46 31.1373 31.9684
601939 23 23 46 -0.241 -0.1799
600027 22 24 46 -2.037 -26.4977
601186 22 23 45 14.436 -16.3708
600395 18 27 45 -16.5933 -35.0427
300287 24 21 45 42.8319 43.0044
600572 20 25 45 21.8215 -8.9098
601965 25 20 45 44.8649 7.0928
600517 20 25 45 4.9645 21.9915
600162 23 22 45 -1.2456 -13.084
600763 25 20 45 17.7639 38.0344
600348 22 23 45 -19.3723 -33.6538
300170 22 23 45 1.5405 2.6766
000831 22 22 44 48.1855 -35.654
000938 23 21 44 96.9264 23.05
002421 18 26 44 8.1962 1.9871
600161 24 20 44 50.6733 -8.4615
600387 23 21 44 38.1731 25.7353
002565 23 21 44 85.3986 25.7046
002202 27 16 43 57.9491 -2.6455
300006 19 24 43 32.0346 -1.9737
601669 12 30 42 11.7565 -15.4762
002672 17 25 42 -1.9231 -12.1832
002261 20 22 42 36.5145 82.7643
600499 24 18 42 68.9655 -3.8376
000718 16 26 42 -20.9266 1.7361
600527 19 23 42 24.8658 41.7814
002293 20 22 42 42.2342 -11.4051
601098 20 22 42 18.172 15.7138
000786 19 22 41 -0.681 12.1621
300045 26 15 41 86.0987 3.338
002219 22 19 41 28.564 36.34
002618 17 24 41 74.7284 53.6867
002051 14 26 40 -26.803 13.3749
002080 22 18 40 -14.1365 24.2669
600694 11 29 40 -0.1728 -21.9665
000630 16 24 40 -7.0501 -33.461
600525 26 14 40 43.6688 -0.1542
600729 21 19 40 12.4419 -14.6826
002344 14 26 40 8.7389 17.2204
601988 22 17 39 -3.321 -0.9063
600571 21 18 39 58.6414 -1.2109
300147 21 18 39 10.8462 25.6309
000598 15 24 39 19.7505 -6.9185
002557 21 18 39 42.0836 -19.7225
600420 23 16 39 7.1006 6.2458
000789 19 19 38 12.619 -19.6617
300288 20 18 38 -3.1373 21.397
600373 16 22 38 4.868 22.8788
000006 21 17 38 15.7277 -0.1383
002437 20 18 38 64.6461 -3.0848
300347 20 18 38 26.1654 29.5936
600086 16 22 38 -14.1589 -0.3364
600271 17 21 38 52.5719 -2.729
002255 19 18 37 -14.7674 14.9388
601333 20 17 37 25.4651 -24.0132
300271 21 16 37 60.0448 38.036
600993 19 18 37 10.7274 -2.7694
000550 19 18 37 73.6378 -2.6198
000540 19 18 37 -16.1441 24.2806
600266 16 21 37 -2.1686 -13.9812
300257 16 20 36 16.1689 27.0327
300077 21 15 36 62.3207 2.9188
002262 19 17 36 26.6067 4.7388
600125 14 22 36 7.3585 -12.9216
002142 11 25 36 12.0895 -20.491
601818 16 20 36 -7.9585 -7.9012
600686 20 16 36 -6.631 27.1622
002234 20 16 36 6.6667 1.4035
002029 15 21 36 8.5315 -30.0057
300295 17 18 35 80.7728 7.9879
600150 26 9 35 49.598 -15.1784
600197 16 19 35 13.5107 -19.2053
002226 18 17 35 20.9044 4.5041
000816 20 15 35 21.3296 -24.1073
600522 19 16 35 29.3839 -3.7162
000553 19 16 35 50.0655 -3.4481
002603 18 17 35 44.1125 -14.0747
002620 16 19 35 9.8159 20.7289
601139 15 20 35 -11.0236 -13.9679
600446 19 16 35 32.618 41.0059
000516 19 16 35 69.341 -12.5947
002649 18 17 35 19.0707 22.4863
300255 20 14 34 41.3113 6.8053
002327 17 17 34 16.9797 -17.7949
600426 17 17 34 27.1077 -24.6649
600536 18 16 34 237.8475 -9.3047
300199 22 12 34 90.8191 1.767
300198 16 18 34 17.6583 -7.6495
300322 16 18 34 68.5319 -10.3768
002035 16 18 34 24.9234 -8.8532
600858 12 21 33 -2.7601 -13.5417
600616 18 15 33 23.3492 -10.67
300155 19 14 33 43.1556 -2.8923
600765 13 20 33 -6.8452 -2.0733
002550 17 16 33 4.7139 15.9339
300196 17 16 33 26.3934 19.2427
601118 15 18 33 79.4686 -23.531
002296 16 17 33 30.1378 8.5193
002648 19 14 33 31.9071 24.0546
300267 11 21 32 173.3333 -17.946
300284 15 17 32 81.0392 -6.489
300289 15 17 32 29.0037 20.2096
002416 16 16 32 123.4043 39.6313
002436 15 17 32 9.4955 11.7975
002701 22 10 32 35.7092 7.361
600403 16 16 32 -16.4319 -13.2272
300183 17 15 32 8.907 32.4104
002161 17 15 32 9.5774 2.0942
000728 12 20 32 20.5674 -14.6356
600894 19 13 32 49.8753 11.708
601258 19 13 32 -15.2284 21.9512
002299 15 17 32 6.5265 -21.9634
300012 16 16 32 39.7059 7.4047
600879 19 13 32 39.4933 -14.0384
002017 17 15 32 55.7443 2.6533
600038 18 13 31 22.6137 -7.3207
600489 11 20 31 -6.401 -35.1617
600318 13 18 31 -14.3718 16.2351
300043 12 19 31 67.5752 -15.6957
300178 14 17 31 77.2024 43.0758
002396 15 16 31 50.4213 -11.8332
300310 15 16 31 17.2414 -0.7905
000726 17 14 31 24.763 15.4713
002285 19 12 31 58.5513 10.9756
002358 18 13 31 62.7555 1.541
000887 13 18 31 27.7778 -9.3133
600335 14 17 31 -2.4928 -7.6694
002658 15 16 31 31.0468 27.7305
300298 15 15 30 55.2649 2.7959
600305 16 14 30 31.4308 -4.3287
000413 16 14 30 36.6425 7.8349
000639 14 16 30 24.7327 -23.774
300032 14 16 30 -1.119 12.5261
002567 17 13 30 24.9007 -11.7688
000522 16 14 30 delist
002013 16 14 30 32.6106 -14.3051
000650 12 18 30 11.0883 -15.2249
002462 15 14 29 38.9658 47.6694
600495 13 16 29 28.418 -13.5702
002683 19 10 29 31.2631 29.3203
300047 15 14 29 29.9486 10.5094
300145 18 11 29 54.7543 19.5168
600143 11 18 29 15.1139 -24.4021
600563 16 13 29 28.5957 11.984
002216 15 14 29 55.2105 4.74
002551 18 11 29 67.1857 2.219
002398 13 16 29 -2.5362 -7.3544
000729 20 9 29 41.8564 -4.3963
002020 13 16 29 41.1 17.3341
000997 16 13 29 9.4453 33.2451
300337 15 14 29 -13.2881 31.0972
600660 14 15 29 15.299 -6.131
600056 17 12 29 33.0689 -19.1949
002001 13 16 29 30.9362 -23.857
002004 14 15 29 10.0767 -10.3863
600021 13 16 29 16.7433 -8.8106
002191 20 8 28 59.7688 5.622
002466 15 13 28 -10.8196 -0.7483
601857 13 15 28 3.3302 -10.127
002254 15 13 28 21.9243 -10.8493
000430 14 14 28 2.6163 -30.8012
600645 15 13 28 -4.8829 9.0468
002571 14 14 28 -23.9971 10.6216
300334 16 12 28 16.2815 21.9946
600675 12 16 28 51.7531 -10.9228
300244 14 13 27 62.9722 49.6914
300118 16 11 27 11.3438 18.8797
601238 17 10 27 13.0669 32.0557
000417 9 18 27 21.0425 -10.5272
002470 19 8 27 51.2784 -14.7651
300048 15 12 27 12.7778 -20.3797
002308 13 14 27 -13.913 8.792
600401 17 10 27 35.1724 -5.3001
600428 11 16 27 16.2252 -23.6776
300166 16 11 27 65.2888 11.4865
600983 15 12 27 51.6581 21.6117
600537 15 12 27 14.7679 -5.5731
002566 14 13 27 72.5597 -10.1096
000521 16 11 27 59.44 -23.1884
300001 15 12 27 53.557 28.2082
600029 12 15 27 -0.6294 -23.1608
000503 16 11 27 48.4375 17.9631
300110 11 15 26 9.7592 -7.9348
300052 11 15 26 51.5912 212.6219
300137 13 13 26 22.6927 28.5531
002501 12 14 26 18.1282 -4.5911
002221 12 14 26 -2.3408 25.3654
000811 13 13 26 65.28 -9.2703
300323 14 12 26 54.3886 10.2002
000060 14 12 26 -4.5573 -25.5272
000061 15 11 26 40.0998 7.234
300206 17 9 26 44.0281 18.0954
002157 14 12 26 34.3696 -14.3352
300171 11 14 25 35.6518 -7.4877
600639 12 13 25 67.3944 -13.0485
600216 11 14 25 -8.3333 -12.6792
000768 14 11 25 7.191 -11.3161
002085 17 8 25 144.3191 7.8857
300349 12 13 25 21.0978 52.5023
002572 13 12 25 58.0389 -3.6013
600699 14 11 25 22.1078 27.8054
002037 10 15 25 4.6875 -31.8337
002583 15 10 25 21.4359 18.8873
600280 9 16 25 13.6635 8.7314
300301 13 12 25 -27.0597 104.3909
600458 7 18 25 9.901 -12.3565
600978 13 11 24 30.5239 -19.3112
600429 13 11 24 59.6869 -13.1148
600509 9 15 24 4.8741 4.7561
600500 11 13 24 58.9958 -13.8761
300188 13 11 24 5.2632 34.6051
000043 11 13 24 21.4 -15.0365
300219 13 11 24 8.9356 21.0886
002588 7 17 24 33.466 1.7809
300309 11 13 24 16.5455 -11.6128
600704 14 10 24 112.9456 -5.0056
002664 12 11 23 65.3328 10.8801
002251 12 11 23 17.2297 -1.5284
300050 10 13 23 26.5048 -5.9638
601233 12 11 23 18.7747 -29.0896
000748 13 10 23 98.3624 44.9266
002509 10 13 23 2.8506 -6.172
600990 12 11 23 21.5855 -7.6319
600697 11 12 23 3.4988 -11.4043
000960 11 12 23 -12.3014 -32.4945
601918 9 14 23 -25.2076 -12.8176
000039 12 11 23 46.7587 -17.5621
000926 4 19 23 0.9243 -6.6234
300030 13 10 23 78.7817 -1.9906
600270 11 12 23 52.0896 -6.5714
600059 11 12 23 -15.4189 -3.9198
002018 13 10 23 13.9738 1.5989
002331 10 12 22 -3.3058 18.8186
000402 8 14 22 4.3912 -14.2924
300270 9 13 22 -25.3945 -4.6392
600497 15 7 22 -2.4078 -21.3372
600185 12 10 22 47.7034 -11.0606
000732 11 11 22 2.3256 -6.653
002604 14 8 22 37.8999 7.9915
002612 9 13 22 39.2678 -15.1025
601126 13 9 22 33.218 5.6815
000530 12 10 22 37.9592 -6.2913
002129 8 14 22 0.7592 50.626
002011 14 8 22 -9.7633 13.4721
600323 11 10 21 60.5596 -8.7193
600201 12 9 21 26.0103 17.3088
600325 7 14 21 24.5792 -13.6364
600787 9 12 21 61.1285 -2.0443
600479 10 11 21 22.8293 -22.3569
002589 9 12 21 19.1629 30.4067
300010 13 8 21 51.7241 12.4921
600674 10 11 21 9.7345 12.3393
300003 13 8 21 48.8889 21.2343
000501 10 11 21 13.9286 7.4038
002019 16 5 21 161.577 -5.1069
603008 14 7 21 80.678 -7.7606
000793 11 9 20 18.5629 36.5758
002253 11 9 20 87.6475 2.549
600481 11 9 20 60.2528 -7.3618
000418 12 8 20 41.7722 -33.9606
000933 11 9 20 8.0717 -30.0744
300041 11 9 20 77.4194 0.6286
000716 11 9 20 -13.7398 -7.2833
600240 10 10 20 -4.918 -8.137
002390 14 6 20 61.0625 16.7006
601111 9 11 20 -5.4143 -25.3597
600889 11 9 20 15.1316 -13.4328
600640 10 10 20 121.7391 13.4953
300326 11 9 20 70.2391 14.9246
002628 11 9 20 11.4286 -7.2843
002563 10 10 20 34.45 10.5079
601390 8 12 20 11.912 -12.8571
002367 11 9 20 17.3369 18.3611
300229 10 10 20 -12.2075 50.8423
300263 11 8 19 73.4632 35.3864
300134 9 10 19 11.0656 -2.2047
002249 10 9 19 39.4141 12.7646
000629 5 14 19 -8.9362 -28.7834
600754 12 7 19 27.4463 -1.5406
600757 9 10 19 29.6233 -9.4256
300215 11 8 19 58.7426 8.8149
002281 11 8 19 48.1688 32.1721
002030 11 8 19 60.178 12.7749
300226 11 8 19 255.0864 32.2281
002480 10 8 18 4.3871 10.6796
002242 14 4 18 71.2305 -4.3097
601991 9 9 18 -15.9259 25.6944
002052 7 11 18 79.3494 17.1958
000690 5 13 18 13.4904 -3.4343
600783 10 8 18 54.4428 17.9768
002433 7 11 18 20.8896 -16.8257
600259 10 8 18 5.6568 -23.3782
300352 9 9 18 21.618 33.4399
300351 8 10 18 74.9095 -1.3506
600884 9 9 18 14.1798 3.1781
600643 9 9 18 79.3049 -18.6548
002371 9 9 18 9.1878 4.7938
300332 11 7 18 33.6232 -4.1096
300335 13 5 18 26.6762 41.0436
000528 7 11 18 -2.1538 -22.185
000983 5 13 18 -12.9902 -29.7972
600598 8 10 18 35.4491 14.5405
600337 11 7 18 11.5242 -13.7181
300256 8 9 17 1.691 8.4167
300259 12 5 17 51.1915 9.8912
002069 9 8 17 26.3851 -17.7465
002467 8 9 17 14.9597 1.5628
002497 6 11 17 -13.1985 -15.6569
002587 7 10 17 43.7352 -6.0431
002444 10 7 17 25.9087 8.4797
000750 8 9 17 21.5943 -9.7414
300150 9 8 17 34.8837 -9.6741
002215 11 6 17 46.4939 16.7094
002507 9 8 17 74.1935 -10.7881
002503 5 12 17 -12.1372 -19.7648
002408 6 11 17 24.8908 -25.1805
000869 6 11 17 -18.3278 -7.0044
002524 9 8 17 -8.5384 29.7958
002172 7 10 17 12.234 -24.4048
000733 11 6 17 36.563 -13.2732
600467 6 11 17 6.2857 -25.3219
000830 9 8 17 13.1507 -16.4384
002118 9 8 17 39.0071 -16.298
002117 9 8 17 95.3826 10.3931
300339 9 8 17 19.16 26.5321
600863 8 9 17 -5.7512 -21.3699
601717 9 8 17 0.0 -29.1769
300078 7 9 16 52.4194 44.2003
002665 8 8 16 11.7745 47.293
300066 11 5 16 71.9417 7.7867
002324 8 8 16 12.9962 6.7339
002474 6 10 16 32.8916 -11.8673
002269 10 6 16 39.4796 -29.4396
000686 8 8 16 -2.5862 -8.2944
300285 7 9 16 25.5989 37.8549
002056 8 8 16 23.7679 11.236
000920 8 8 16 13.2666 13.1761
600812 7 9 16 12.1349 -22.2951
002511 6 10 16 3.9042 -20.6148
002199 6 10 16 120.0 -7.6052
002412 5 11 16 83.8168 -14.0374
300187 11 5 16 38.7686 2.3185
002174 10 6 16 197.6048 1.1783
000829 9 7 16 26.9784 31.713
000046 5 11 16 -6.0136 6.4588
300034 10 6 16 21.1304 -2.3825
300202 7 9 16 90.5419 -7.8951
002364 9 7 16 -2.8125 21.3478
300227 7 9 16 14.3402 48.8302
300314 7 9 16 45.4362 -0.9435
300004 8 8 16 79.8311 -4.6358
000655 6 10 16 3.2616 -28.146
600582 7 8 15 11.604 -42.0715
600825 8 7 15 79.7693 14.5336
600139 8 7 15 22.7953 -24.9967
300275 9 6 15 52.3958 -25.946
300296 7 8 15 48.0375 35.7188
002266 4 11 15 84.2231 19.9552
000680 8 7 15 -4.7904 -22.8972
002303 8 7 15 42.8918 14.8858
300142 9 6 15 4.5589 -8.1154
000590 10 5 15 62.7474 -6.7183
300159 7 8 15 1.9014 25.4926
600770 8 7 15 43.6685 -5.4264
002414 8 7 15 111.0418 49.1709
300346 8 7 15 -13.489 57.1084
002549 9 6 15 17.1212 32.8094
300218 8 7 15 93.9394 -20.1891
300038 9 6 15 62.4163 15.3005
000537 7 8 15 8.365 -16.7442
600284 7 8 15 11.2632 6.8014
300232 8 7 15 66.7508 15.4206
300223 8 7 15 152.6623 24.2496
002656 4 11 15 -1.0892 -15.0561
300252 8 6 14 22.518 23.1947
600100 7 7 14 48.2507 2.2086
600552 8 6 14 14.9481 -20.8046
002312 8 6 14 137.398 34.7234
601058 7 7 14 42.3451 4.8654
002050 7 7 14 -7.377 14.4194
600791 9 5 14 11.068 24.0914
002458 7 7 14 2.372 0.9732
300148 7 7 14 84.6491 46.849
600177 8 6 14 22.7496 -19.087
600171 9 5 14 107.1101 -10.9719
000566 5 9 14 10.8509 -3.0132
600409 7 7 14 27.6971 -14.8741
002391 9 5 14 21.5048 -4.2854
002496 6 8 14 31.5873 0.2832
000059 5 9 14 10.1545 -30.031
300210 7 7 14 5.75 -7.3259
300009 7 7 14 11.5331 10.6618
601216 6 7 13 56.2595 31.1606
002469 6 7 13 -6.7308 2.6841
601208 7 6 13 23.6655 -3.0665
002447 6 7 13 9.8575 -18.448
600018 6 7 13 124.1445 -7.6642
002277 6 7 13 55.3763 -14.5671
002154 4 9 13 1.0713 -25.7783
000916 7 6 13 29.5203 -4.107
601566 6 7 13 6.7058 -13.5031
600566 10 3 13 144.6626 12.259
600195 10 3 13 43.5327 -11.1548
600187 7 6 13 -4.2636 29.5817
000925 8 5 13 42.3174 -16.9043
002609 7 6 13 74.4186 2.2338
000608 6 7 13 1.3807 -1.2414
600885 10 3 13 47.7707 15.8547
000996 6 7 13 20.1628 -7.8045
002568 7 6 13 3.4668 -38.771
002032 8 5 13 21.0308 14.9665
002586 5 8 13 16.3004 -3.8781
000673 8 5 13 48.4424 12.2951
300300 5 8 13 38.7234 14.0189
300224 7 6 13 3.2548 13.235
601515 6 7 13 124.7205 -0.483
600855 7 5 12 128.8406 -22.549
600584 7 5 12 9.9656 28.172
600731 4 8 12 16.879 -7.2464
002079 6 6 12 36.0987 -6.3092
000415 5 7 12 27.7868 -10.8298
300299 6 6 12 29.6899 52.0961
002268 7 5 12 87.1149 24.16
000425 6 6 12 -3.0573 -25.5491
000759 5 7 12 34.7149 -8.7894
600141 7 5 12 11.4286 -36.705
000919 5 7 12 41.7605 -11.9423
600562 8 4 12 -1.8075 4.4072
600351 6 6 12 1.6287 14.5932
601800 4 8 12 4.3318 -18.0
600998 9 3 12 29.3356 15.4832
600180 7 5 12 43.1784 -21.7441
002155 3 9 12 -1.8657 -37.1719
600438 7 5 12 74.4639 -5.9694
300085 7 5 12 127.4574 74.7343
300181 6 6 12 114.9682 -11.1703
000921 5 7 12 60.6061 -11.138
600416 8 4 12 43.4238 -10.0372
300353 8 4 12 15.877 17.9876
600648 7 5 12 132.7517 10.6291
300217 8 4 12 63.2035 36.205
300328 5 7 12 22.537 -8.5717
300324 6 6 12 53.1638 25.2186
300033 6 6 12 32.9787 23.2868
002116 5 7 12 32.1685 -11.0946
002284 7 5 12 17.49 5.9457
600655 5 7 12 19.2012 -18.0106
000536 6 6 12 5.0195 38.3178
000539 3 9 12 7.5371 -16.5766
002025 5 7 12 29.0813 -5.815
002021 6 6 12 51.1111 -24.3995
603077 7 5 12 31.4554 -21.0251
300204 6 6 12 -12.3478 19.5809
300021 7 5 12 52.988 -17.6596
000989 6 6 12 23.5081 -5.9407
000987 6 6 12 11.4352 -15.5889
000885 7 5 12 -0.6309 -22.6724
002340 6 6 12 11.0509 0.4015
002010 7 5 12 22.7441 -6.731
600580 6 5 11 15.3704 10.2186
300246 6 5 11 46.3183 32.9834
300119 5 6 11 20.8749 0.2404
002078 5 6 11 38.2423 -12.9845
300122 6 5 11 26.4822 -1.6161
002042 4 7 11 -14.5833 24.2223
000758 6 5 11 6.1204 -25.9712
002698 7 4 11 66.4789 29.3695
600970 6 5 11 -9.7826 -11.3708
002428 5 6 11 16.9611 -8.1809
000778 6 5 11 29.7352 -16.5358
601801 5 6 11 19.7887 12.3649
300096 5 6 11 81.9885 33.8785
002229 6 5 11 105.0279 16.8192
600439 7 4 11 61.4148 -22.7724
300086 4 7 11 -5.6346 19.3577
300080 8 3 11 25.8842 -0.7924
600526 6 5 11 38.1855 -2.5354
600642 5 6 11 19.7368 -11.1229
600391 6 5 11 27.7249 -28.9614
300036 6 5 11 43.8835 -3.402
600475 7 4 11 33.5153 -15.0511
002564 5 6 11 42.3937 -23.426
002369 5 6 11 22.085 2.0228
002643 6 5 11 -11.6048 31.2222
600298 6 5 11 -0.6329 5.7619
000861 3 8 11 17.0838 -25.2835
600845 6 5 11 49.2537 22.3759
600039 6 4 10 16.3776 -21.2302
002460 6 4 10 20.8247 12.363
603366 6 4 10 -6.2831 4.2167
002259 5 5 10 47.0067 34.4633
600135 5 5 10 9.8901 -21.5447
002315 5 5 10 29.023 32.3946
600010 5 5 10 5.3953 -21.2891
300261 4 6 10 44.0476 -19.736
002518 5 5 10 104.1037 -11.5913
600149 5 5 10 -9.8071 -12.7072
601028 6 4 10 59.9496 -6.4363
601158 5 5 10 14.3689 -15.5931
600688 3 7 10 -43.4763 34.2623
600198 5 5 10 2.4691 17.3679
600221 3 7 10 -0.9901 -7.6572
300175 6 4 10 17.4264 -13.6792
002520 6 4 10 71.7526 18.0906
002419 5 5 10 28.5 -17.0163
000561 5 5 10 11.6412 -17.3516
000709 5 5 10 8.1081 -21.1864
002287 5 5 10 29.4048 -4.047
300342 5 5 10 112.6761 5.625
300348 5 5 10 40.7252 14.5073
600742 5 5 10 28.4792 -11.6917
600523 6 4 10 33.37 -19.0383
600410 5 5 10 12.8072 2.314
000735 5 5 10 25.0958 -12.1667
002601 6 4 10 14.5204 -26.1643
300190 6 4 10 45.6106 -4.3141
600072 6 4 10 21.8127 -23.5294
300025 5 5 10 90.6569 6.418
002298 3 7 10 -4.3651 -16.6133
000982 5 5 10 7.2409 -4.4237
300016 4 6 10 20.146 -19.0379
000883 5 5 10 35.2101 -26.4574
000979 4 6 10 0.3186 3.1784
300316 5 5 10 43.6522 6.2878
002342 5 5 10 1.5817 -12.5283
600115 3 7 10 8.2031 -20.0617
002655 4 6 10 22.659 -1.2764
002334 5 4 9 89.8072 -15.879
002339 4 5 9 7.5123 5.5518
601678 5 4 9 8.5674 -16.5872
002660 5 4 9 -19.6262 62.5172
002463 5 4 9 15.3125 -20.1054
000792 4 5 9 -1.2397 -41.4825
000799 2 7 9 -12.5697 -29.8116
300068 3 6 9 22.6357 -3.9783
600820 5 4 9 21.745 -15.0083
600824 5 4 9 52.1375 -1.7582
002258 4 5 9 23.7258 -15.3241
002479 4 5 9 13.5989 -18.75
300125 5 4 9 36.0294 10.8646
000428 4 5 9 48.5507 -8.2469
600019 5 4 9 4.0712 -14.724
600803 6 3 9 54.7382 -22.4568
300139 4 5 9 25.2955 -8.1643
600158 5 4 9 54.8583 -6.6675
601313 6 3 9 20.354 -0.3683
600176 2 7 9 -0.7864 -3.5792
600778 3 6 9 32.9986 -18.0446
600055 5 4 9 6.3344 -12.5571
600345 5 4 9 -7.0269 -10.8848
601908 5 4 9 38.0471 -10.2373
300087 6 3 9 30.4918 -24.6964
601179 5 4 9 6.8627 -4.2296
600098 1 8 9 6.746 -28.2855
601100 5 4 9 24.1273 -1.7933
600748 5 4 9 31.4741 -18.1944
000951 4 5 9 35.7058 -17.8134
000739 4 5 9 16.7568 -14.4144
600088 4 5 9 8.9224 10.4328
002610 6 3 9 78.1481 -8.2353
600895 5 4 9 43.7669 -16.877
000666 4 5 9 38.7754 -24.8715
300331 5 4 9 8.6945 3.4827
600661 7 2 9 78.1065 0.0
300307 6 3 9 36.2025 5.4842
600873 5 4 9 60.9511 -28.2374
002650 5 4 9 35.3737 -13.1595
002332 5 3 8 20.5832 -2.1004
000407 4 4 8 -6.8259 -1.9934
002322 3 5 8 -8.0711 45.1444
002491 4 4 8 24.7088 2.1268
300293 5 3 8 55.3333 16.5364
002318 5 3 8 4.495 33.7056
600839 4 4 8 70.6646 -10.9453
002048 4 4 8 0.9569 12.1394
000422 1 7 8 -5.7143 -33.5816
300049 4 4 8 164.1509 -11.8434
600375 4 4 8 -1.5152 36.1819
002699 4 4 8 44.5455 55.0425
300149 6 2 8 190.2685 -13.6654
002207 6 2 8 20.7971 11.2063
002505 4 4 8 55.6807 48.9329
002500 3 5 8 16.5541 -21.2505
600775 4 4 8 24.7552 16.3876
600223 4 4 8 -1.5267 -6.6986
600425 3 5 8 1.0526 -13.8547
600239 1 7 8 2.4809 -16.5309
600231 2 6 8 3.1928 -34.5756
600230 4 4 8 6.5619 -26.5942
600354 4 4 8 33.2068 -25.523
601369 2 6 8 -1.4815 -15.8485
002095 4 4 8 32.399 83.8531
002092 4 4 8 4.3307 -25.072
601101 4 4 8 -9.0794 -28.7399
600529 4 4 8 21.8585 -6.2016
002605 6 2 8 37.4658 17.6378
601929 4 4 8 34.24 1.3827
300194 4 4 8 -2.237 19.244
002614 6 2 8 48.9426 60.6981
300216 4 4 8 23.8342 -6.2312
600478 6 2 8 40.9783 -19.1241
300022 4 4 8 17.1717 -4.579
002100 5 3 8 68.2058 2.7045
600668 4 4 8 16.0015 -22.3022
002031 4 4 8 41.3981 -17.934
300233 4 4 8 38.2553 -5.4241
300302 4 4 8 36.6279 43.1845
300222 3 5 8 61.554 -10.1326
300007 5 3 8 39.1941 -3.1791
002349 5 3 8 17.6966 1.0024
603001 4 4 8 5.6148 -19.9998
002123 2 6 8 4.4733 -28.1947
000893 4 4 8 37.4603 2.6042
000898 5 3 8 22.5191 -21.7523
600068 0 8 8 0.5076 -19.8591
000099 4 3 7 35.9551 -16.9799
601866 2 5 7 28.6458 -21.3992
002335 4 3 7 1.6418 36.052
300106 4 3 7 22.5335 14.7845
002481 3 4 7 19.7338 26.5889
600823 2 5 7 8.3179 -13.278
600628 4 3 7 57.773 -12.3613
600004 3 4 7 16.4374 -8.6831
600008 3 4 7 5.9561 -15.4554
000788 3 4 7 19.1489 13.0422
300297 4 3 7 27.9907 53.6599
000426 4 3 7 -0.9167 -20.2437
002302 3 4 7 22.1007 -24.0832
002275 1 6 7 -1.0996 -13.5854
600794 5 2 7 20.6022 -7.8652
002457 3 4 7 17.8571 -34.5699
600578 2 5 7 6.0348 -13.7328
601958 4 3 7 -8.575 -27.5972
600979 4 3 7 -6.0952 -13.7323
002516 4 3 7 64.1749 -8.81
000592 2 5 7 126.1838 -25.7669
002214 3 4 7 57.4093 18.8786
600683 4 3 7 -6.7941 -11.1034
002158 5 2 7 67.9849 -4.5234
002159 5 2 7 13.5534 -17.064
000807 4 3 7 -7.8892 -24.1935
000572 5 2 7 14.4578 10.3896
000156 4 3 7 27.7019 13.8567
000623 2 5 7 22.6877 -18.054
002522 3 4 7 -3.8848 -17.8219
002528 4 3 7 41.7976 16.9406
002411 5 2 7 63.1579 -8.417
000031 3 4 7 1.6438 -4.7087
600077 4 3 7 -9.8969 -14.1912
000559 4 3 7 1.1429 25.3961
600415 3 4 7 16.0079 -15.2515
000738 4 3 7 21.9636 -27.4332
002107 4 3 7 23.3065 -24.9377
600664 3 4 7 3.1987 -8.0303
002033 3 4 7 32.7451 -21.0551
002582 3 4 7 83.3063 -23.2034
600285 3 4 7 10.4478 21.4598
600817 4 3 7 -10.628 -48.9078
300238 5 2 7 74.144 -5.7485
600874 4 3 7 7.9447 -15.2915
600707 2 5 7 52.3105 9.4567
002131 4 3 7 68.3333 -4.3807
002126 4 3 7 87.9061 -11.2148
002014 4 3 7 0.814 -8.8832
600114 3 4 7 58.5729 12.67
002338 3 3 6 42.6123 -6.9551
002068 4 2 6 5.3397 -31.8182
600101 3 3 6 -5.295 -1.0604
002661 1 5 6 34.4753 -16.8564
600626 3 3 6 195.3795 -15.4071
300126 4 2 6 66.2069 -10.7766
002267 4 2 6 -0.0974 9.4353
600128 3 3 6 19.5157 -16.5716
002689 3 3 6 57.9498 -12.1558
600392 3 3 6 44.2406 -31.7981
600343 4 2 6 37.0549 -15.4952
300135 3 3 6 22.0033 4.3181
002695 2 4 6 49.384 -9.0273
601038 3 3 6 40.1568 -22.393
600780 2 4 6 -9.8592 -11.8487
002426 3 3 6 13.2558 77.8949
000009 3 3 6 -0.9468 12.3494
300154 3 3 6 71.525 1.0147
600771 2 4 6 48.3075 14.0527
002438 3 3 6 16.2063 -9.5301
600515 3 3 6 12.4816 -24.3421
000584 3 3 6 -13.9207 43.0488
300091 3 3 6 113.5318 6.1254
002089 3 3 6 35.2834 -19.6699
002535 3 3 6 41.1531 -21.1557
600169 3 3 6 30.0429 -24.5161
600237 2 4 6 4.3952 -17.1849
000153 3 3 6 11.5549 -6.7587
600248 4 2 6 10.2999 -0.5502
000966 3 3 6 33.1325 -16.3492
002553 4 2 6 112.5604 2.4945
600528 2 4 6 5.7851 -17.8493
000603 4 2 6 7.0536 -22.8235
000609 3 3 6 29.8893 -6.087
300193 3 3 6 66.1781 -1.1087
300355 4 2 6 3.1591 -5.7614
002544 3 3 6 14.6392 51.0714
002382 3 3 6 0.1634 34.8013
601600 4 2 6 7.9365 -23.301
002168 3 3 6 -1.6194 -14.8196
600398 5 1 6 132.1311 -19.5241
600468 2 4 6 -15.5947 -0.7659
000948 3 3 6 14.2222 1.5988
600268 3 3 6 -15.5 9.0157
000612 4 2 6 26.8145 -7.7742
300031 3 3 6 48.1576 -5.2042
002378 3 3 6 -5.3619 -6.0664
002111 3 3 6 44.6741 -9.5358
002595 2 4 6 50.2491 4.8828
002623 3 3 6 24.8663 -11.4991
002626 3 3 6 46.2043 -24.4775
600695 3 3 6 65.7143 -10.67
002637 5 1 6 69.1729 -2.8939
002350 3 3 6 14.6667 -14.7325
600708 3 3 6 53.4979 -8.8442
600459 3 3 6 23.8943 -14.215
000801 3 3 6 13.6458 -9.1244
000868 3 3 6 -2.0806 -5.4795
601898 3 3 6 -2.454 -28.712
601899 2 4 6 1.0576 -30.5476
300312 3 3 6 32.9208 -7.9581
300311 3 3 6 26.1506 58.5381
600604 3 3 6 27.651 -22.5643
000877 2 4 6 5.0086 -28.6056
300107 3 2 5 106.1728 -5.316
000797 2 3 5 -2.0752 -1.3175
600826 3 2 5 38.7534 -11.6254
600881 1 4 5 0.7712 -19.002
002671 3 2 5 24.0993 -13.7477
002674 2 3 5 47.7095 -12.773
600551 4 1 5 56.5259 24.47
600838 3 2 5 25.0635 24.7036
600496 2 3 5 2.6393 3.6716
002443 2 3 5 15.3834 -16.6151
002449 3 2 5 11.1402 11.3801
300044 3 2 5 26.4543 -3.3462
002279 3 2 5 62.1693 -4.5337
600200 2 3 5 -27.1739 47.7601
000591 3 2 5 14.5049 5.4252
600969 2 3 5 3.4628 0.6925
300156 1 4 5 11.6439 -16.3296
601798 2 3 5 26.5817 -21.0156
600175 3 2 5 70.8633 7.3077
600776 3 2 5 41.1112 7.9137
300098 3 2 5 30.2521 35.0165
600449 2 3 5 15.0665 -12.3001
600167 3 2 5 -8.479 15.3693
600507 3 2 5 0.0 -10.219
300082 2 3 5 41.6764 -4.2043
000901 3 2 5 36.6426 0.4224
601007 3 2 5 33.5174 -9.2926
002239 3 2 5 28.1633 -7.1069
002521 2 3 5 9.2798 4.3786
600755 2 3 5 49.9819 -8.3333
002700 3 2 5 -13.2328 55.3097
000700 2 3 5 79.197 -21.3433
300127 2 3 5 8.0174 2.2996
000927 2 3 5 -0.297 -18.2232
002556 2 3 5 90.0761 -20.4317
002393 1 4 5 29.0451 -12.2522
002176 3 2 5 9.638 13.6808
002178 3 2 5 45.2357 -11.6668
600251 2 3 5 9.2619 -9.9779
000602 1 4 5 delist
002547 2 3 5 4.7904 -9.5614
000547 3 2 5 31.4869 -11.6477
000543 1 4 5 23.9159 -14.7143
002283 3 2 5 19.8893 -20.8065
600658 1 4 5 25.0266 24.3393
600380 1 4 5 16.8966 -13.843
000990 2 3 5 15.2074 13.5258
000062 3 2 5 123.5849 -11.9386
300201 1 4 5 31.2057 -2.5656
600860 3 2 5 7.4607 8.1492
002108 3 2 5 7.0153 4.9295
600666 3 2 5 12.4797 -12.9217
002034 3 2 5 43.7678 1.2603
002631 3 2 5 79.8981 -6.8725
300235 3 2 5 54.9411 26.9639
300019 1 4 5 52.904 -17.3979
600875 3 2 5 23.0691 -21.3851
000088 2 3 5 81.6817 -18.7163
002345 3 2 5 2.8259 -4.8608
002124 3 2 5 31.9287 -11.3023
000878 3 2 5 -10.2062 -29.3558
000652 4 1 5 40.6728 -12.963
600502 0 5 5 23.2593 -14.0293
000090 2 2 4 -3.4483 -3.9601
600851 2 2 4 -3.1637 32.3374
002484 3 1 4 54.9742 8.428
600581 2 2 4 -2.1327 -20.5173
600617 4 0 4 132.3367 0.0
600037 2 2 4 28.5479 1.8193
002668 2 2 4 67.8248 2.5725
002320 2 2 4 11.0303 -15.0976
002329 2 2 4 0.1685 11.1504
600289 1 3 4 27.9021 4.1076
002499 2 2 4 57.4007 -3.3832
002252 1 3 4 126.1905 0.0019
600485 3 1 4 174.5649 4.2641
600006 2 2 4 5.0542 -0.9401
600550 2 2 4 -4.7619 -15.861
300294 2 2 4 16.9623 25.3392
600836 2 2 4 38.6491 -9.3883
300123 2 2 4 47.7175 -12.6036
601519 2 2 4 82.5137 1.9874
600636 2 2 4 14.257 -31.1124
600129 3 1 4 3.9855 9.5731
603167 2 2 4 25.1874 -13.7027
600463 2 2 4 34.6021 -11.0725
300266 2 2 4 34.9004 9.4571
300281 2 2 4 48.3954 -24.2503
300282 2 2 4 14.6341 50.1756
002307 2 2 4 12.7835 -23.2704
002697 2 2 4 47.309 -6.6605
600206 2 2 4 33.0812 36.0595
600209 2 2 4 9.4474 -31.1678
600811 2 2 4 27.5862 -13.31
600782 2 2 4 0.6494 -34.6723
600360 2 2 4 4.4619 -16.7986
002424 3 1 4 76.4092 -11.0108
000597 2 2 4 21.9684 -26.148
300158 2 2 4 34.1153 1.8025
600685 4 0 4 73.9633 -12.8609
002181 1 3 4 21.7241 17.4777
002183 1 3 4 3.7764 36.4821
002430 1 3 4 5.7143 -29.4429
002434 1 3 4 51.2658 -18.7464
600693 2 2 4 14.5614 -12.8205
002531 2 2 4 23.4994 -15.3534
002532 2 2 4 36.9928 4.1142
002406 2 2 4 29.3605 -12.8091
002402 2 2 4 74.6544 1.3831
002151 2 2 4 3.6582 12.6884
000026 1 3 4 17.2162 -3.3382
000027 2 2 4 9.3439 -12.7471
601388 1 3 4 5.9977 -18.4501
002238 2 2 4 23.4579 -6.4926
002231 2 2 4 28.4569 -21.028
002237 2 2 4 0.7331 -29.0816
002526 2 2 4 13.6364 -31.916
002529 2 2 4 -8.48 9.484
600759 4 0 4 107.4233 -13.913
600756 2 2 4 58.4381 -10.7027
000563 2 2 4 6.3405 15.9208
000707 2 2 4 7.6455 -28.5714
002392 1 3 4 17.2061 -28.5733
000551 2 2 4 38.5524 -4.6259
600469 2 2 4 8.0 -20.1361
000957 2 2 4 102.7833 -12.0069
002607 2 2 4 14.673 3.348
000045 2 2 4 19.7605 -7.9838
300192 2 2 4 47.2095 -11.0503
002540 2 2 4 58.9172 -10.3987
002167 1 3 4 16.3432 -34.9935
000839 2 2 4 -1.7248 16.6378
300327 2 2 4 155.9445 -0.3593
601010 1 3 4 11.6013 -25.809
600724 1 3 4 -1.8735 -20.6053
002115 2 2 4 15.3986 -8.9154
002289 2 2 4 -13.2669 3.6977
600657 2 2 4 3.8585 -26.1096
002297 2 2 4 25.1884 -4.4299
601718 1 3 4 15.8593 -15.7534
002581 2 2 4 47.6721 -20.0791
000988 2 2 4 20.0348 -8.7318
600288 2 2 4 21.2111 -12.7923
002404 2 2 4 27.1777 -17.7556
002351 2 2 4 20.1521 54.1447
002139 2 2 4 45.1258 11.418
600677 2 2 4 61.492 -13.2544
600456 2 2 4 7.8431 -24.7682
300313 2 2 4 32.0374 7.3211
600712 1 3 4 -6.8075 -6.2613
002348 2 2 4 1.0786 21.9689
001696 2 2 4 0.0 -4.5656
600330 2 2 4 84.1102 -7.9545
000897 2 2 4 153.4884 -18.9394
002341 0 4 4 3.1756 39.6034
002061 2 1 3 13.9623 -27.391
002666 1 2 3 46.6667 -19.539
002662 1 2 3 20.2946 -21.8116
000796 2 1 3 14.2857 -26.4463
002321 2 1 3 29.5688 -14.5763
600828 2 1 3 20.9567 -1.3355
600829 1 2 3 0.4545 -26.7974
600629 2 1 3 53.5304 -16.7553
600487 1 2 3 11.2691 -16.6964
002673 1 2 3 14.586 -17.6429
002678 1 2 3 7.7481 -1.3043
000780 1 2 3 -15.0838 -34.7543
600635 2 1 3 45.7364 -15.4013
600303 2 1 3 22.1264 -26.8079
002441 1 2 3 20.5108 -8.2352
600017 1 2 3 11.4035 -18.0851
300262 1 2 3 19.3471 6.5979
002301 1 2 3 64.7129 -17.4497
002247 1 2 3 80.0905 -14.956
002054 2 1 3 17.2415 -11.6279
600818 2 1 3 7.1795 8.2636
600810 2 1 3 31.6008 -13.2616
600816 2 1 3 14.2743 9.9825
002514 3 0 3 73.6603 -9.1058
002190 1 2 3 22.9708 -21.744
600871 1 2 3 -49.8819 36.6129
600963 1 2 3 18.75 -22.7778
002213 2 1 3 16.1929 17.28
601799 1 2 3 43.4174 3.7838
600516 2 1 3 -6.0494 -4.5455
000582 1 2 3 32.0047 -20.777
000586 1 2 3 24.3802 0.1984
000761 1 2 3 15.2633 -20.6587
300094 2 1 3 50.9804 6.6528
601018 1 2 3 20.7921 -14.2374
300161 2 1 3 73.2576 3.2746
002227 2 1 3 83.2181 -9.1702
002084 2 1 3 13.3017 -15.2155
002536 1 2 3 58.729 -1.1378
600188 1 2 3 -5.5319 -42.4578
600435 1 2 3 11.3176 16.3645
601001 2 1 3 1.0542 -33.177
002527 2 1 3 2.2658 28.9664
002149 2 1 3 43.2432 -13.0461
600405 2 1 3 13.9928 10.6218
000708 1 2 3 7.6779 -19.3694
000705 2 1 3 13.3034 -4.0104
601616 2 1 3 15.2047 -11.2361
002171 2 1 3 17.5325 -18.4896
002173 3 0 3 31.4465 -33.6082
000952 2 1 3 -5.1862 -0.2642
601002 1 2 3 7.6537 -15.572
300195 2 1 3 52.0394 5.3768
002543 2 1 3 53.8089 -9.8041
600737 2 1 3 6.1753 -10.8963
000545 2 1 3 -200.0 -200.0
000541 2 1 3 11.3086 11.2419
000722 2 1 3 13.8756 -16.4736
600262 1 2 3 3.7818 -7.9453
300214 1 2 3 19.8163 -27.3701
300213 1 2 3 96.0095 6.3181
002379 1 2 3 15.942 -12.1479
300203 2 1 3 20.9658 -2.0237
600716 1 2 3 50.5155 1.7094
600717 2 1 3 70.3187 -11.9071
002105 1 2 3 21.6667 -11.2396
600026 1 2 3 39.9425 -18.7215
300011 1 2 3 51.8962 27.105
002355 2 1 3 -11.7503 29.5597
600706 1 2 3 22.0497 -12.8
601099 3 0 3 18.8815 -16.0804
002642 2 1 3 7.3502 79.7609
600713 2 1 3 21.659 -3.956
300008 1 2 3 56.5951 -1.9141
002120 2 1 3 34.4371 -24.025
600333 1 2 3 -0.7407 -5.9839
603002 1 2 3 1.8987 -23.1483
300167 0 3 3 36.2903 83.0476
002397 0 3 3 33.2127 -16.2551
600781 1 1 2 14.6398 -7.4874
000918 2 0 2 2.3831 -15.8385
600850 1 1 2 -7.5497 -5.4328
601677 1 1 2 15.4188 -25.5208
600586 1 1 2 -4.8193 -9.7561
600611 1 1 2 22.5962 2.549
002066 1 1 2 24.505 -16.541
002067 1 1 2 10.1523 -20.0803
600107 1 1 2 6.7114 -15.1899
002461 1 1 2 21.767 -12.7163
000795 1 1 2 -19.4245 9.5445
300245 1 1 2 13.2509 42.1538
600822 1 1 2 141.5584 -17.5365
601666 2 0 2 1.1538 -29.652
002070 1 1 2 -10.1639 -5.7274
600482 1 1 2 38.7534 -10.962
600132 1 1 2 7.7179 -14.0167
600133 1 1 2 11.0236 -11.3793
000411 1 1 2 25.0588 -1.4002
000785 1 1 2 17.5153 -15.8784
601999 1 1 2 22.1756 1.528
300272 2 0 2 37.2788 -4.7536
601008 1 1 2 32.1678 -11.3192
600831 1 1 2 11.8441 -10.6844
600830 1 1 2 44.4611 6.7035
600833 1 1 2 30.173 -15.8025
300121 1 1 2 39.2936 10.5882
300129 1 1 2 52.8139 -12.8261
002264 1 1 2 37.9167 -14.1191
600638 2 0 2 27.633 16.0714
002045 1 1 2 17.1548 14.4153
600120 1 1 2 12.9613 -2.7588
000939 1 1 2 26.1759 -22.0313
600307 1 1 2 -5.4086 -13.8889
600302 1 1 2 32.0 -15.7761
002681 1 1 2 197.8089 73.3341
002448 1 1 2 -6.0638 4.0253
000681 1 1 2 77.0655 0.0
300264 1 1 2 35.1541 26.9421
603766 1 1 2 32.1629 -9.91
300286 1 1 2 209.4965 1.6732
600802 1 1 2 -18.5547 -10.5479
002276 1 1 2 8.5648 -12.1756
600159 1 1 2 11.7647 -8.6022
600378 2 0 2 17.3273 -12.5919
000929 1 1 2 38.9351 -2.7027
600371 1 1 2 9.0509 -21.1961
000923 1 1 2 14.7475 -10.3261
002693 1 1 2 38.0827 -14.0838
002455 1 1 2 36.3966 -14.4253
002454 1 1 2 19.8178 -2.3681
600573 1 1 2 13.1679 -12.6036
600577 1 1 2 5.4795 -18.4226
000697 2 0 2 -12.9771 -8.441
002144 1 1 2 25.837 8.0477
002143 1 1 2 46.7105 -12.381
600971 1 1 2 -7.4026 -30.5467
600973 1 1 2 27.7733 -1.2531
300140 1 1 2 168.3438 -3.5644
002200 1 1 2 9.5017 1.4417
002206 2 0 2 16.0752 -10.7632
002205 1 1 2 48.0962 -18.2203
002208 1 1 2 24.9908 -19.1291
002515 1 1 2 22.9718 -2.0578
002512 1 1 2 -5.28 34.0
002197 1 1 2 75.4054 -17.3077
600365 1 1 2 1.599 -32.6892
002427 1 1 2 16.1565 -15.1815
600215 1 1 2 0.5006 -16.8067
600217 1 1 2 9.7506 -23.951
600212 1 1 2 13.9194 -13.4796
000595 1 1 2 2.9183 -27.5242
000593 1 1 2 20.434 -15.3263
000968 1 1 2 12.2253 -36.3395
000007 1 1 2 4.7547 -11.7237
600962 1 1 2 9.9822 -24.6082
600064 1 1 2 15.7608 -12.9349
300151 2 0 2 89.5089 1.3873
600684 1 1 2 -3.4025 9.8605
600178 1 1 2 7.9002 -33.0623
600170 1 1 2 12.5408 -22.449
002184 1 1 2 63.5417 -4.902
002186 1 1 2 34.6648 -11.2891
600773 1 1 2 -11.5848 12.2944
600192 1 1 2 2.2355 18.6278
600193 1 1 2 6.4311 -22.1273
002432 1 1 2 31.6607 57.5832
002435 1 1 2 26.947 -3.1261
000587 1 1 2 22.3851 -2.5478
000589 1 1 2 16.7043 -8.983
600355 1 1 2 30.3178 -14.876
600353 1 1 2 32.7265 -28.8204
000767 1 1 2 1.3245 -30.9091
000766 1 1 2 10.0204 -10.1243
000762 1 1 2 -8.2537 13.9336
002189 1 1 2 17.8019 -11.4278
000016 1 1 2 27.8146 -2.2295
300095 1 1 2 53.1106 -14.062
002228 1 1 2 19.3078 23.5154
002088 1 1 2 24.5665 -16.9099
600160 1 1 2 -0.2543 -29.0346
601588 2 0 2 1.277 1.3605
000573 1 1 2 21.5457 -2.0501
000975 1 1 2 4.9261 -22.1453
000719 1 1 2 20.9157 6.1878
000713 1 1 2 14.1451 -20.1506
000711 1 1 2 19.9601 -27.6204
000488 1 1 2 33.9171 -6.0367
000620 2 0 2 18.8023 -4.2857
000020 1 1 2 21.7472 -10.5863
300084 1 1 2 44.6199 -14.5816
000906 1 1 2 67.3322 -17.8058
300172 1 1 2 55.1006 0.2581
300176 1 1 2 27.5744 -7.7216
600291 1 1 2 18.6207 -18.4941
002235 1 1 2 25.5621 23.113
002145 1 1 2 -9.3674 -29.3089
002417 1 1 2 10.9149 -9.8748
600530 1 1 2 16.2003 -8.6923
002094 1 1 2 8.8983 -19.7072
600249 1 1 2 13.0292 -1.9305
600243 1 1 2 3.9872 7.0909
000564 1 1 2 17.2233 -13.0435
000702 1 1 2 24.0 -13.0734
601919 1 1 2 9.6346 -19.9475
000037 1 1 2 13.4615 -12.2931
000034 1 1 2 0.2381 0.2506
300186 1 1 2 29.8834 -12.483
300180 1 1 2 36.318 -9.1627
601107 1 1 2 7.5188 -13.972
002555 1 1 2 168.4985 -3.983
002399 1 1 2 14.0449 5.1874
601618 1 1 2 8.6957 -21.0784
000821 1 1 2 9.5652 -13.9706
000825 1 1 2 2.7837 -23.7237
000552 1 1 2 3.7267 -10.6754
600419 1 1 2 24.4689 23.3304
002541 1 1 2 28.6674 -20.0546
002546 1 1 2 11.9454 -7.7447
002169 1 1 2 50.8728 -12.0763
002166 1 1 2 56.9805 -16.5107
600080 1 1 2 27.5852 -15.1899
000546 1 1 2 13.6961 -12.1262
600460 1 1 2 7.3345 31.2644
000721 1 1 2 30.2505 -9.5193
002615 1 1 2 56.2588 26.4192
002613 1 1 2 32.1839 -22.3199
000837 1 1 2 31.1828 -9.12
000619 1 1 2 17.609 -25.6135
300035 1 1 2 49.7319 -9.8597
002377 1 1 2 37.3358 -15.9754
002373 1 1 2 62.4633 29.0445
002370 1 1 2 34.3648 51.2755
600725 1 1 2 -0.5305 -10.4738
601636 2 0 2 44.9091 -19.1992
000823 1 1 2 0.612 -15.2949
002119 1 1 2 9.7264 4.5864
002110 1 1 2 -17.6786 17.0
600096 1 1 2 11.3892 -31.9328
601700 1 1 2 71.7131 -15.226
002027 1 1 2 56.0117 -13.8958
600477 1 1 2 6.6474 -15.2913
000993 1 1 2 1.6692 -32.2741
600272 1 1 2 29.8113 -20.1594
000663 1 1 2 77.0769 -19.1411
300209 1 1 2 11.1684 42.9674
300330 1 1 2 67.7997 -2.43
300023 1 1 2 39.0606 3.287
002365 1 1 2 14.0306 -22.3514
002363 1 1 2 68.5239 -17.9508
600866 1 1 2 25.7703 -22.4138
002295 1 1 2 5.7041 -10.6688
000524 1 1 2 18.0392 -20.9297
002039 1 1 2 -12.0879 -12.1865
000980 1 1 2 -19.2982 17.8251
002633 1 1 2 34.9911 -7.4722
000851 1 1 2 24.1026 14.2442
000852 1 1 2 31.5385 -17.0879
000859 1 1 2 7.485 -29.9795
000078 1 1 2 21.7742 -14.7383
002401 1 1 2 23.3857 -11.9831
002150 1 1 2 40.2222 -15.307
002134 1 1 2 37.6033 -7.6208
002136 1 1 2 -2.0772 -19.3694
002132 1 1 2 4.1765 -15.0342
600676 1 1 2 65.9574 -8.8533
600058 1 1 2 24.4037 -20.4593
600057 1 1 2 86.5753 -7.9208
600054 1 1 2 0.4959 -23.2077
600051 1 1 2 16.899 -31.8111
002003 1 1 2 25.2439 -13.4652
002644 1 1 2 69.02 -18.657
000886 1 1 2 25.1572 -4.7753
000880 1 1 2 11.3372 -8.9038
603128 1 1 2 122.4786 -10.2293
300221 1 1 2 19.112 -9.9669
002362 1 1 2 32.314 6.086
600848 1 1 2 35.8674 -19.5046
002121 1 1 2 10.9467 -7.1431
600593 1 1 2 4.8683 -9.6168
000507 1 1 2 67.9128 -22.2268
600112 1 1 2 41.8142 -15.7156
600339 1 1 2 31.5152 -26.7974
002657 1 1 2 23.8908 -10.106
601880 1 1 2 21.3981 -15.6716
600784 0 2 2 21.286 -19.3489
300062 0 2 2 41.4093 -9.988
600131 0 2 2 -8.5607 -17.2414
300132 0 2 2 59.7325 -9.4117
002195 0 2 2 62.5514 -16.9812
600560 0 2 2 23.7337 -1.4965
600997 0 2 2 -2.2807 -46.3502
600163 0 2 2 -6.1538 -22.5743
600183 0 2 2 13.1699 0.6608
002407 0 2 2 29.1862 -19.3251
000715 0 2 2 40.5921 7.779
002096 0 2 2 -14.4704 18.3761
000635 0 2 2 37.4644 -14.8931
600396 0 2 2 22.4056 1.4493
600310 0 2 2 25.0282 -17.5063
002291 0 2 2 15.9596 -11.3835
002632 0 2 2 37.149 -9.2024
300234 0 2 2 40.262 20.6126
600233 0 2 2 5.7627 -32.2488
600117 0 2 2 -1.6173 -16.6312
300102 1 0 1 38.4328 5.3646
600589 1 0 1 -1.735 -2.7829
002243 1 0 1 11.8674 -30.6513
002062 1 0 1 12.1718 -16.4718
000403 1 0 1 16.4444 -25.7977
300240 1 0 1 11.7391 -6.4908
000902 1 0 1 30.5483 -8.5876
300065 1 0 1 82.1337 -12.7312
002494 1 0 1 45.0315 2.1413
002076 1 0 1 32.3333 -5.14
601339 1 0 1 34.1722 -11.15
002473 1 0 1 123.8892 25.7294
002044 1 0 1 26.2118 -15.4872
002442 1 0 1 4.6512 -20.0811
002483 1 0 1 49.8968 -9.2208
600370 1 0 1 10.1942 -10.9792
002452 1 0 1 54.7538 6.599
002141 1 0 1 19.1667 18.618
600975 1 0 1 19.3047 -15.122
002209 1 0 1 32.3471 -18.5927
600219 1 0 1 11.0874 -24.731
600218 1 0 1 10.4623 -6.254
000599 1 0 1 24.5335 -6.5156
601777 1 0 1 21.6319 -13.0363
600172 1 0 1 6.0995 -8.0318
600173 1 0 1 -0.3546 -15.0402
002180 1 0 1 20.0 -23.9957
002182 1 0 1 9.1045 -14.6989
002188 1 0 1 8.377 -4.7088
600510 1 0 1 28.7526 -26.6066
600356 1 0 1 6.8182 -12.911
600779 1 0 1 -11.082 -22.2963
000011 1 0 1 -1.5132 28.0389
000517 1 0 1 2.9474 -16.0494
600992 1 0 1 19.0893 -12.1298
002222 1 0 1 28.3806 -5.6966
601168 1 0 1 -0.3697 -22.4213
002534 1 0 1 -6.3644 -3.5175
600168 1 0 1 21.2991 -1.554
600760 1 0 1 3.4979 -7.6923
002156 1 0 1 36.9048 7.1622
600508 1 0 1 1.9547 -29.1217
600235 1 0 1 -4.8212 3.5549
600346 1 0 1 28.8719 -17.9567
600987 1 0 1 4.4362 -6.394
002233 1 0 1 10.4811 -20.5935
002418 1 0 1 20.4904 -22.0197
000812 1 0 1 13.4986 -15.5963
000965 1 0 1 11.9919 -1.6098
000534 1 0 1 -3.619 -9.761
601106 1 0 1 3.5274 -19.9203
600747 1 0 1 4.6961 -12.8954
000558 1 0 1 7.837 -15.4255
300114 1 0 1 21.0606 8.5649
002383 1 0 1 31.374 -15.4878
600084 1 0 1 -0.2532 -21.7647
600644 1 0 1 13.521 -10.5
600461 1 0 1 27.3828 -13.2535
300329 1 0 1 38.6707 -18.4192
002577 1 0 1 68.693 0.389
002372 1 0 1 44.5854 -6.0783
600099 1 0 1 11.1349 -12.1101
600386 1 0 1 39.1156 -11.3302
600476 1 0 1 33.9763 -0.7278
600278 1 0 1 97.3776 -13.0343
600005 1 0 1 -1.7857 -18.8636
002082 1 0 1 33.9893 -12.9291
600662 1 0 1 37.4622 -19.6992
000526 1 0 1 100.0 0.0
000856 1 0 1 12.931 -25.0794
600876 1 0 1 5.5188 -13.1679
600673 1 0 1 43.2432 -2.8303
000519 1 0 1 17.7298 -3.8801
000089 1 0 1 23.094 -11.8519
300225 1 0 1 101.8156 -10.9464
600715 1 0 1 -25.9943 11.041
600711 1 0 1 11.5169 -23.7895
002343 1 0 1 15.3623 -10.6985
600847 1 0 1 9.863 -1.0108
600592 1 0 1 5.6368 -14.0811
600602 1 0 1 72.7829 -12.5326
600331 1 0 1 0.4938 -26.4865
300258 0 1 1 22.2857 -12.3854
300100 0 1 1 36.1266 -17.8767
002489 0 1 1 16.7048 3.8565
002485 0 1 1 3.1299 -15.027
300067 0 1 1 62.6374 -8.3518
600480 0 1 1 9.2044 -4.4588
600663 0 1 1 61.3485 -0.5882
601000 0 1 1 16.7939 -15.6915
000932 0 1 1 19.7531 -20.6897
000421 0 1 1 15.1671 -14.8274
002306 0 1 1 64.6497 -28.0079
600792 0 1 1 7.1166 -16.7343
300141 0 1 1 9.9765 5.5632
002517 0 1 1 -29.8401 42.3899
600785 0 1 1 11.831 -15.0388
600361 0 1 1 9.0452 -10.4324
600569 0 1 1 8.125 -20.0
002217 0 1 1 34.0483 -14.2857
002502 0 1 1 66.1412 2.8377
600513 0 1 1 20.1794 -16.5318
300099 0 1 1 30.4752 -0.7121
002224 0 1 1 20.4674 29.453
002086 0 1 1 13.625 -20.5854
002087 0 1 1 22.6837 -13.079
002538 0 1 1 -5.4634 -12.8609
002409 0 1 1 9.6622 -1.2617
000809 0 1 1 25.0294 -4.3527
000570 0 1 1 3.4473 -14.0078
000978 0 1 1 0.9852 -12.628
000021 0 1 1 18.6517 2.8464
600751 0 1 1 75.6374 -14.2757
600070 0 1 1 15.3736 -13.0928
000554 0 1 1 35.7143 -21.8684
000736 0 1 1 -5.3134 -16.0422
002381 0 1 1 46.7153 -4.7648
002388 0 1 1 10.7098 8.106
601608 0 1 1 4.2139 -9.9174
600081 0 1 1 52.4064 -18.9264
000617 0 1 1 7.0465 -6.9577
000616 0 1 1 22.1053 -6.597
002374 0 1 1 12.1951 -11.4428
002280 0 1 1 41.9426 3.0702
600097 0 1 1 19.717 -15.5791
600277 0 1 1 24.3421 -22.7481
300028 0 1 1 20.5533 17.3675
300306 0 1 1 58.815 -3.1973
300018 0 1 1 44.685 -0.6989
002133 0 1 1 -1.9949 -2.4631
002640 0 1 1 -27.2632 45.0967
600297 0 1 1 -20.9266 7.402
000882 0 1 1 13.7437 -16.0279
000889 0 1 1 4.2254 -3.729
002127 0 1 1 125.4237 -15.0838
600595 0 1 1 3.6827 -12.3597
600110 0 1 1 22.5352 -11.3636
002651 0 1 1 35.9102 -5.7576
