601166 223 272 495 -9.6636 38.9675
000002 233 210 443 -1.0912 20.0474
600048 182 226 408 -23.2653 26.3941
600016 177 208 385 13.3466 39.115
601318 161 210 371 -20.0623 7.9876
600837 160 195 355 -6.6667 6.9937
600519 147 175 322 -6.4065 -14.9634
600030 130 185 315 -23.0243 13.3164
600000 132 176 308 -8.8768 34.4173
600383 158 146 304 3.0221 39.5626
000024 135 148 283 -15.3968 43.7019
600585 129 147 276 -25.823 15.4568
000001 120 127 247 3.1703 22.9257
600887 137 103 240 49.9273 3.1925
600104 99 138 237 -22.7485 30.2806
000651 100 137 237 -1.3386 19.2703
002241 138 93 231 73.5416 1.0995
601601 90 134 224 -25.1058 11.221
600036 92 130 222 -6.0006 35.3346
002415 126 88 214 12.5478 12.2294
000625 115 97 212 48.5218 25.4717
000423 96 104 200 -4.3048 4.3647
600518 86 80 166 45.5715 -16.9406
601117 79 87 166 16.6667 19.9418
600809 77 88 165 -37.5735 9.4875
601628 47 114 161 -31.6583 13.2275
601169 61 99 160 -11.5427 35.3712
600406 99 56 155 35.7631 -9.6392
600315 70 81 151 33.9624 9.3033
601788 68 80 148 -24.553 12.0827
000100 74 71 145 5.1145 15.2632
000063 79 65 144 36.0726 -12.6344
000895 72 70 142 35.9305 -4.2975
000157 60 81 141 -41.5501 6.8445
002236 70 70 140 65.9752 13.0488
002081 71 66 137 1.8215 18.973
002146 66 67 133 9.4311 57.3678
600703 85 45 130 45.0517 -10.6466
600031 50 79 129 -28.9499 10.3125
002106 67 62 129 0.1329 -5.7266
000581 62 65 127 4.6708 28.267
000069 41 84 125 -28.3934 33.9286
601901 60 63 123 26.2557 2.0833
600028 52 70 122 -17.488 15.5259
601699 55 67 122 -45.0872 16.7467
600276 58 63 121 -3.0272 -0.6928
601668 57 62 119 -15.0649 27.0358
300115 70 49 119 19.8587 -6.5271
300027 70 47 117 105.4376 -7.8266
002038 68 49 117 81.4656 10.5028
002375 59 57 116 15.7683 4.8713
600332 71 45 116 76.7802 -6.6346
000049 59 56 115 98.5056 -8.0602
002273 51 61 112 35.6667 -2.904
300070 63 48 111 52.473 15.4621
601288 58 53 111 -5.0672 13.8211
600418 54 56 110 5.3973 31.5992
600011 46 64 110 -22.4964 12.7962
600690 42 61 103 -13.5418 18.2701
002456 47 54 101 126.0356 16.3571
000400 57 44 101 40.9133 43.9836
600309 49 51 100 8.464 12.789
600256 55 44 99 20.1477 11.4208
600805 38 61 99 -5.2478 34.9206
600079 49 48 97 13.0472 8.5887
300088 57 39 96 110.4118 2.7027
000538 47 48 95 26.5373 9.3248
600199 45 50 95 -26.4791 -9.8122
600535 40 54 94 42.5265 7.4456
002482 46 45 91 5.3037 19.9884
002140 43 48 91 12.4533 -6.0684
000826 48 43 91 54.9269 4.7855
600157 36 54 90 -35.2169 7.6659
600352 57 33 90 57.9691 3.7607
000937 42 47 89 -35.3114 8.1314
000568 33 55 88 -31.8429 -8.0519
600596 49 39 88 43.2273 -15.3499
000800 48 40 88 46.0808 21.9941
002450 47 40 87 74.0643 12.6043
600261 56 31 87 49.4196 0.3476
600801 43 44 87 -27.3315 28.125
600637 52 34 86 76.4335 -1.6119
002570 50 34 84 93.9167 3.4192
000858 33 51 84 -26.52 -16.7257
600376 33 51 84 -32.2441 35.5372
600795 44 39 83 -6.6625 9.5833
600067 45 38 83 30.8092 34.7023
002353 58 24 82 91.4056 8.0272
000999 33 48 81 27.8066 3.5839
002230 38 42 80 55.7653 6.6151
600066 35 45 80 39.0812 15.7556
601633 36 43 79 54.3734 35.1968
600362 38 39 77 -31.832 5.9503
601377 31 46 77 -24.3433 27.7836
002005 53 24 77 32.1023 6.2874
600060 34 43 77 5.3038 3.2686
600388 33 43 76 110.5206 -6.7688
300058 48 28 76 86.5889 7.9812
002385 33 43 76 -3.4017 1.2184
601328 30 45 75 -15.735 15.9624
000338 34 41 75 -30.904 31.4002
601888 36 38 74 9.7334 -3.1438
002431 40 33 73 0.5097 0.7888
300090 39 34 73 61.6754 31.5417
601398 29 43 72 4.3435 10.6667
000848 42 30 72 66.9853 -17.8058
600557 30 41 71 27.1432 6.8859
601088 25 46 71 -31.8584 10.1695
600340 41 30 71 20.0807 58.4175
300136 41 30 71 53.1191 17.2287
000028 35 35 70 -18.3746 4.1298
002022 47 23 70 44.9992 -3.1365
000661 39 31 70 62.7449 22.2
600062 32 37 69 -10.4257 -0.5694
000401 33 35 68 -38.8848 15.4812
002310 33 35 68 24.866 5.8416
000725 38 30 68 -1.7699 18.8482
601009 24 44 68 -6.8508 21.6931
000731 40 27 67 20.0176 15.4459
600312 34 32 66 27.556 -2.2849
600702 28 38 66 -48.2564 -11.3811
002138 40 26 66 36.7297 -2.2342
600015 23 43 66 -10.9576 28.7313
000963 30 35 65 17.2749 -1.4493
000776 21 44 65 -27.0092 13.3824
600498 35 30 65 51.6942 -6.183
601607 34 31 65 -3.8009 -5.7676
600108 42 22 64 -4.6784 30.0952
000527 38 26 64 delist
600741 14 50 64 -28.3747 17.9325
600252 46 18 64 53.3702 -5.2905
600594 31 33 64 52.8024 -4.4413
300104 31 32 63 162.7317 -3.5421
600583 40 23 63 12.5802 6.1483
600867 44 19 63 91.2247 2.9252
601998 24 39 63 -11.4558 17.5342
300026 35 26 61 50.5318 2.2961
300083 32 29 61 41.3333 24.5361
300273 41 20 61 180.3325 -1.9355
600089 39 22 61 26.4412 0.78
002400 32 29 61 136.2006 12.4574
300251 30 30 60 112.5885 51.4719
000671 29 31 60 47.3324 58.8115
002325 34 25 59 15.6637 -6.5934
601299 26 33 59 delist
600521 31 28 59 73.1223 -18.8034
300228 31 28 59 136.9941 10.7492
600085 30 29 59 21.9621 3.1847
002304 21 38 59 -40.2219 -25.304
002065 31 27 58 43.238 -20.565
000961 26 32 58 -26.4108 45.6476
601688 28 30 58 -14.4899 1.6598
601336 29 29 58 -5.687 17.5847
600123 21 36 57 -37.252 2.8905
600422 25 31 56 37.5392 5.3002
601006 30 26 56 -7.4845 10.8197
300105 24 32 56 26.3662 9.4124
002294 20 36 56 15.9127 43.2847
300024 32 24 56 38.5677 14.766
300168 26 30 56 82.0918 10.8696
600348 30 26 56 -36.1582 -1.4915
000656 29 27 56 -18.62 60.3982
600750 28 27 55 -6.5055 -2.521
600511 26 29 55 1.3094 2.8955
600597 29 25 54 42.3054 15.3756
300113 29 24 53 65.9285 5.1282
600559 23 30 53 -28.1081 29.9262
300017 29 24 53 129.1482 -11.5707
002008 26 27 53 39.2777 9.9462
600880 32 21 53 90.1627 -2.132
300315 32 21 53 217.8112 -7.3161
600720 29 23 52 -16.52 -2.5983
600196 26 26 52 1.8465 -1.8709
000012 29 23 52 15.7152 16.3611
002305 30 22 52 33.8744 36.2069
002055 30 21 51 80.5978 -9.1772
002007 31 20 51 8.274 -18.9522
600372 30 20 50 34.6401 -12.091
300074 32 18 50 52.9277 34.1837
000562 20 30 50 delist
600570 22 27 49 23.5893 -10.8903
002638 31 18 49 30.283 -28.038
002250 23 26 49 5.1307 3.7234
600027 26 23 49 -20.6549 9.4444
002244 22 26 48 -21.2987 47.619
600546 21 27 48 -40.7407 -0.8768
601886 22 26 48 21.5038 24.8568
600153 23 24 47 -5.9791 35.4528
002422 23 24 47 -6.3695 12.2645
002028 26 20 46 12.4019 5.2036
000525 25 21 46 27.0339 0.4274
601928 34 12 46 23.8586 -17.3784
000970 22 24 46 -19.4379 5.1108
600166 21 25 46 -22.8991 9.4309
300079 27 18 45 29.8877 11.8207
002635 24 21 45 46.5286 -9.375
601669 12 33 45 -24.0106 22.4359
300207 20 24 44 37.8845 -0.5503
000596 22 22 44 -37.2124 -6.8478
002646 27 17 44 -13.8651 -6.8281
300303 28 16 44 84.2933 11.0569
600886 25 19 44 -5.5581 35.5294
600050 22 22 44 -10.0865 -5.1491
600547 14 30 44 -14.8874 -8.5331
300039 16 28 44 12.7514 -0.9783
600395 17 26 43 -46.0495 -7.2985
300133 28 15 43 126.1541 9.375
002573 23 19 42 68.2112 5.3097
002554 23 19 42 61.6584 -6.8058
002073 22 20 42 15.6276 -5.3817
000513 17 25 42 7.1839 26.3158
300124 25 17 42 45.6986 26.3852
002440 26 16 42 68.0488 -4.835
300072 21 20 41 80.5417 6.4114
002063 21 20 41 0.417 -5.4194
600329 20 21 41 23.9923 -2.8682
300241 18 23 41 59.2527 10.6734
300014 22 19 41 123.3571 -2.3593
000050 24 17 41 51.3592 4.3536
300146 25 15 40 12.7784 9.7906
300059 21 19 40 193.068 -8.4878
600999 19 21 40 0.2893 2.2287
000630 15 24 39 -41.6918 -4.2068
000522 18 21 39 delist
002475 19 20 39 11.8464 -10.1007
002223 22 17 39 25.2927 -1.211
000598 15 23 38 44.461 4.2313
300182 20 18 38 55.7092 -5.7143
600316 22 16 38 25.1002 20.2454
300057 23 15 38 82.9079 4.9268
300005 18 20 38 -31.7614 -2.8409
002653 18 20 38 109.5927 -10.6563
300020 20 17 37 81.959 -2.4427
000917 22 15 37 18.8889 -16.2185
002630 24 13 37 25.3993 -2.2156
600900 17 20 37 1.0219 6.3467
600267 20 17 37 -12.998 -4.7345
601939 20 17 37 -2.5987 15.5779
600366 24 12 36 -0.8788 -8.3189
000783 11 25 36 -15.5816 1.8418
002104 24 12 36 41.0029 -15.3916
002292 23 13 36 80.5366 0.8542
002317 18 18 36 44.136 1.9802
002311 15 21 36 -9.5627 4.2683
600118 17 19 36 17.4547 14.406
600804 18 18 36 77.9832 -8.8685
002271 21 14 35 21.41 7.5458
002024 15 20 35 -24.6182 -4.1787
002064 21 14 35 47.0339 0.8529
300205 22 13 35 108.4664 -1.2448
601989 19 16 35 -1.9523 0.4211
601766 11 24 35 -27.4194 20.6813
600517 21 14 35 5.8024 0.7299
000860 20 15 35 -18.1795 1.1364
600549 11 24 35 -29.7933 -3.491
600587 16 18 34 34.9425 8.0208
002142 11 23 34 -18.0851 17.7901
002672 15 19 34 -10.0165 6.6837
002508 19 15 34 75.5325 4.7973
300212 20 14 34 105.6541 4.7521
601311 19 14 33 14.0469 9.9246
600138 11 22 33 -16.4856 -3.6903
002477 16 17 33 -12.0334 3.6011
300197 19 14 33 20.0816 2.3401
000888 16 17 33 -17.8526 -8.6607
600161 19 14 33 13.6986 -9.0643
600184 21 12 33 17.1948 42.4798
600728 23 9 32 39.3271 -8.2002
600073 22 10 32 8.5213 0.627
002594 16 16 32 54.8137 42.1089
600389 16 16 32 141.9366 -9.6754
600208 14 18 32 -26.0766 24.5665
000669 18 14 32 30.2582 10.0379
002421 15 17 32 1.6494 27.7483
002152 16 16 32 -2.4957 -2.1379
601818 14 18 32 -1.1678 14.6617
002051 15 16 31 -3.8723 -1.6064
002091 17 14 31 56.5227 2.5424
600489 11 20 31 -43.697 -8.5761
600125 13 18 31 -23.1575 15.4093
600694 7 24 31 -15.4215 -8.4847
600765 12 19 31 88.1975 -5.8168
002029 9 21 30 -42.8038 -9.2308
300157 21 9 30 74.7347 -13.2287
002049 14 16 30 23.223 -8.8137
600086 14 16 30 -7.1886 27.8363
000718 10 20 30 -23.5371 36.0206
000998 14 15 29 4.8719 6.8894
002410 16 13 29 46.1495 -4.4618
600976 15 14 29 40.6069 -15.2079
000060 14 15 29 -24.9433 10.2314
600486 17 12 29 80.3315 -5.088
601992 13 16 29 -36.3868 38.2253
600197 13 16 29 -34.7074 31.2825
002405 13 16 29 44.1135 -8.4309
600387 17 11 28 70.6294 -7.2121
600403 14 14 28 -11.6743 1.4786
600143 10 18 28 -5.0951 -6.4236
600705 20 8 28 7.6864 44.245
600686 17 11 28 40.2362 34.3254
600739 12 16 28 -9.5172 -0.7285
300253 16 11 27 82.0821 10.932
002663 17 10 27 10.3192 11.9038
600369 13 14 27 -12.8346 -6.4921
601231 14 13 27 32.8156 -3.5045
002179 14 13 27 -9.0909 0.0
300128 12 15 27 3.0397 23.4925
600572 14 12 26 17.405 5.2916
300336 15 11 26 49.6448 7.8689
601988 14 12 26 -0.2457 8.1481
601933 17 9 26 -5.1865 7.0034
002299 12 14 26 -14.0684 -8.6399
601918 11 15 26 -20.1058 -17.1429
000915 16 10 26 46.1056 4.93
600009 12 14 26 -3.4036 5.5038
300274 13 13 26 92.2906 1.1765
000887 12 14 26 28.6074 -2.6316
002368 13 13 26 28.3276 -8.167
002620 13 12 25 0.129 -1.2579
002293 9 16 25 -23.5899 -7.3479
002429 10 15 25 -12.6377 0.0
600162 14 11 25 16.8773 -0.4065
002255 19 6 25 27.8114 -1.0846
000960 12 13 25 -38.0711 -3.2603
601965 16 9 25 17.2867 15.859
000789 11 14 25 -30.9478 5.3754
300055 17 8 25 111.9241 -8.8191
600426 8 17 25 -28.2152 16.1919
600292 14 11 25 60.2151 14.9876
300048 15 10 25 0.149 -4.8346
603000 14 11 25 15.9187 -12.2411
002376 12 12 24 -2.1305 -18.4832
600373 9 15 24 21.0827 -10.7635
002234 13 11 24 -15.4079 -0.9288
601139 12 12 24 -2.4217 12.9147
002035 14 10 24 27.621 8.6301
000650 11 13 24 -13.0357 -9.8546
600318 10 14 24 7.6427 9.6934
002603 11 13 24 -0.7968 -16.0837
002004 12 12 24 -10.4259 3.9482
002439 12 12 24 38.3966 -7.5235
600420 16 8 24 21.0024 0.8716
000933 13 11 24 -39.9275 -9.8204
002344 9 15 24 47.9188 5.8542
300147 13 10 23 91.4379 18.7696
002185 17 6 23 72.0609 -10.2564
000786 8 15 23 3.9222 36.8545
002041 12 11 23 -7.5399 20.4082
600499 12 11 23 39.95 -1.6835
600436 8 15 23 30.4078 6.3153
600993 12 11 23 12.2957 -11.8793
300267 6 17 23 -28.8259 3.0678
002308 12 11 23 27.9261 -6.5482
002501 9 13 22 13.3123 0.1574
000639 11 11 22 -1.0904 -2.1739
002550 13 9 22 64.6751 8.9005
600872 16 6 22 53.4934 8.2353
002262 13 9 22 15.147 1.1152
601233 10 12 22 -27.4733 -7.7022
002080 16 6 22 87.4426 -7.601
600600 11 11 22 16.1113 1.7231
600029 11 11 22 -27.1318 14.6628
600111 4 18 22 -43.7961 10.1471
000430 12 10 22 -21.1913 0.6486
002023 11 10 21 23.9324 10.9929
300101 10 11 21 18.3943 -5.8865
002398 10 11 21 -6.0059 5.1463
002172 9 12 21 6.2147 0.2825
300054 13 8 21 32.824 7.5441
300291 12 9 21 29.8364 28.4247
601877 12 9 21 13.8009 23.7037
000728 5 16 21 -22.0769 -5.1915
600266 7 14 21 -29.2531 36.9825
600859 6 14 20 -30.9769 -9.3111
600858 6 14 20 -16.0428 -12.2659
601857 8 12 20 -13.8382 2.9613
600660 8 12 20 -10.753 24.5739
000528 7 13 20 -32.7553 15.5889
002551 12 8 20 44.1565 3.8886
600967 8 12 20 12.8807 10.1022
000926 3 17 20 -21.8852 27.5304
600059 9 11 20 -0.5002 -12.0185
600633 13 7 20 63.1754 -9.578
600497 15 5 20 -26.8889 1.1437
300002 11 9 20 73.8832 -6.7913
002221 8 12 20 61.0766 37.2627
300037 9 11 20 30.0489 -3.7794
000869 7 12 19 -28.1263 0.5133
300171 7 12 19 -11.1013 7.7754
300170 11 8 19 35.8084 1.3237
300177 8 11 19 40.4893 5.1071
601186 8 11 19 -28.3276 28.1659
002148 11 8 19 155.3241 -20.3806
600325 7 12 19 -25.8537 23.5465
002466 13 6 19 3.7261 9.7852
002037 7 12 19 -35.1217 -2.4245
601258 14 5 19 14.7573 -2.0833
000418 8 11 19 -20.3726 29.0411
600458 4 15 19 -24.738 16.1032
300198 10 9 19 9.8518 7.1295
601111 10 9 19 -27.5214 20.4819
601808 9 10 19 -11.5582 1.1721
000876 9 10 19 -20.3719 -0.9516
000629 5 13 18 -42.1182 8.7071
601555 8 10 18 -14.3452 -5.731
600271 6 12 18 -4.7532 -4.6332
300075 11 7 18 41.8955 28.2272
002480 10 8 18 30.0336 27.1617
600109 7 11 18 -33.2947 15.32
600563 10 8 18 22.8102 5.0141
300110 8 10 18 14.5138 6.5789
002013 9 9 18 7.1558 0.2646
002001 8 10 18 -16.7457 1.6216
300270 7 11 18 18.9689 43.0675
600674 8 10 18 21.3162 21.1594
000768 10 8 18 10.8006 14.2857
000540 10 8 18 3.6982 8.6072
600718 8 10 18 7.5009 0.5229
002226 11 7 18 0.7332 -11.4909
600761 10 8 18 -8.9357 15.6533
300219 10 8 18 16.2581 -15.0454
300047 12 6 18 33.3987 -1.1036
300134 9 9 18 42.0256 -27.4897
601222 10 7 17 40.1788 8.5743
000997 9 8 17 88.875 -6.682
002331 7 10 17 42.8155 -13.125
002462 8 9 17 37.6568 -15.8562
600812 8 9 17 -18.0328 -7.4875
002589 7 10 17 29.2654 -1.9025
002618 8 9 17 75.2211 0.5691
300188 10 7 17 37.8512 -2.0808
000983 5 12 17 -40.9385 3.806
002587 8 9 17 -1.5213 31.4985
600645 13 4 17 45.271 10.1966
600990 10 7 17 42.2181 7.5054
300001 9 8 17 43.8236 -3.6011
000712 14 3 17 58.4685 0.9091
600509 6 11 17 7.9646 21.1394
002656 5 12 17 -27.434 23.1487
300284 9 8 17 14.947 -8.5633
300289 8 9 17 24.1239 9.0476
000655 6 11 17 -39.7394 15.3488
002277 7 9 16 -16.9611 -5.7351
600978 9 7 16 -9.4339 8.6093
000417 3 13 16 -22.5133 -5.2846
300257 7 9 16 53.0319 40.8163
600571 7 9 16 11.8232 0.4489
600552 9 7 16 -0.6232 5.8703
601118 8 8 16 -25.7374 -5.1753
600409 8 8 16 -4.4386 -1.5544
300337 9 7 16 21.6975 0.8676
600863 7 9 16 -24.3641 10.1322
002588 5 11 16 15.8539 7.9431
600216 9 7 16 1.4104 0.767
300347 6 10 16 72.2399 1.6964
002327 8 8 16 -21.7962 -6.1166
002219 9 7 16 38.8687 2.3792
002358 9 7 16 11.4124 -6.6872
600889 9 7 16 -1.9355 2.439
600495 8 8 16 -28.3129 22.3469
000690 5 11 16 11.7333 12.0
600729 7 8 15 -17.1947 1.5476
000530 8 7 15 9.5311 19.5079
002690 7 8 15 30.2585 14.9669
300071 10 5 15 124.9062 -7.0681
300077 10 5 15 7.9056 -15.2712
600582 4 11 15 -41.6894 10.3013
600038 9 6 15 28.0688 22.0493
002567 8 7 15 -7.6006 -2.439
000402 5 10 15 -21.6882 12.5
002557 8 7 15 -3.6148 2.3639
601238 9 6 15 19.4805 16.3886
002396 6 9 15 -7.2941 -10.2594
002511 8 7 15 -16.1763 7.2382
000550 6 9 15 -12.1125 24.9479
002011 12 3 15 10.578 -1.1892
601991 10 5 15 27.2277 -8.8235
600649 12 3 15 32.1138 12.5514
600305 9 6 15 55.4529 2.5884
000726 12 3 15 32.5607 4.1074
000680 9 6 15 -31.4168 0.4124
600763 5 10 15 31.9262 -6.0137
600527 5 10 15 29.3849 6.682
600335 10 5 15 14.6883 32.241
600893 4 10 14 38.3467 7.9487
000539 5 9 14 -21.9344 6.2837
000861 4 10 14 -30.4235 -1.5363
002524 8 6 14 93.6937 12.459
000006 7 7 14 -5.9907 23.4414
600240 7 7 14 -5.531 23.9691
002568 7 7 14 -7.7267 -6.4554
002296 7 7 14 31.9008 -17.8502
601333 5 9 14 -20.1389 17.2691
000553 8 6 14 52.2669 -2.9963
002437 7 7 14 33.6483 27.2156
000425 6 8 14 -30.6241 8.2629
601012 8 6 14 40.8284 3.0303
300006 6 8 14 20.7123 9.2814
000503 8 6 14 48.9947 32.0334
002155 3 11 14 -46.4573 -8.1847
002018 8 6 14 26.6725 23.7693
300287 8 6 14 94.1264 3.0548
300322 7 7 14 11.6416 -6.9734
300288 7 7 14 56.7517 8.6281
002571 11 2 13 51.0801 25.0371
600894 7 6 13 27.9107 7.6792
002285 6 7 13 -5.7546 17.563
000920 8 5 13 18.1953 -1.4577
000748 7 6 13 78.2036 -2.6119
002565 9 4 13 36.25 -2.439
600699 8 5 13 42.7602 3.778
600522 7 6 13 9.4682 -4.8251
300015 9 4 13 23.6332 0.1767
300155 8 5 13 16.179 47.4178
600879 8 5 13 18.2663 -6.8571
002509 7 6 13 28.5177 6.348
002503 4 9 13 -28.4529 2.9412
600428 8 5 13 -21.1488 12.931
002313 9 4 13 23.1553 -16.3048
601800 5 8 13 -21.8147 27.7108
002266 4 9 13 56.4142 -4.9034
002612 4 9 13 -23.9804 -10.3651
002157 7 6 13 -27.4594 -14.791
002408 5 8 13 -28.3509 16.6319
002658 6 7 13 53.5068 10.3704
300041 7 6 13 6.354 10.7256
002275 6 6 12 20.5063 0.3628
002649 5 7 12 58.8007 -3.4043
002583 7 5 12 27.328 7.7028
600280 4 8 12 28.4137 -0.4447
601208 7 5 12 -7.9123 -4.3219
002458 7 5 12 -17.4227 -13.3032
000415 5 7 12 -4.6225 12.5
002474 5 7 12 -12.2944 -14.8083
300271 9 3 12 55.7858 -8.6651
300196 10 2 12 21.4206 12.492
300352 7 5 12 36.5057 12.2165
601058 5 7 12 33.1558 1.6086
600884 6 6 12 5.8769 -0.0973
002572 6 5 11 12.2416 42.9388
300255 5 6 11 53.2982 6.7474
000521 8 3 11 -15.8177 8.908
002628 6 5 11 -6.9778 -12.5234
300178 5 6 11 22.0396 20.7946
600612 5 6 11 -23.4331 -6.6696
002467 5 6 11 73.7144 1.7493
000792 4 7 11 -35.6634 -7.4586
002564 6 5 11 -11.8709 -13.9101
300296 6 5 11 23.8503 21.4506
000811 6 5 11 -7.6986 12.0325
600668 6 5 11 -13.8524 -2.6062
002154 2 9 11 -38.2653 -4.68
300298 8 3 11 20.1964 22.299
000733 7 4 11 5.7096 -2.5397
300012 6 5 11 25.4375 6.8571
601390 5 6 11 -19.4719 20.6349
002683 6 5 11 60.4797 -9.6444
000422 2 9 11 -39.0244 -8.4843
000979 5 6 11 -8.1302 21.5385
300314 4 7 11 2.8686 4.6176
002309 5 6 11 -0.4374 20.4497
000830 6 5 11 -7.3604 -3.3816
300004 5 6 11 18.9091 -11.0513
600239 2 9 11 -38.075 34.5257
300328 5 6 11 -10.0245 0.0589
002249 7 3 10 8.5099 9.4787
002052 5 5 10 49.75 2.0277
002020 3 7 10 47.9118 21.4161
600479 5 5 10 -11.8621 -0.1664
000561 5 5 10 2.3438 -13.9573
600401 7 3 10 13.5128 -4.4143
002369 4 6 10 -12.8563 11.3832
002367 6 4 10 25.2103 14.6433
600639 5 5 10 -20.0673 42.4051
002021 6 4 10 4.9034 -13.3929
300068 4 6 10 0.645 4.5939
600201 7 3 10 48.2014 -5.6878
000059 2 8 10 -31.6742 14.2617
000046 3 7 10 -11.5942 49.1713
600231 3 7 10 -31.0044 28.0323
600425 4 6 10 -19.9385 -3.0392
600298 5 5 10 9.0573 -18.7966
300145 7 3 10 27.9812 12.8571
600345 6 4 10 28.2704 -2.2388
600467 3 7 10 -27.061 -13.7809
600697 2 8 10 -17.0501 -4.4435
600141 2 8 10 -35.4279 -9.0267
601126 8 2 10 3.1852 -17.452
300139 6 4 10 -18.4249 6.2992
300256 5 4 9 19.9078 36.0902
002116 4 5 9 -16.8947 -3.0612
600655 5 4 9 -5.7739 -11.9018
000536 3 6 9 34.0119 -4.6944
300086 4 5 9 27.505 1.2017
600578 3 6 9 -6.4777 17.0579
600588 5 4 9 -6.8142 -30.0213
000951 3 6 9 -32.8146 27.1556
002660 6 3 9 39.9882 -7.8918
300332 3 6 9 10.4384 2.4546
002254 5 4 9 -4.7168 11.9311
300144 6 3 9 6.8014 -2.959
600098 3 6 9 -29.295 20.5087
000989 5 4 9 -1.3421 -25.7329
600446 4 5 9 72.1077 6.0317
603366 7 2 9 2.5944 -2.9004
300187 5 4 9 18.3042 -2.4119
002643 6 3 9 39.2816 21.0963
002258 4 5 9 14.7673 3.4314
002324 4 5 9 32.803 9.3834
002078 4 5 9 -12.326 9.2827
600525 4 5 9 1.13 17.037
002479 4 5 9 2.0202 -2.5721
300309 6 3 9 -1.5294 -8.2372
600526 4 5 9 23.665 13.2643
002215 6 3 9 25.7874 4.9202
601158 6 3 9 1.2574 1.3359
600176 3 6 9 -19.2305 34.6154
300199 6 3 9 61.8322 -7.9439
300229 5 4 9 48.3221 -9.1749
300122 4 5 9 15.5943 12.238
000426 5 4 9 -32.3887 -8.0823
002042 5 4 9 29.3471 -2.1531
000686 4 5 9 -0.654 2.3912
002123 3 6 9 -19.5122 -4.415
000501 2 7 9 -1.1474 -2.7073
300218 4 5 9 -5.0529 2.2337
002655 4 5 9 10.2751 -13.9102
300324 5 4 9 6.775 5.528
000893 6 3 9 9.8155 -11.7871
600068 0 9 9 -25.8243 6.6019
601010 1 7 8 -30.7537 1.7934
002129 3 5 8 50.1629 -5.9582
300252 6 2 8 111.8497 -5.7325
002025 3 5 8 -7.2711 -11.8196
002528 4 4 8 47.9791 -9.589
300206 8 0 8 16.1581 -0.6195
300202 4 4 8 29.2944 6.7386
002664 4 4 8 -2.3306 13.2168
002701 6 2 8 15.4024 4.9874
300334 5 3 8 65.0379 -4.824
002391 5 3 8 17.1869 4.1231
600817 5 3 8 -200.0 -200.0
000039 5 3 8 -9.7817 12.1595
601566 2 6 8 -23.1942 -17.4068
002322 3 5 8 91.0689 -7.0588
300261 4 4 8 -10.8024 -1.4881
600731 4 4 8 5.1926 14.2045
600284 3 5 8 9.839 12.1483
300119 5 3 8 12.4416 10.4617
002251 4 4 8 -1.0291 6.3059
600135 4 4 8 16.2597 -11.0953
600008 3 5 8 51.0725 6.5854
002216 4 4 8 27.4677 -6.3821
601098 5 3 8 7.1444 -8.8685
002428 4 4 8 -1.4448 -2.372
002507 3 5 8 -5.691 22.7651
002500 3 5 8 -18.432 -10.5006
600177 4 4 8 -16.2372 6.0403
600775 4 4 8 35.877 0.5618
002648 4 4 8 34.6373 12.6351
300052 3 5 8 199.4921 -0.8811
002318 6 2 8 45.7207 -6.2992
000413 4 4 8 3.5953 0.1672
300096 4 4 8 48.8663 -7.0227
300164 4 4 8 43.8178 -3.6295
002342 5 3 8 -17.9003 -10.5332
000898 5 3 8 -30.8707 13.1195
300216 4 4 8 14.2805 -1.6904
000778 1 7 8 -22.3487 6.0755
300043 4 4 8 -2.1664 -1.6736
000977 5 3 8 75.069 7.1051
002301 3 5 8 -8.2243 -1.2844
300032 4 4 8 80.4395 3.9257
300137 4 4 8 37.6566 11.293
601717 2 5 7 -36.4067 -0.2899
600151 6 1 7 35.7542 0.9398
002284 6 1 7 33.1219 -1.7182
002371 3 4 7 25.7702 6.7434
000061 5 2 7 4.0907 1.0638
300351 3 4 7 -19.6554 16.4179
002068 5 2 7 -29.9832 -11.1601
000407 5 2 7 -9.9846 13.2174
002465 4 3 7 5.7835 7.6493
601908 5 2 7 -1.0887 -7.4924
002364 5 2 7 68.5264 2.4032
002033 3 4 7 -20.8323 -15.4995
600187 4 3 7 60.0496 0.9988
000927 4 3 7 -27.2727 3.3195
300346 7 0 7 33.3823 -6.3348
600823 1 6 7 -24.2534 29.2723
300349 5 2 7 26.7613 41.3107
002497 3 4 7 13.9443 -9.4778
000921 2 5 7 5.2174 75.0
600983 3 4 7 32.4468 16.7178
002079 5 2 7 9.3518 -9.8739
600481 4 3 7 8.2156 16.0535
300232 4 3 7 29.8361 -8.4084
300300 4 3 7 15.1918 2.4906
300301 5 2 7 61.8391 -11.6719
601100 3 4 7 -12.0364 4.2632
601101 3 4 7 -39.0729 3.4161
600056 3 4 7 -15.9352 4.8287
002496 3 4 7 24.6474 4.9492
300194 4 3 7 43.4393 -4.3216
600270 4 3 7 -3.1288 16.804
002549 5 2 7 29.7685 35.7587
300224 3 4 7 -11.3072 0.0609
002340 3 4 7 5.2817 1.2931
300210 3 4 7 23.3661 8.0788
600115 2 5 7 -26.4368 8.0
300285 4 3 7 47.5474 12.1782
002298 3 4 7 -9.6544 9.8958
002303 5 2 7 45.1055 18.8219
000716 3 4 7 30.1587 14.152
300034 4 3 7 3.5025 6.7522
000566 0 7 7 5.8516 -2.544
000156 3 3 6 69.8312 -200.0
002457 3 3 6 -28.3429 16.8269
600010 3 3 6 -23.5075 5.8824
002470 2 4 6 -1.1852 -3.081
300302 3 3 6 15.984 -19.0734
002332 3 3 6 22.4843 -9.1413
601898 2 4 6 -34.9806 10.2962
000982 3 3 6 0.2503 9.6076
002481 3 3 6 33.75 -8.3095
000543 1 5 6 -21.9381 33.0435
000739 2 4 6 28.6211 -3.0235
002665 4 2 6 33.6127 15.2554
000563 2 4 6 21.5278 -6.0014
002469 3 3 6 7.7552 1.5982
601038 3 3 6 -30.4703 37.5527
002202 4 2 6 0.0 -5.6042
002100 3 3 6 9.0001 -5.0515
000919 1 5 6 -3.913 -17.407
002032 4 2 6 4.0301 16.12
600970 4 2 6 -20.4746 26.2295
000592 2 4 6 -23.4542 6.6964
600285 3 3 6 21.8519 0.3724
600827 2 4 6 -20.0233 -2.9412
002698 3 3 6 24.9083 2.9515
002491 4 2 6 26.7868 -2.1084
600742 4 2 6 -17.688 13.1714
000966 3 3 6 18.2898 20.1657
600783 4 2 6 23.1974 -4.9871
300295 3 3 6 -19.7707 16.6919
300233 3 3 6 16.4706 -4.8611
600724 3 3 6 -39.537 20.6897
600469 2 4 6 -13.3086 4.2908
002159 3 3 6 13.243 3.0403
002414 3 3 6 38.6581 -11.642
300016 2 4 6 -5.3063 13.6537
300156 1 5 6 -11.3748 9.3888
600688 2 4 6 57.8035 -0.1887
000608 3 3 6 -9.4951 14.3137
600707 1 5 6 -2.3466 0.365
600675 2 4 6 -9.5146 31.9202
600459 3 3 6 -5.0945 -5.5726
601899 1 5 6 -37.3684 -4.4888
600881 2 4 6 -19.7736 4.1494
600770 4 2 6 -4.376 -2.057
300222 2 4 6 -23.4338 -4.5289
002168 3 3 6 1.7007 -13.1108
000877 2 4 6 -36.8765 0.641
002447 2 4 6 -23.169 6.7655
000612 4 2 6 -20.915 1.4045
002069 4 2 6 -24.2327 -9.5702
002010 4 2 6 -0.2102 -0.3636
300217 5 1 6 27.1761 -6.8342
300215 3 3 6 39.362 11.8227
600500 4 2 6 -14.027 -2.3649
600529 2 4 6 -5.2273 1.2514
600337 4 2 6 -4.0105 -6.6007
000807 3 3 6 -29.1429 2.5292
600230 3 3 6 -29.9514 5.5034
002302 3 3 6 -12.0657 5.6154
000623 1 4 5 -8.4171 12.6574
002056 4 1 5 -10.4626 0.2857
002117 3 2 5 31.102 -3.9318
002287 2 3 5 19.219 -7.2575
600375 2 3 5 22.2943 10.9023
300030 3 2 5 10.2915 6.0465
600380 1 4 5 -6.5169 21.6216
600200 2 3 5 117.6349 -3.4853
300326 3 2 5 18.4737 1.6148
000996 2 3 5 -14.6528 6.6278
600581 2 3 5 -27.3859 2.418
600537 3 2 5 19.2453 -13.1808
300204 3 2 5 10.8221 1.7787
601958 3 2 5 -29.4021 -0.0853
600101 3 2 5 0.8743 -3.8302
002463 3 2 5 -9.3864 5.9952
002460 3 2 5 1.3301 -7.96
000793 3 2 5 51.4788 8.5106
300142 3 2 5 0.8693 -2.8861
600438 1 4 5 -23.2087 18.8277
002281 3 2 5 29.5899 9.1676
300244 3 2 5 69.0598 4.8084
002586 1 4 5 -4.1481 6.7839
601369 1 4 5 -20.3744 0.3337
600664 2 3 5 -3.8835 9.1873
002393 1 4 5 -3.8426 15.4257
000009 4 1 5 27.3148 -1.2346
600468 2 3 5 11.3656 -12.1061
300159 3 2 5 11.8491 53.6965
600787 1 4 5 -14.939 5.3134
000045 3 2 5 3.2457 6.0458
600055 4 1 5 18.0998 -5.4885
600223 2 3 5 -28.022 57.0637
600835 3 2 5 36.5217 -3.5885
002566 2 3 5 -5.7272 4.9933
002269 2 3 5 -29.0657 -31.623
002048 4 1 5 16.1393 15.7143
002167 1 4 5 -29.72 -12.0752
600642 2 3 5 -10.5652 10.7769
600391 2 3 5 4.754 10.9005
600019 1 4 5 -16.5805 6.7686
002345 2 3 5 15.9146 -9.1335
002341 1 4 5 63.2253 2.2727
000750 2 3 5 -14.4524 26.2105
002430 1 4 5 -26.9438 -22.5
300044 3 2 5 12.7972 17.101
300036 1 4 5 -7.2907 -10.3875
000799 0 5 5 -50.5207 -40.0366
600502 0 5 5 -11.6177 12.5
600778 0 5 5 -30.6512 -5.6239
600496 0 5 5 -9.124 25.6651
002378 2 2 4 -21.7336 -6.9874
002061 3 1 4 -7.5885 4.4418
300008 2 2 4 1.4055 -7.2931
300050 1 3 4 -1.1032 3.5714
300259 2 2 4 16.0764 8.1197
600150 2 2 4 -24.8928 14.4264
002283 2 2 4 -24.1325 -3.3537
600158 2 2 4 -13.1044 12.0388
600658 1 3 4 27.6317 12.4633
000537 1 3 4 -24.8571 35.3591
002695 1 3 4 -25.0547 5.2242
002454 2 2 4 4.5238 2.0656
601388 1 3 4 -27.4984 7.6165
002335 2 2 4 51.6616 -5.3741
600850 2 2 4 14.2708 -23.1243
600528 1 3 4 -26.1393 5.5292
000428 3 1 4 -0.7287 -5.618
002526 2 2 4 -14.9664 4.6429
002520 2 2 4 25.894 -1.9124
600754 3 1 4 -7.3368 -5.8511
002412 2 2 4 -1.2563 12.9944
300085 2 2 4 57.4869 -4.9757
002662 1 3 4 -26.0947 -1.7442
000831 2 2 4 -200.0 -200.0
000707 2 2 4 -29.3436 -13.0435
002111 2 2 4 -9.5178 -2.454
600351 1 3 4 17.4639 -18.9681
002092 2 2 4 -26.0049 -6.5617
002563 1 3 4 -4.1195 6.0194
002108 3 1 4 5.944 -3.5
600149 2 2 4 -30.6577 39.4172
002297 2 2 4 -0.4348 -2.3411
002529 2 2 4 60.1982 -6.0787
600712 1 3 4 -7.2277 10.2871
600791 2 2 4 16.8182 18.8482
000705 3 1 4 2.7199 -8.1461
002030 2 2 4 30.5922 7.0423
000088 2 2 4 -15.2874 0.9975
000590 2 2 4 -14.8096 -5.9578
000591 2 2 4 14.172 -5.8383
300181 3 1 4 4.5732 -12.6619
600737 3 1 4 -4.381 -7.0922
300183 3 1 4 50.712 -10.6792
000925 2 2 4 -10.4848 6.8675
300348 2 2 4 -17.5583 47.5875
000780 1 3 4 -42.8977 -9.9624
600185 2 2 4 -12.9272 38.9222
600636 2 2 4 -23.7282 -6.4356
002050 2 2 4 36.1164 8.9157
600523 3 1 4 0.1675 5.0
600874 2 2 4 63.7339 2.6258
002671 2 2 4 -4.9998 28.8142
002674 3 1 4 -15.1786 2.5257
000551 2 2 4 -0.2946 46.6387
600006 2 2 4 -6.9447 7.9422
600416 3 1 4 -6.2622 -9.4139
000738 2 2 4 17.5194 3.744
002214 1 3 4 32.5341 -7.1292
000603 2 2 4 -32.7014 -22.2894
600683 2 2 4 2.8017 30.4348
002139 2 2 4 10.0496 -3.3493
002183 2 2 4 41.5218 6.8493
600776 2 2 4 3.0162 -7.8556
002438 2 2 4 -12.3867 -17.8524
600515 2 2 4 12.7483 22.6453
300022 2 2 4 -27.7372 30.2288
000584 3 1 4 66.6667 14.966
300297 2 2 4 52.3526 -6.0748
000868 3 1 4 -10.6987 7.3986
600832 2 2 4 delist
000797 1 3 4 52.9762 13.6465
600088 3 1 4 54.4865 -13.0919
002406 2 2 4 -10.9841 1.2788
300282 2 2 4 40.377 -10.7403
002444 2 2 4 33.6668 18.9157
000729 3 1 4 2.6189 7.0209
600354 2 2 4 -23.9538 -1.264
002237 2 2 4 -39.9119 -9.3505
002535 1 3 4 -25.8495 -6.9987
002153 2 2 4 -5.4977 1.9718
002014 4 0 4 -11.7129 8.2707
002289 2 2 4 74.3144 -14.9497
600237 1 3 4 -22.9584 24.1509
600487 2 2 4 -5.9115 2.4938
002650 2 2 4 -15.6522 -2.7603
300323 3 1 4 -5.7627 -8.9611
002307 2 2 4 -28.6765 4.1475
000878 2 2 4 -35.719 -9.8331
002661 0 4 4 -10.3014 15.2174
000709 0 4 4 -30.7116 15.0215
600780 0 4 4 -13.6725 0.0
600785 0 4 4 -24.8266 -4.4649
002433 0 4 4 -12.0149 25.4725
600895 2 1 3 -23.6311 4.3091
601216 2 1 3 20.9677 -3.4161
000026 1 2 3 -17.4522 -1.836
300080 3 0 3 -9.1971 14.1414
600360 2 1 3 1.8263 -0.2653
600475 1 2 3 -7.0546 -8.2117
002626 2 1 3 -14.2045 -8.2073
601001 2 1 3 -37.6496 -3.75
002673 1 2 3 -21.2101 7.5714
002338 2 1 3 -1.2919 -13.15
601678 1 2 3 -27.0218 -7.5996
000885 2 1 3 -29.8553 9.9356
601179 3 0 3 -10.7872 7.4074
002522 1 2 3 -1.1099 -3.7309
002521 2 1 3 -0.0074 31.0835
002484 1 2 3 15.2948 8.3513
600580 2 1 3 38.4949 -10.2506
601919 2 1 3 -30.9633 4.2553
600039 1 2 3 -18.8141 19.3727
000880 2 1 3 -14.4502 6.5553
600536 2 1 3 7.1509 -8.643
300209 1 2 3 15.5917 -12.7917
300203 1 2 3 2.5719 -12.2368
600100 1 2 3 -7.069 -3.856
600584 3 0 3 37.9147 -7.4236
000816 1 2 3 -32.752 8.1511
002443 1 2 3 -3.5109 0.1199
600816 2 1 3 -6.1208 -9.0345
000796 1 2 3 -21.2341 -6.4685
002206 2 1 3 -16.0812 8.7199
000027 1 2 3 -13.7266 -1.157
002151 1 2 3 59.9012 36.6231
600666 1 2 3 -2.5451 -6.5502
600829 1 2 3 -25.1701 -8.1549
600365 3 0 3 -12.203 -0.8667
002034 2 1 3 16.4376 16.4384
002351 2 1 3 37.0541 10.4592
600562 2 1 3 35.3375 13.1579
300010 1 2 3 34.0242 -3.3439
600219 1 2 3 -29.5047 1.037
000597 2 1 3 -8.2258 2.7915
000988 1 2 3 3.5786 -5.4608
600435 1 2 3 44.2875 -3.2749
600820 1 2 3 -16.053 13.325
600969 1 2 3 29.894 -7.7767
300066 2 1 3 17.4688 14.653
002666 2 1 3 -9.0717 12.4312
600188 2 1 3 -46.1067 -3.9009
600875 2 1 3 -25.7019 1.7582
600259 2 1 3 -36.6471 20.1068
300299 2 1 3 65.6202 3.9826
002161 1 2 3 24.918 -20.6718
600262 1 2 3 5.6311 1.6094
000761 1 2 3 -21.8935 -0.5848
002604 2 1 3 31.575 -3.5146
300011 2 1 3 33.449 -5.2856
601799 2 1 3 3.4939 6.7713
601002 1 2 3 -22.9207 5.1073
600195 1 2 3 -10.5939 -0.1582
600054 2 1 3 -17.751 -3.8226
002499 2 1 3 11.404 -6.7828
600456 1 2 3 -32.0513 3.38
002582 1 2 3 -23.8175 -2.7826
300275 1 2 3 -25.8155 3.1128
600885 3 0 3 31.3808 0.8032
002532 1 2 3 -1.612 23.3236
600648 2 1 3 40.4618 29.1667
000516 1 2 3 -18.8335 -14.1732
300310 2 1 3 28.6167 0.9879
600998 2 1 3 4.6974 -16.2491
600018 1 2 3 -4.9808 8.2305
601866 1 2 3 -20.332 14.0187
600449 1 2 3 -23.1154 2.809
601018 1 2 3 -18.0637 4.0486
300009 3 0 3 54.7358 7.0028
603167 2 1 3 -27.5697 5.2571
600693 2 1 3 -19.8312 -13.3811
002084 2 1 3 -17.2824 19.9153
002531 2 1 3 -1.0054 10.3424
600704 1 2 3 -22.1744 18.5065
601515 1 2 3 -12.5804 21.9634
002017 2 1 3 5.6202 -11.3155
002158 2 1 3 -2.4875 42.5234
600415 1 2 3 -21.4003 0.7587
300045 1 2 3 3.8973 3.3225
603002 1 2 3 -5.6414 1.8321
300033 2 1 3 32.9033 -4.4149
300201 0 3 3 15.4243 24.0711
600560 0 3 3 -5.1607 5.4131
000987 0 3 3 -22.8185 -2.1776
002632 0 3 3 -22.1461 15.725
600221 0 3 3 -1.8136 10.4439
300167 0 3 3 121.7036 3.1818
600021 0 3 3 -9.6491 0.8696
600233 0 3 3 8.0042 0.6031
002276 1 1 2 -14.7813 -5.8501
000099 1 1 2 -17.2594 -0.6468
002373 1 1 2 27.955 -4.2152
002370 1 1 2 64.1711 -10.8722
600725 1 1 2 -8.4951 -1.4218
601588 2 0 2 -10.2649 14.6617
000823 1 1 2 -13.2473 -19.1164
002054 2 0 2 -6.2893 -14.6862
002118 1 1 2 -3.0261 -14.5518
002115 1 1 2 -3.0809 -2.53
000559 1 1 2 20.9955 3.2184
601313 1 1 2 25.9904 3.6585
600072 1 1 2 -24.8503 -5.5065
300087 1 1 2 -28.066 -3.8885
600386 1 1 2 -11.242 -3.7604
000993 1 1 2 -28.9871 -4.9847
002349 1 1 2 13.0459 -10.5362
600291 1 1 2 10.8183 12.2314
600272 1 1 2 -24.104 4.3121
600277 1 1 2 1.5451 30.5495
000564 1 1 2 -16.383 -4.251
000619 1 1 2 -33.1467 11.0981
600851 2 0 2 34.6296 -5.6042
600005 2 0 2 -18.2033 14.4628
300021 1 1 2 -19.1192 34.157
600757 2 0 2 -5.9581 -12.1429
002094 1 1 2 -10.3797 -3.0451
600429 1 1 2 -16.2295 19.0991
600243 1 1 2 12.3656 -10.6796
002067 1 1 2 -27.8388 29.8578
600979 1 1 2 11.1544 21.4286
300331 1 1 2 21.9166 -7.5144
300335 2 0 2 43.2178 3.9769
300082 2 0 2 -6.1998 2.3196
002088 1 1 2 -17.9907 2.7714
000708 1 1 2 -26.749 -7.7403
300123 1 1 2 -15.498 3.609
002207 1 1 2 24.9211 -0.9778
002205 1 1 2 -21.5277 0.9434
600353 1 1 2 -19.4053 -2.7356
600716 1 1 2 -4.7151 0.0
600713 1 1 2 -5.4466 -14.8699
600781 1 1 2 -2.9323 -1.4399
002199 1 1 2 -1.9264 -8.147
300293 1 1 2 25.7273 4.811
600651 1 1 2 12.2056 -6.9307
002424 1 1 2 -6.6588 -8.871
600561 1 1 2 30.2994 7.0064
600217 1 1 2 -38.1487 76.3682
600288 1 1 2 -2.7244 17.8506
002329 1 1 2 31.8424 10.8876
600826 1 1 2 4.3535 -9.9665
601107 1 1 2 -17.7002 9.8684
000090 1 1 2 3.8653 16.5899
601666 2 0 2 -36.5513 0.3525
300118 1 1 2 32.0276 -9.7917
600721 1 1 2 -34.9446 -19.6126
002259 2 0 2 28.49 18.1818
000078 1 1 2 7.2664 -6.88
601618 1 1 2 -28.7611 10.2439
600839 1 1 2 -13.1068 4.5685
002176 1 1 2 32.2078 -11.7241
000968 1 1 2 -39.7849 -9.927
000416 1 1 2 -14.1805 15.272
600963 1 1 2 -31.8296 13.9276
000552 1 1 2 5.5629 17.2544
000735 1 1 2 -8.9005 10.4167
600586 1 1 2 -2.3529 1.1834
000732 1 1 2 18.0392 25.3943
600577 1 1 2 -20.1453 -8.2353
600873 2 0 2 -27.156 12.2933
600470 1 1 2 -33.3494 -13.0682
300227 2 0 2 69.4508 -8.1114
600962 1 1 2 -19.4113 -9.2269
002601 1 1 2 -33.8808 -4.5605
601028 1 1 2 -12.5241 3.653
300312 1 1 2 -4.5326 -2.8169
000788 1 1 2 79.1167 12.5424
300175 1 1 2 -22.5597 -7.6152
000957 1 1 2 -12.0629 -8.758
000609 1 1 2 -15.047 13.2867
601798 2 0 2 -14.7826 -7.8759
000839 1 1 2 7.8595 -3.5256
002131 1 1 2 -19.144 31.519
600126 1 1 2 -1.6447 1.6611
600676 1 1 2 -6.5375 0.2421
002181 1 1 2 1.8122 -1.8286
002184 1 1 2 -6.5618 -7.1685
600192 1 1 2 24.5326 -1.6364
600058 1 1 2 -36.3689 2.1416
600198 1 1 2 60.0 -11.5343
002416 1 1 2 54.9451 -11.7073
300148 1 1 2 36.5963 -10.3994
600516 1 1 2 13.658 -5.3305
600339 1 1 2 -29.9363 -6.7864
300193 1 1 2 -5.5424 -0.9326
600643 1 1 2 -19.9747 2.0592
300294 2 0 2 17.6742 16.317
002315 1 1 2 19.4587 5.8007
002312 2 0 2 58.7763 -15.9052
000886 1 1 2 -11.6667 4.9133
000767 1 1 2 -19.4667 9.2754
000766 1 1 2 -3.7402 -9.364
002256 1 1 2 31.1972 -10.9405
300125 1 1 2 -0.0955 -9.744
002541 1 1 2 -31.5798 18.0518
002544 1 1 2 90.2461 -18.0666
002547 1 1 2 4.2664 -22.8261
002384 1 1 2 51.2878 -10.8738
002261 1 1 2 79.9327 -16.4927
600635 1 1 2 -5.9113 -2.3585
300049 1 1 2 -21.1033 -12.3561
002045 1 1 2 34.2229 3.7464
000016 1 1 2 -0.3499 -0.6289
002339 1 1 2 9.9428 3.2145
002441 1 1 2 0.8719 -0.3922
002449 2 0 2 18.0262 -14.3969
000722 2 0 2 -17.1731 -7.3801
000931 1 1 2 -17.0557 -4.1166
002614 1 1 2 86.7759 -0.223
600268 2 0 2 5.1192 -4.0984
600871 1 1 2 40.4643 -1.6103
600120 1 1 2 35.1893 1.1834
000031 1 1 2 -11.9372 15.3439
600782 1 1 2 -25.2427 0.4878
603001 1 1 2 -29.5948 -11.5251
002171 1 1 2 -29.9204 -11.5653
600845 1 1 2 23.1289 0.0719
002189 1 1 2 -8.2881 -10.1523
002089 1 1 2 -9.489 -13.8817
002120 2 0 2 -27.5057 -7.584
002126 1 1 2 -3.4581 3.4483
002177 2 0 2 -16.0395 -18.08
600592 2 0 2 10.9204 -4.4863
603008 1 1 2 -6.0865 9.0234
300240 1 1 2 -11.5398 22.3516
002536 1 1 2 -4.5188 -1.7065
000007 1 1 2 -8.6207 -5.9779
001696 2 0 2 -17.6808 0.8696
600112 1 1 2 -13.4582 -14.6067
600507 1 1 2 13.2484 8.0556
000809 1 1 2 -30.813 45.2632
000333 1 1 2 -200.0 -200.0
000975 1 1 2 -18.0809 -4.0
000978 1 1 2 -3.961 -3.2787
601880 1 1 2 -21.1268 -2.7491
600802 1 1 2 -0.1393 17.175
300035 1 1 2 23.5099 -6.5911
300031 2 0 2 -9.7311 -0.8762
300038 1 1 2 32.0375 -17.3913
002407 0 2 2 -23.5213 -14.3029
601718 0 2 2 -19.6013 1.3468
300062 0 2 2 -13.8533 -4.371
600784 0 2 2 -12.3684 0.0
000635 0 2 2 -14.5277 2.9976
300127 0 2 2 -25.0812 5.4852
002291 0 2 2 -17.5 -1.1647
600997 0 2 2 -42.7054 2.6104
600026 0 2 2 -24.0175 6.6667
300234 0 2 2 57.2045 6.5279
300025 0 2 2 16.4384 -19.7564
300019 0 2 2 12.8478 8.0586
600706 0 2 2 -14.2096 -9.5351
600117 0 2 2 -23.7397 -5.3743
000042 0 2 2 31.1776 18.8646
002397 0 2 2 -4.3703 -9.0347
002268 0 2 2 52.4772 -12.3423
000932 0 2 2 -27.6786 5.53
300003 0 2 2 25.2656 -0.5435
000759 0 2 2 -14.5768 1.7002
600081 0 2 2 -8.1746 -8.9636
600163 0 2 2 4.8387 19.0625
000715 0 2 2 52.4038 6.3758
300132 0 2 2 -13.8198 -6.1391
000034 1 0 1 3.4483 -3.5461
002248 1 0 1 -8.7218 -6.6667
300238 1 0 1 -2.2034 -17.8043
000517 1 0 1 -36.1559 13.244
600876 1 0 1 -14.0417 -2.7523
000020 1 0 1 -13.0856 -1.2698
600794 1 0 1 15.8491 2.3875
601700 1 0 1 2.1567 4.7586
600629 1 0 1 -13.9831 -12.3001
600987 1 0 1 16.0043 12.1795
300192 1 0 1 -16.0 1.507
002699 1 0 1 12.6461 7.1151
002453 1 0 1 -0.3811 2.4609
002233 1 0 1 -29.0227 2.5641
601677 1 0 1 -36.4369 -10.183
300107 1 0 1 -3.3779 -1.0563
000692 1 0 1 26.9874 10.1617
002527 1 0 1 51.727 -11.1679
600589 1 0 1 -4.9632 2.0333
600611 1 0 1 6.237 3.2051
002279 1 0 1 -1.9238 -0.1276
600410 1 0 1 -3.3386 -1.8547
002411 1 0 1 -16.9643 -10.9735
600847 1 0 1 5.9507 2.4426
600533 1 0 1 -21.4123 24.7956
002231 1 0 1 -16.9717 -15.299
000403 1 0 1 -200.0 -200.0
600811 1 0 1 -6.6288 8.8176
002200 1 0 1 28.413 21.6351
002365 1 0 1 -14.305 -1.8868
002363 1 0 1 -24.6131 7.0423
600860 1 0 1 23.825 19.0019
600327 1 0 1 -15.6466 -6.3265
002516 1 0 1 -10.0783 13.0919
002105 1 0 1 -6.3253 11.0843
002107 1 0 1 -1.0227 -3.7404
002534 1 0 1 -5.4754 -2.9703
002197 1 0 1 -25.6667 6.4815
000812 1 0 1 -9.4763 4.1344
600971 1 0 1 -38.0749 -7.2046
600215 1 0 1 -14.3469 9.5794
600212 1 0 1 -10.4918 3.0201
600973 1 0 1 9.9024 0.6925
000534 1 0 1 -15.6015 11.8012
000599 1 0 1 -6.9164 -1.6807
300186 1 0 1 5.5097 10.3118
300180 1 0 1 4.9257 3.5714
300342 1 0 1 4.0065 35.8044
002238 1 0 1 0.4345 -6.6202
002321 1 0 1 -27.2048 14.9228
300067 1 0 1 -5.3212 -7.0735
601106 1 0 1 -26.8116 0.7143
002493 1 0 1 -29.6332 -9.0301
002253 1 0 1 13.396 -10.4833
002076 1 0 1 3.8953 -10.574
600132 1 0 1 -1.2551 -10.8469
300307 1 0 1 -11.5969 -4.0512
002605 1 0 1 43.9343 14.5545
300154 1 0 1 -2.1593 -1.1264
000602 1 0 1 delist
601099 1 0 1 -8.2267 -6.175
002134 1 0 1 -11.6788 7.4219
601777 1 0 1 -14.1173 -8.0576
600673 1 0 1 -10.1786 -15.8129
600172 1 0 1 -7.3334 -9.6
002180 1 0 1 -22.8837 -14.25
002182 1 0 1 -17.301 -5.7955
002003 1 0 1 -9.1109 0.733
002435 1 0 1 -4.1242 -9.7297
300272 1 0 1 -7.3138 11.3597
300190 1 0 1 20.713 -13.5201
000801 1 0 1 30.4348 9.538
000589 1 0 1 -5.683 -2.6477
300176 1 0 1 -8.002 -2.5402
300195 1 0 1 -2.605 -6.2475
002426 1 0 1 110.2284 -2.9366
002070 1 0 1 -0.1259 -10.9464
000883 1 0 1 -30.5036 -7.3333
000762 1 0 1 -4.7974 -16.9799
300150 1 0 1 0.5358 -6.6225
002623 1 0 1 -26.7559 9.0411
300126 1 0 1 -12.0612 4.1199
300129 1 0 1 -11.7388 -14.1694
002546 1 0 1 -3.8224 -5.164
300151 1 0 1 -2.8397 -16.9298
002267 1 0 1 29.1665 5.1151
603128 1 0 1 -20.8267 1.3051
300226 1 0 1 19.0473 -21.5616
300313 1 0 1 15.2697 3.3822
601008 1 0 1 -16.071 6.7485
600303 1 0 1 -18.7787 -10.2459
300095 1 0 1 -19.7039 12.3077
002448 1 0 1 -3.0075 8.6395
600396 1 0 1 2.8716 -8.5008
300166 1 0 1 34.0374 -13.7324
300106 1 0 1 33.422 7.4856
002220 1 0 1 -4.5326 4.7054
002222 1 0 1 2.304 -3.0945
002615 1 0 1 14.6665 -7.9388
300135 1 0 1 -0.9242 9.7424
000719 1 0 1 2.5614 -17.9353
600602 1 0 1 -5.7637 -6.9333
000697 1 0 1 -19.8164 -10.8126
600760 1 0 1 -10.1664 0.0
002156 1 0 1 7.6571 -4.7157
002402 1 0 1 2.6103 3.4749
600508 1 0 1 -36.8261 -5.5197
002144 1 0 1 23.84 10.7266
000572 1 0 1 13.6986 14.786
000573 1 0 1 0.0 14.2105
300281 1 0 1 -16.9766 21.9936
600566 1 0 1 23.4848 1.5337
300161 1 0 1 -0.2417 -10.8089
002494 1 0 1 -3.4362 -2.0483
601339 1 0 1 -6.9476 1.7136
000593 0 1 1 -9.7879 -5.2713
002379 0 1 1 -7.026 -4.1398
002086 0 1 1 -25.5814 -16.1115
002190 0 1 1 8.2223 1.5972
600569 0 1 1 -27.6018 6.2201
300191 0 1 1 18.0695 -12.9299
002110 0 1 1 10.4536 -0.3976
600022 0 1 1 -26.7281 12.8866
600152 0 1 1 -8.2192 -10.4294
600097 0 1 1 -11.9086 15.7103
002640 0 1 1 104.6243 20.3445
000532 0 1 1 16.9811 -3.0525
600070 0 1 1 -6.185 14.2003
002678 0 1 1 14.4339 2.6572
000910 0 1 1 -0.8808 0.8437
000990 0 1 1 37.4402 -7.0073
002627 0 1 1 -6.9339 0.998
002235 0 1 1 30.8297 -16.2733
600320 0 1 1 -15.6805 -0.2941
300100 0 1 1 -7.9791 6.6479
002489 0 1 1 1.9831 -1.2195
002485 0 1 1 -16.6219 -2.6667
002242 0 1 1 -10.7773 2.1962
300258 0 1 1 -18.251 9.8817
000882 0 1 1 -20.0 5.9233
600755 0 1 1 -15.4545 6.235
002417 0 1 1 -2.9595 -6.7701
002419 0 1 1 -25.8834 -7.0117
002096 0 1 1 18.1049 6.2556
300018 0 1 1 -11.9197 8.4323
002702 0 1 1 2.4758 -1.1994
000703 0 1 1 -20.2886 -3.3825
002195 0 1 1 -16.9269 -11.3619
600792 0 1 1 -23.8318 -8.6031
002031 0 1 1 -7.743 8.0986
002585 0 1 1 -22.1026 -10.2847
600077 0 1 1 -15.1123 17.1875
002636 0 1 1 -5.0072 2.6316
002631 0 1 1 -15.1099 -3.8087
600595 0 1 1 -28.2138 -1.5936
600828 0 1 1 -11.4434 -0.9881
600137 0 1 1 -2.6226 -5.1392
002390 0 1 1 9.1429 -3.7631
002392 0 1 1 -19.7714 5.6497
002252 0 1 1 53.3139 8.5259
300339 0 1 1 30.535 9.7951
600628 0 1 1 -18.5185 -1.7467
601608 0 1 1 -15.641 3.9894
000967 0 1 1 27.5076 -2.5729
002595 0 1 1 19.5643 10.7882
000825 0 1 1 -27.809 7.1217
300306 0 1 1 -8.2228 -5.916
600004 0 1 1 -10.6534 5.037
000952 0 1 1 28.109 -3.68
300141 0 1 1 38.921 -8.0868
002607 0 1 1 -4.1285 4.5838
002602 0 1 1 -8.1641 0.5548
002133 0 1 1 -14.5923 20.7071
600779 0 1 1 -40.3563 -19.9256
600598 0 1 1 2.454 1.7456
600460 0 1 1 49.866 -7.6543
002434 0 1 1 -5.8692 -3.2394
002436 0 1 1 12.1681 -10.0
600236 0 1 1 -18.8442 23.2198
601000 0 1 1 -19.1065 0.3012
300028 0 1 1 16.6052 -5.4889
600297 0 1 1 35.5311 2.4164
000547 0 1 1 -10.5572 -9.4987
000421 0 1 1 -15.4135 -1.6985
002381 0 1 1 15.6781 8.1663
000586 0 1 1 3.6403 -8.2192
600310 0 1 1 -9.4484 1.4851
601801 0 1 1 1.8936 -5.8076
000939 0 1 1 -26.0212 -2.1962
600169 0 1 1 -35.8127 10.3343
300099 0 1 1 10.8382 -6.1048
600017 0 1 1 -20.5575 7.4349
002306 0 1 1 -34.8718 6.5521
000837 0 1 1 2.5735 -8.0808
300007 0 1 1 -9.382 -16.1878
600543 0 1 1 -29.8419 -2.729
002224 0 1 1 73.2191 6.8831
600975 0 1 1 -16.3695 -5.5215
000617 0 1 1 -18.1595 -6.8927
600844 0 1 1 -34.0787 1.8399
002087 0 1 1 -8.7464 1.4706
600601 0 1 1 -2.9536 2.1552
002150 0 1 1 -13.5611 -4.5455
002409 0 1 1 7.2628 -8.0762
300214 0 1 1 -37.4654 -5.948
002517 0 1 1 32.1596 4.7045
600139 0 1 1 -34.2096 -5.6919
002651 0 1 1 -11.4286 -2.2727
600131 0 1 1 -14.9338 0.5671
000488 0 1 1 -11.8519 12.3989
000906 0 1 1 -13.4875 -5.7658
