601318 408 329 737 93.3196 5.782
600887 231 337 568 32.0366 -7.4798
600048 285 224 509 119.9187 1.5303
000002 254 226 480 67.0673 5.6304
600030 233 240 473 200.2614 8.3571
601166 261 205 466 74.1132 5.1471
600000 255 199 454 74.9164 0.0422
600016 237 189 426 75.7674 -1.4183
000651 168 215 383 26.4305 6.1856
000024 205 173 378 155.7171 -15.1595
000001 195 178 373 61.3035 11.3713
600109 177 193 370 104.8654 7.4311
000625 168 191 359 37.4895 30.4751
600837 181 161 342 164.1054 -0.0156
002241 125 185 310 -6.0153 6.2405
601688 164 129 293 227.577 1.068
300070 123 166 289 17.7665 6.571
601601 152 129 281 87.9206 10.8861
600703 116 159 275 -6.3695 1.011
002415 104 171 275 34.1936 -1.6046
300058 120 154 274 -20.3019 3.7878
600406 121 152 273 9.8943 -4.8774
600690 120 149 269 29.0682 -8.2905
600036 152 112 264 73.4454 4.1752
002008 120 141 261 -6.6082 32.6912
300059 135 124 259 135.1556 22.3816
601328 149 101 250 88.2563 2.6455
600079 108 137 245 -14.1007 7.0648
601628 140 102 242 153.1505 3.656
000538 97 143 240 22.3837 -7.3468
000895 95 144 239 -11.8469 -8.2821
600446 123 114 237 46.2715 14.2102
002236 92 144 236 -15.349 -6.3798
600315 105 130 235 -3.0782 8.9845
601668 128 102 230 159.0747 1.4014
000712 115 115 230 84.9082 14.0537
600519 102 126 228 35.0762 3.5737
600535 92 132 224 4.2883 0.3147
300133 101 122 223 -20.7583 31.8775
600028 115 102 217 25.9729 4.4638
601555 103 112 215 216.22 0.82
600999 110 103 213 185.6342 -0.4936
000069 116 94 210 76.2821 1.6801
601336 122 86 208 142.125 4.4599
002400 92 116 208 -13.0766 13.818
002353 84 119 203 -23.8984 -2.0405
000581 84 115 199 0.0243 18.7336
600340 107 91 198 72.9472 -10.4128
601998 104 93 197 102.9459 -7.9914
600050 102 90 192 50.0 8.6794
000858 101 91 192 25.4086 6.1824
600261 88 103 191 -14.3434 -7.4145
600588 95 95 190 72.0879 9.3191
600276 72 115 187 14.8988 9.8618
002475 87 98 185 -10.6232 28.5105
600015 105 80 185 74.5011 -3.0806
002410 83 101 184 -10.2564 13.1635
300104 93 90 183 -25.8684 20.7927
002065 83 100 183 -7.5851 1.247
600104 80 103 183 50.3741 11.2635
000776 91 91 182 171.1337 -0.8097
000963 82 100 182 -2.8977 23.2878
300124 86 95 181 -3.2162 -8.1606
002385 80 101 181 19.8214 -4.6878
601818 108 72 180 106.7731 2.8226
002292 83 97 180 -18.2146 22.3133
600196 75 103 178 7.3624 -1.3979
000728 87 91 178 233.0128 10.0447
600066 77 100 177 37.5847 4.1525
600597 75 102 177 8.5821 -3.8972
601377 84 92 176 261.7225 -0.0868
601788 86 88 174 262.1827 2.4434
600422 81 93 174 19.0408 -11.9898
600309 79 93 172 45.5882 -9.4729
002146 88 82 170 66.877 -21.7709
600585 69 98 167 41.0863 -2.2165
002375 77 90 167 10.3158 -9.1728
000400 68 98 166 1.4493 -1.6471
600089 67 99 166 46.5089 -2.5363
000333 65 98 163 42.9167 9.4137
600594 71 92 163 -16.094 0.4396
002390 79 80 159 -3.6684 -11.0191
000997 86 73 159 63.3489 3.7168
300017 79 80 159 -16.8966 21.7728
000671 82 76 158 56.3698 -8.3759
300005 81 77 158 24.9832 1.5151
000402 84 70 154 129.1822 16.357
601988 97 57 154 63.3858 6.3636
002022 69 83 152 -6.4431 7.3408
002051 85 65 150 71.8239 8.7506
000783 76 73 149 259.3634 17.3382
600998 78 70 148 39.6445 -16.7553
300168 73 75 148 155.3897 -7.6498
002285 74 71 145 85.679 -17.8277
600557 64 80 144 -20.4138 10.5555
300291 74 69 143 -12.7874 99.2737
600584 74 68 142 30.9412 11.9584
600518 50 92 142 7.8487 -8.9506
600352 57 85 142 26.8859 -2.8765
300315 67 73 140 -7.481 -11.5146
600587 56 83 139 -17.3457 -21.1396
600372 54 85 139 27.7206 19.7656
300115 56 82 138 -14.4004 32.4886
601989 75 62 137 93.8947 2.4802
002108 69 68 137 6.8945 14.5553
002450 61 75 136 28.7556 15.4329
002081 73 63 136 20.2577 19.2498
300026 56 80 136 -17.6631 23.1149
000423 55 80 135 16.5029 -2.4047
601009 70 65 135 95.0938 2.8387
300170 68 67 135 3.5239 30.9166
002368 67 68 135 35.0354 8.6851
300253 71 63 134 72.6376 -26.1875
300212 65 69 134 -11.872 -14.7662
601633 61 73 134 63.97 -18.9988
300207 69 64 133 -11.9219 37.7439
600570 62 69 131 86.5123 39.7856
000541 64 67 131 1.998 -1.6731
000049 49 82 131 -25.6113 14.6809
603000 59 72 131 3.5044 12.9693
600376 76 54 130 133.8747 -8.4257
002230 60 70 130 -1.5152 6.1561
300274 64 65 129 -0.8589 14.4997
002185 58 71 129 13.7523 18.4293
300037 63 65 128 -17.5722 4.5004
600150 58 69 127 80.4048 12.0
600158 70 57 127 89.6146 12.8198
600804 60 66 126 24.7745 16.4251
601766 58 68 126 47.1885 -0.2217
000826 51 75 126 19.7985 9.278
002019 63 63 126 -5.6818 -17.3565
600699 58 67 125 -22.4871 24.7159
300273 55 69 124 -0.9842 -8.39
600153 62 62 124 91.9873 -10.5715
601299 59 65 124 delist
300113 60 63 123 -13.1034 10.0817
600525 53 70 123 4.265 10.4218
002153 57 65 122 30.9381 22.9656
002465 61 60 121 25.7813 27.7271
600637 44 75 119 18.4179 -0.1559
300147 55 64 119 -18.7021 3.6609
000768 56 62 118 85.1417 24.8129
002104 51 67 118 1.3823 20.2728
600872 49 67 116 0.0964 11.943
600549 59 56 115 30.873 10.956
300166 58 57 115 49.9733 0.0
600893 51 64 115 18.9811 20.8148
002038 45 69 114 -9.8319 13.3676
600118 57 57 114 65.1972 11.1277
300043 58 55 113 -28.7188 -4.9822
002456 49 64 113 -10.1422 3.1135
600563 56 57 113 -13.6609 35.7331
002202 57 55 112 49.9028 2.6624
000661 52 60 112 8.8922 -16.3231
300020 52 60 112 -12.0294 -1.4138
002271 58 53 111 32.4067 9.0567
300146 43 68 111 2.8481 -10.7908
601006 54 57 111 70.8333 1.2597
002023 48 62 110 22.4944 31.6979
600600 42 68 110 5.5781 4.0042
600019 64 45 109 71.8137 8.5704
000961 55 54 109 113.3136 -14.3603
002063 52 55 107 0.7032 -4.5602
600312 48 59 107 8.373 11.7089
002309 47 60 107 8.3156 -2.4049
002358 50 57 107 44.7348 15.6177
601099 51 56 107 235.3774 2.0116
300090 39 67 106 -13.3333 19.3763
300024 44 62 106 34.8973 41.9531
300226 52 54 106 66.4002 4.0376
600108 49 56 105 68.8969 -16.9269
002470 49 56 105 43.0851 1.0441
002223 49 56 105 2.7583 -18.1813
000970 49 56 105 26.6267 -7.3822
300010 52 53 105 -17.8201 35.9255
300295 58 46 104 18.2295 5.5352
002191 48 55 103 6.6926 -13.4297
601231 46 57 103 -1.541 77.9048
300002 47 56 103 12.3139 33.3062
601288 52 50 102 58.3375 4.5455
002030 47 55 102 23.949 62.7376
600010 50 51 101 125.9103 -10.2149
300178 53 48 101 62.6387 9.4818
000568 55 46 101 33.1552 -4.1448
600886 48 53 101 123.8748 14.8005
300155 47 53 100 66.9751 8.432
002005 45 55 100 -1.9778 6.2267
300157 40 59 99 -23.3283 -2.4407
002219 46 53 99 -12.8146 -10.7549
002594 52 47 99 -21.9216 -0.8522
000848 42 57 99 11.5677 19.4988
601398 56 43 99 43.6578 5.7189
600835 43 55 98 23.0091 -19.3867
600741 46 52 98 64.8826 1.875
002007 47 51 98 31.5166 2.0512
300150 47 50 97 1.0107 65.8847
600511 52 45 97 37.0027 12.0034
000063 47 50 97 38.6029 4.6677
000513 50 47 97 7.439 7.3583
002268 49 47 96 69.2308 25.1552
300287 47 49 96 -7.5436 2.8311
600418 45 51 96 18.4314 2.1569
300003 52 44 96 11.7371 -0.6488
000596 48 47 95 104.1868 5.4718
002714 51 44 95 2.2227 41.7901
600067 51 44 95 60.0791 -12.9848
000831 54 41 95 46.4355 21.7059
002174 45 49 94 -12.7191 -7.9352
600383 38 56 94 31.112 30.0578
300203 48 45 93 21.8551 2.6247
300251 41 51 92 3.9578 10.2449
601992 50 42 92 83.8805 -13.4467
600138 37 54 91 14.5218 17.9654
002477 45 46 91 -7.6923 14.8168
300049 50 41 91 17.839 9.2692
600373 43 48 91 -3.268 18.0022
002085 41 50 91 30.5779 2.3124
002396 44 47 91 -0.9431 22.0824
002179 44 47 91 32.9558 15.5517
601939 52 38 90 76.3391 3.25
600718 42 48 90 18.427 13.0418
601169 51 38 89 67.6252 6.5876
300183 48 41 89 47.8395 1.1655
300339 44 45 89 3.6777 30.6805
002318 46 42 88 69.9659 6.734
002024 49 39 88 36.1573 -4.9858
300271 46 41 87 -5.2109 32.9172
601012 40 47 87 34.8819 23.5741
600240 44 43 87 52.9787 4.814
600366 46 40 86 10.6923 0.9431
002444 43 43 86 17.5236 8.497
000732 50 36 86 92.623 -14.3719
000039 42 43 85 74.9654 -7.2158
002551 39 46 85 -21.7183 -6.7453
601088 49 36 85 49.6265 4.9168
300072 44 40 84 21.7523 14.6228
600583 36 48 84 44.4444 -2.5861
002041 40 44 84 16.8003 2.3016
000709 46 38 84 110.4418 -4.6632
300182 42 42 84 -1.8102 -0.7546
603288 51 33 84 16.1 3.4562
600572 37 46 83 9.1106 4.1345
002437 39 44 83 12.6978 -5.1821
000516 40 43 83 86.9832 -6.4535
600867 32 51 83 21.3064 13.2116
300137 39 43 82 13.8652 -0.572
000876 43 39 82 23.348 0.3181
601222 39 42 81 0.9362 38.3159
600571 42 39 81 40.4799 33.2087
600651 41 40 81 15.0936 10.6061
300016 46 35 81 26.2755 35.3617
300075 34 46 80 -17.893 17.378
600037 39 41 80 38.9691 36.0049
600323 40 40 80 15.6675 21.8409
601901 36 44 80 162.3836 0.3704
000425 48 31 79 124.0422 3.1437
000977 32 47 79 20.4094 42.4435
601607 34 45 79 35.5793 -4.1088
600266 36 43 79 217.1582 -3.5663
300074 36 42 78 -17.6662 4.2282
000919 39 39 78 4.0551 12.2771
002439 40 38 78 21.5377 41.6608
000559 37 41 78 14.7969 38.7915
600660 37 41 78 45.7383 7.3369
600292 30 48 78 17.3249 6.7338
300006 41 37 78 3.3296 9.0253
600332 31 47 78 9.8107 -2.5262
002657 44 34 78 99.6077 13.622
002672 40 37 77 29.6269 16.4811
600085 35 42 77 31.3813 -0.3458
300033 36 41 77 225.3945 31.7956
300303 38 39 77 -6.6667 8.75
002004 37 40 77 -3.0635 8.6237
600990 41 35 76 127.3725 8.5873
002701 30 46 76 2.4012 -5.2097
000998 28 48 76 48.3624 19.607
000937 42 34 76 43.7931 -5.8288
000656 36 40 76 132.4543 -19.674
600633 35 40 75 36.0509 0.1893
000685 39 36 75 118.3694 -1.0781
000592 36 39 75 100.8304 7.9948
000028 36 39 75 17.9684 -4.1064
002555 39 36 75 -7.8482 21.7521
300039 31 44 75 3.8493 -3.3794
002111 36 39 75 8.3949 15.3687
002117 39 36 75 22.7382 21.985
002638 37 38 75 -15.571 25.7778
300238 40 35 75 -2.2162 24.7441
000800 34 41 75 57.5 -4.5545
000915 34 40 74 -2.3221 -0.7567
600271 46 28 74 52.55 10.2326
300071 33 40 73 2.9504 9.4326
300101 32 41 73 -0.8566 13.4306
600580 39 34 73 34.7044 8.0615
002664 35 38 73 -17.0157 43.6143
002421 37 36 73 18.2745 14.8129
601800 41 32 73 292.0108 -0.266
600185 34 39 73 176.3547 -11.5054
600885 38 35 73 -14.781 -2.9122
601888 33 40 73 34.627 1.0468
300077 36 36 72 -3.5779 16.323
600967 31 41 72 22.0844 29.8823
002407 38 34 72 18.8943 -9.5655
600316 38 34 72 71.6738 6.4598
600485 36 35 71 138.056 5.9953
002273 38 33 71 -4.5226 2.7457
600522 33 38 71 18.4758 19.5729
002496 40 31 71 62.6866 12.2243
600884 34 37 71 -3.1526 8.3645
600880 32 39 71 -7.4871 9.9362
000851 35 36 71 8.4302 -10.469
002049 32 38 70 1.3942 25.4569
300162 38 32 70 244.6154 16.6792
000733 34 36 70 11.4066 16.1056
002048 35 34 69 -2.8398 40.4888
000750 33 36 69 87.8195 -3.6885
601699 40 29 69 52.4439 -3.0534
600795 34 35 69 115.3488 -3.0197
300144 36 33 69 13.3609 9.6772
002508 37 32 69 20.2952 3.3504
002157 37 32 69 37.9642 22.3722
002321 35 34 69 40.8163 1.8382
002405 35 34 69 20.7792 8.2954
601098 36 33 69 13.7766 15.3364
300079 33 35 68 16.6823 -0.0065
002440 30 38 68 0.0083 -20.4929
600809 32 36 68 70.9485 -11.9076
002501 31 37 68 113.1298 2.6976
300177 29 39 68 -8.6345 4.0808
002142 36 32 68 79.8205 3.2731
600259 39 29 68 47.9766 12.2038
600060 27 41 68 18.5685 -10.834
600388 43 25 68 47.2063 -14.5877
601857 37 30 67 46.6169 0.8909
600212 36 31 67 134.2857 8.6957
300367 35 32 67 -10.9024 27.2528
600643 34 33 67 50.531 -9.6457
600661 33 34 67 -24.3194 59.7041
300232 32 35 67 21.1469 6.3489
600420 30 37 67 15.9734 19.112
600559 31 35 66 137.4502 -1.9793
600686 28 38 66 32.0044 10.497
600645 38 28 66 49.4834 20.4829
300323 30 36 66 -26.7666 0.5382
002366 40 26 66 87.6551 94.8099
002299 30 36 66 10.9649 35.0114
002649 31 35 66 1.6704 29.8332
002312 30 35 65 27.68 -16.4463
002214 32 33 65 14.0254 -1.5748
600521 34 31 65 34.3808 -5.0237
601600 33 32 65 104.918 -9.7345
300205 29 36 65 -10.3974 41.5581
600401 34 30 64 -11.7497 14.4147
601808 25 39 64 20.1272 4.2862
000623 35 29 64 124.5806 0.7901
300322 31 33 64 22.9434 27.5313
600900 32 32 64 83.3873 6.9324
300255 27 36 63 29.4872 26.4586
601186 32 31 63 241.2721 9.5238
002304 35 28 63 56.8452 6.2369
002527 33 30 63 -9.7682 7.2875
002609 32 31 63 16.5403 32.5823
600270 35 28 63 42.4032 7.0852
300027 31 32 63 9.0571 2.5198
002642 32 31 63 25.5835 -15.3694
600335 31 32 63 17.1895 4.6837
300369 31 31 62 -13.0243 16.9084
600765 33 29 62 68.883 -5.5812
002148 25 37 62 -16.0978 -6.1761
002364 32 30 62 -5.879 26.1024
000801 36 26 62 28.2609 4.0702
300228 26 36 62 -3.7847 -16.9746
600038 35 26 61 43.8901 6.1791
603766 30 31 61 53.0752 6.8829
600187 31 30 61 72.3596 -10.8481
600436 31 30 61 15.5966 5.2993
002094 32 29 61 -0.4583 8.541
300199 29 32 61 1.3894 0.0
300032 34 27 61 0.5435 35.9375
300021 29 32 61 15.0255 12.8479
300012 32 29 61 -23.8798 -1.9768
002138 32 29 61 -12.4899 34.1026
000157 41 19 60 64.0814 -9.2402
300269 32 28 60 11.6847 23.4007
002454 30 30 60 10.3937 15.6928
600566 28 32 60 -15.7039 17.1429
002229 27 33 60 -12.628 7.0225
002520 30 30 60 35.996 -22.0877
600739 26 34 60 41.4747 9.0188
600031 37 22 59 102.5761 -9.7122
300055 27 32 59 49.1355 -12.2102
600175 30 29 59 -9.965 -0.7881
600536 32 27 59 59.322 12.7231
002550 30 29 59 3.5115 14.3309
300219 28 31 59 -18.323 8.9786
300034 26 33 59 34.5 18.6615
600894 28 31 59 13.2159 -13.7958
000060 29 30 59 38.5401 24.9644
300015 25 34 59 13.5614 6.5084
002653 27 32 59 -10.0262 3.1929
002249 28 30 58 -14.8588 3.9956
002152 26 32 58 34.1611 22.5781
300326 29 29 58 -31.337 15.4059
002296 28 30 58 9.7917 13.9539
600330 29 29 58 -15.3285 34.0557
002673 29 28 57 250.0 -2.6645
600009 26 31 57 56.1654 3.2617
300045 22 35 57 -10.0716 0.9174
300288 26 31 57 219.0395 40.2386
600325 26 31 57 103.9669 -7.5257
600068 33 24 57 152.1622 -0.6339
300038 31 26 57 8.2461 3.9886
002035 29 28 57 21.9414 0.9708
600875 33 24 57 75.9591 -3.3339
600111 29 28 57 33.5397 -0.6255
600369 29 27 56 162.2353 3.5398
002279 30 26 56 11.8377 33.4125
002181 25 31 56 -2.5381 5.4694
300073 28 27 55 -0.2833 17.9285
000793 27 28 55 -1.8245 -8.7496
002262 25 30 55 12.268 11.7792
002531 29 26 55 20.4098 1.9809
600763 32 23 55 18.1192 2.8802
300088 28 27 55 -20.626 -4.6207
601117 22 33 55 85.8439 -15.7556
600080 28 27 55 0.3563 8.1545
600081 28 27 55 -1.279 45.3207
002570 21 34 55 12.7437 -10.401
002568 28 27 55 143.0189 -1.0603
600855 29 25 54 78.4062 27.5408
600850 31 23 54 82.2086 -4.0717
600409 28 26 54 41.8391 -7.4941
002382 25 29 54 -13.1298 39.8276
002376 27 27 54 1.2879 5.6536
002250 21 32 53 4.2254 17.381
601965 21 32 53 1.6611 -15.8095
300164 24 29 53 -42.2436 24.4078
300085 21 32 53 131.2579 22.2793
300347 25 28 53 -9.3037 6.5713
000547 29 24 53 124.7906 7.5
002610 23 30 53 28.925 8.75
601933 27 26 53 41.626 10.4847
000988 31 22 53 27.0213 11.038
002635 25 28 53 -15.6924 12.7827
000401 32 20 52 61.6654 -10.0446
002665 28 24 52 39.7001 5.03
002462 28 24 52 49.9158 9.9658
300246 24 28 52 -13.6546 7.4973
600832 21 31 52 delist
002261 26 26 52 -12.1862 -3.4175
300265 28 24 52 19.5753 0.0543
002436 26 26 52 17.7088 4.8013
000550 22 30 52 6.2106 22.0757
002572 28 24 52 30.8869 1.3927
300206 26 26 52 -11.1529 8.6377
300334 26 26 52 -0.7767 -3.2555
600674 27 25 52 77.1473 4.9195
600100 29 22 51 32.7452 -2.0948
002325 22 29 51 31.8348 -5.3971
600499 24 27 51 1.7641 -10.406
600125 31 20 51 84.5833 -4.8638
000100 28 23 51 66.6667 -9.4862
002422 23 28 51 10.7219 -2.4631
600210 25 26 51 74.4809 -5.1282
000555 30 21 51 72.6457 -2.3215
002603 26 25 51 1.6028 -6.9383
000612 27 24 51 66.1184 -0.3279
002373 30 21 51 13.9241 41.1765
300307 27 24 51 -17.6527 -7.2026
300054 21 29 50 10.6992 11.8445
600129 29 21 50 98.3645 5.5487
300047 24 26 50 -8.3846 20.2351
002516 27 23 50 61.3475 1.3815
000917 20 30 50 11.4658 12.7138
300380 27 23 50 37.4225 54.9394
300036 26 24 50 2.152 33.0448
601390 28 22 50 271.5641 3.6
002363 26 24 50 84.1897 -18.2064
600115 28 22 50 125.2174 -5.7143
002690 21 28 49 3.4884 14.555
600976 26 23 49 38.0928 -6.3162
300379 26 23 49 33.5853 14.9658
600859 25 23 48 44.8925 -7.2898
002060 25 23 48 53.9419 -7.979
601000 26 22 48 106.0403 -7.8365
002699 24 24 48 55.6593 14.8887
600252 16 32 48 40.8539 -7.6383
000729 23 25 48 25.0391 -2.848
600479 25 23 48 23.987 5.0089
000528 31 17 48 115.411 3.8332
601877 21 27 48 39.4678 -9.4525
603008 26 22 48 57.95 -7.5581
300242 28 19 47 60.4355 25.5333
300298 21 26 47 -19.0427 -8.7303
300263 23 24 47 17.8453 1.8535
600794 22 25 47 76.1728 -3.5253
600761 22 25 47 58.8832 1.3271
600184 25 22 47 86.8613 28.6458
600759 22 25 47 -4.4402 -6.2781
000816 21 26 47 40.0889 -0.4556
300190 24 23 47 -7.8318 38.6932
300359 25 22 47 21.8214 139.9136
002573 33 14 47 57.0942 1.8653
002126 24 23 47 7.7617 -3.6185
002332 22 24 46 38.1496 -11.8478
002460 22 24 46 -15.499 9.0909
600624 23 23 46 12.2915 2.1604
002073 22 24 46 30.4957 11.7729
300275 23 23 46 -1.5676 -10.1143
002317 23 23 46 -2.9323 13.1328
000686 22 24 46 183.4043 -8.9049
002170 25 21 46 72.4138 -4.7258
002020 23 23 46 -5.949 22.537
000860 19 27 46 33.1433 -4.4158
002488 28 17 45 104.1995 1.9287
002482 22 23 45 27.4642 -19.8011
002253 20 25 45 -3.9735 10.1492
300296 22 23 45 42.929 32.6138
300128 19 26 45 -4.7924 30.6341
000916 23 22 45 25.9169 -3.3756
002502 23 22 45 -5.0663 21.7698
300098 23 22 45 17.9607 31.7837
000739 21 24 45 21.2598 4.6798
600399 23 22 45 224.121 34.5534
300337 23 22 45 -7.4242 5.2682
600694 25 20 45 88.4041 -0.0063
600879 21 24 45 43.2507 16.501
600705 22 23 45 132.0036 6.3576
002131 23 22 45 18.9744 13.3487
002497 22 22 44 34.2827 3.2225
601311 21 23 44 24.4374 -3.8973
600970 25 19 44 96.3397 -5.4236
600149 23 21 44 12.1877 29.7325
000562 21 23 44 delist
300352 22 22 44 11.5421 20.4154
300030 21 23 44 -4.0931 -5.6283
000999 20 24 44 25.7332 -13.6279
300335 18 26 44 3.8238 30.4612
002303 19 24 43 22.3336 -1.4287
600801 20 23 43 59.7285 -0.11
300145 20 23 43 16.0322 -6.9234
600199 27 16 43 67.4319 -10.2305
601018 23 20 43 102.6432 3.76
300083 20 23 43 -10.2749 27.619
002605 18 25 43 25.0086 6.8865
600267 21 22 43 14.1312 4.63
600729 23 20 43 30.0208 -5.2577
300202 20 23 43 14.5772 25.6448
300011 24 19 43 51.8486 28.4103
002216 21 21 42 7.6539 -2.972
300351 21 21 42 62.2311 32.8803
600395 26 16 42 95.7724 13.9823
002567 18 24 42 24.2029 1.4633
300257 22 19 41 11.2501 -7.6084
300244 22 19 41 2.4248 -2.0019
002491 20 21 41 27.965 35.1466
600305 19 22 41 21.5529 -8.9259
000681 22 19 41 1.8941 6.6461
600351 20 21 41 -3.4615 24.3572
600995 22 19 41 65.0215 0.1104
300363 20 21 41 -25.1602 93.4005
000901 23 18 41 181.4033 32.1075
002554 20 21 41 -1.0223 6.4964
600742 23 18 41 34.9206 24.0605
600416 20 21 41 30.284 13.8211
601111 22 19 41 143.7855 -4.6512
300300 17 24 41 -15.82 20.3712
600702 23 18 41 79.1126 -4.8051
002266 21 19 40 20.5389 3.7956
002446 21 19 40 31.5351 -1.6413
600208 20 20 40 154.9509 -1.0135
002519 20 20 40 -8.8603 33.693
600562 21 19 40 99.9371 40.6119
002215 20 20 40 15.7047 25.8355
002433 21 19 40 15.4309 1.1736
000811 18 22 40 13.561 -2.5271
000925 25 15 40 59.7015 0.0
600061 20 20 40 271.6129 -5.2067
000503 21 19 40 61.9048 -7.2596
001696 20 20 40 77.1111 -4.8695
002311 18 21 39 12.4367 16.9768
300142 18 21 39 17.1843 -2.3163
300377 20 19 39 98.5639 15.4945
600410 15 24 39 70.1056 54.1401
601118 20 19 39 39.5339 -5.506
600062 15 24 39 20.3571 -10.8402
600027 18 21 39 131.7881 5.955
300063 22 16 38 155.3957 11.1019
600517 18 20 38 5.9761 3.3822
600993 18 20 38 31.3068 -1.5038
300188 18 20 38 31.9718 21.7149
002371 19 19 38 35.2222 10.6489
600655 22 16 38 62.3626 2.3162
300309 18 20 38 -4.5936 2.7841
002001 19 19 38 21.8474 1.4615
002348 19 19 38 24.1228 2.3947
300245 19 18 37 -16.2033 8.5335
300248 19 18 37 85.614 18.0155
601333 16 21 37 83.4871 -3.4221
300129 18 19 37 -29.0249 -10.9591
002055 19 18 37 21.0021 -1.2788
600151 15 22 37 27.969 3.3289
601799 20 17 37 9.2996 -7.2424
000903 20 17 37 44.9408 4.1943
002227 16 21 37 -0.2636 31.2175
002402 20 17 37 -4.8794 22.3467
603456 21 16 37 46.8947 -200.0
002091 18 19 37 -4.9277 11.6939
002176 19 18 37 18.1301 8.0749
300213 21 16 37 59.1943 16.6519
600895 23 14 37 110.5601 -4.3924
002294 18 19 37 19.0396 5.1564
000673 19 18 37 4.2185 18.5245
002139 18 19 37 19.5611 14.6028
300224 19 18 37 9.8198 33.7131
002018 21 16 37 65.5621 13.0814
002329 23 13 36 67.6179 13.8217
600486 22 14 36 47.9843 -11.5249
000932 20 16 36 115.3846 6.8182
000748 17 19 36 81.6908 17.5425
600978 18 18 36 25.6785 -0.5945
000778 18 18 36 66.129 3.4148
002727 19 17 36 133.9784 -200.0
300096 19 17 36 1.3849 32.9545
002711 19 17 36 11.3992 16.3312
600343 17 19 36 67.4249 47.1715
000718 20 16 36 54.0355 9.0909
000823 18 18 36 -7.536 21.008
002588 21 15 36 89.5377 -10.0957
300007 19 17 36 36.3549 25.546
002340 21 15 36 15.4602 11.0119
601669 18 17 35 218.4667 1.8248
600133 19 16 35 63.0859 0.0
000540 20 15 35 145.2739 -5.0373
601238 16 19 35 17.8801 3.4435
000933 20 15 35 72.6225 -7.2327
600011 16 19 35 68.3703 11.5079
300285 18 17 35 -1.4865 2.0135
600155 18 17 35 58.9333 -13.0584
600979 19 16 35 39.1593 0.0082
600818 19 16 35 35.6 -2.6915
002197 18 17 35 0.6498 12.61
600362 20 15 35 56.1083 2.4213
002507 19 16 35 21.3681 3.0687
300086 19 16 35 1.5492 32.5375
601179 19 16 35 118.8732 -2.633
000630 20 15 35 73.1544 3.6761
000958 20 15 35 118.9655 -7.6316
600461 19 16 35 44.8447 4.2922
000669 19 16 35 72.1408 -8.9781
002565 13 22 35 -5.787 -14.2299
600284 19 16 35 24.0128 -5.5745
300014 9 26 35 -13.5202 -4.3836
600598 17 18 35 47.69 -0.8608
300254 16 18 34 25.2575 -1.9631
002666 19 15 34 32.7823 2.7356
300065 18 16 34 10.0 85.4098
601058 19 15 34 39.8946 -8.1683
600122 18 16 34 47.2279 0.7719
300041 18 16 34 37.0667 9.5462
600816 18 16 34 108.8763 6.1391
000004 18 16 34 12.1758 8.8489
600776 17 17 34 -39.6735 9.1304
600767 19 15 34 57.6869 -0.1323
600077 16 18 34 60.0 -18.1512
600392 21 13 34 57.1348 -0.3831
002280 16 18 34 23.6754 128.7754
300332 17 17 34 8.1818 3.2847
002344 15 19 34 29.6627 -6.3848
000898 18 16 34 100.9804 6.8141
300252 17 16 33 59.9636 43.6441
002242 16 17 33 12.1581 -3.8241
002466 19 14 33 -6.418 -11.3394
300110 18 15 33 -4.8064 5.4614
600006 17 16 33 100.3367 -1.0636
000786 19 14 33 84.9305 -7.6127
300050 16 17 33 -14.7357 32.6866
300139 17 16 33 56.7788 27.7169
002207 18 15 33 40.1575 28.5964
002518 17 16 33 -5.7647 4.1003
601028 13 20 33 53.7855 -6.6826
000905 16 17 33 108.445 8.9784
002189 19 14 33 81.0507 33.3574
002539 21 12 33 64.4612 19.8327
002401 18 15 33 44.2136 22.1012
000975 17 16 33 91.125 -1.224
600256 12 21 33 19.0883 0.4093
600398 19 14 33 10.6243 2.3917
002028 16 17 33 33.2976 -8.9566
300336 17 16 33 -0.1883 12.5831
002293 15 18 33 27.8412 -5.6225
002584 16 17 33 6.8255 2.632
600280 17 16 33 52.381 -3.4566
600055 19 14 33 41.4168 0.0
002017 16 17 33 -0.6787 10.588
002484 13 19 32 -22.5367 38.0704
002474 14 18 32 21.4533 28.4169
300171 17 15 32 -3.3752 20.5263
002458 16 16 32 37.6457 10.4878
600428 18 14 32 172.1088 -6.9401
002089 16 16 32 42.0883 31.4047
600737 15 17 32 85.0312 -1.3964
002614 15 17 32 -16.2847 -3.9989
601700 16 16 32 5.6284 -17.2586
002595 15 17 32 6.4835 26.5633
002100 16 16 32 21.6904 3.5417
600667 16 16 32 15.8242 19.1364
002589 20 12 32 40.5969 4.5826
600057 17 15 32 67.4877 -0.9646
002009 23 9 32 52.7648 -7.0564
300004 16 16 32 11.6064 -21.2625
600029 18 14 32 126.0169 -7.9365
002338 16 15 31 65.8376 17.8266
601208 17 14 31 29.3495 -10.2201
000788 16 15 31 -8.2677 31.5522
600839 15 16 31 51.7893 -9.9125
002683 13 18 31 2.2037 -3.4599
002414 17 14 31 17.4769 9.0811
600176 16 15 31 104.3593 6.2391
300378 17 14 31 34.6662 18.7159
300348 15 16 31 104.2965 81.6127
600391 15 16 31 120.586 12.9364
600389 13 18 31 -17.7599 -13.3519
002367 13 18 31 55.4795 2.0979
002580 18 13 31 16.8357 0.7314
300231 18 13 31 37.6203 14.2365
600287 19 11 30 97.4152 -9.9125
000543 18 12 30 104.4253 -1.6492
000939 15 15 30 50.8043 16.5354
300266 16 14 30 68.0702 10.1433
300289 16 14 30 7.081 11.6459
300131 16 14 30 134.0564 20.5128
002425 18 12 30 -1.0989 14.5543
600219 15 15 30 78.4708 5.6863
600685 12 18 30 107.9393 3.9418
600195 14 16 30 21.9231 4.2771
300165 17 13 30 12.423 -12.4341
600509 16 14 30 29.6077 12.7273
000153 19 11 30 76.9341 0.8646
000869 17 13 30 48.282 -4.3357
002234 15 15 30 10.1266 14.4492
601918 15 15 30 101.6703 -8.7379
002604 13 17 30 10.219 5.2945
601928 14 16 30 18.7211 4.1573
300356 18 12 30 30.7512 -12.3274
300353 15 15 30 32.9813 20.9496
002383 17 13 30 -3.06 37.2955
300210 13 17 30 32.0305 -5.833
600897 16 14 30 68.1149 8.005
300338 13 17 30 -9.3992 7.3339
002569 16 14 30 42.6302 4.136
002102 17 13 30 40.8 19.2748
600290 16 14 30 10.9927 2.9148
002349 16 14 30 19.5629 10.5382
002334 15 14 29 7.1429 -3.3971
600612 12 17 29 36.6545 9.015
002662 17 12 29 52.3929 0.7281
600497 14 15 29 28.1517 7.6233
600547 15 14 29 29.2176 -5.1374
603167 15 14 29 19.3133 9.5554
600773 16 13 29 21.4644 8.5081
600180 15 14 29 19.0464 -8.6207
600502 15 14 29 62.5698 1.5243
002712 16 13 29 -12.1947 13.8798
300392 14 15 29 176.6897 -200.0
000566 14 15 29 41.4498 6.3971
002398 15 14 29 37.1453 -14.2178
000821 13 16 29 123.3007 35.4756
300195 15 14 29 10.3977 -15.0576
002544 17 12 29 233.0144 0.2464
600649 10 19 29 18.767 -10.7801
000726 14 15 29 37.6579 1.3814
002281 14 15 29 8.0233 15.4766
002563 14 15 29 21.3504 -5.9384
600663 18 11 29 137.1917 -0.7347
002037 13 16 29 62.2984 15.3506
000883 13 16 29 146.5923 -0.1894
000888 11 18 29 4.4565 4.755
300008 15 14 29 -24.1049 49.9041
600021 16 13 29 87.7819 -9.5634
002658 14 15 29 33.0435 2.2598
601218 14 14 28 13.289 23.5052
000418 11 17 28 28.6136 18.0848
002310 13 15 28 11.7362 11.5328
000338 15 13 28 56.5717 6.3702
002416 14 14 28 -27.8356 1.2146
600787 12 16 28 47.6318 -4.79
600198 16 12 28 9.4983 -5.1282
600697 16 12 28 49.8797 9.1414
002158 12 16 28 -1.626 12.8008
600348 16 12 28 60.7944 -3.2479
600438 11 17 28 1.3072 13.6852
002707 18 10 28 33.5556 25.9698
000957 15 13 28 5.7401 13.4469
000952 14 14 28 49.726 0.0
000601 17 11 28 46.5588 -5.8824
300357 16 12 28 6.1146 48.4183
000666 13 15 28 80.5189 5.5901
600026 16 12 28 125.8065 2.0101
600707 16 12 28 13.9918 -6.3275
002124 14 14 28 4.7072 11.0374
300259 10 17 27 17.8899 -8.5397
600313 15 12 27 66.8622 -8.8427
002678 14 13 27 36.7495 6.0714
002445 17 10 27 17.2903 28.5165
300267 16 11 27 25.413 24.5487
300136 12 15 27 40.0822 42.3658
300130 15 12 27 -26.4944 39.8795
002276 14 13 27 30.8426 8.7029
600704 11 16 27 31.5589 0.7615
002500 12 15 27 147.2952 1.9756
600775 15 12 27 11.3856 13.422
600429 13 14 27 22.8095 -14.7305
600183 13 14 27 34.7973 15.5156
600755 13 14 27 140.1425 -0.9689
002392 13 14 27 47.1958 13.5301
600657 22 5 27 158.2278 -10.5501
300209 13 14 27 4.451 21.4985
300235 15 12 27 -25.5137 41.1644
300312 16 11 27 -3.7825 49.7061
000090 18 8 26 81.5789 10.3403
600881 13 13 26 110.1245 -1.6
600489 13 13 26 40.3626 -3.125
000938 11 15 26 15.5952 11.2305
300281 13 13 26 25.2187 22.6048
600576 15 11 26 39.5389 17.6884
600783 14 12 26 77.5169 5.7199
000413 10 16 26 2.4032 13.8653
002535 13 13 26 -2.7219 -0.3521
000716 11 15 26 14.7302 -8.75
000031 17 9 26 164.3292 -5.1724
600415 19 7 26 159.4457 -8.6957
000046 16 10 26 119.2905 -15.2635
002540 14 12 26 73.4634 8.5994
300324 15 11 26 102.7413 41.3983
600720 14 12 26 78.6868 -6.9837
600096 13 13 26 74.3306 -20.6667
002101 14 12 26 12.1727 12.6311
600662 13 13 26 29.1169 -11.2694
000525 9 17 26 14.5013 -2.1709
002481 14 11 25 32.5 7.6815
000797 15 10 25 56.1655 -10.2731
600820 13 12 25 71.7256 -0.3123
600495 11 14 25 193.5817 3.8813
600120 13 12 25 70.9589 1.9689
002441 12 13 25 45.9703 11.1332
600201 11 14 25 10.9775 16.5994
600975 13 12 25 90.9238 2.0867
002429 9 16 25 -2.8133 5.1895
601158 11 14 25 80.8943 -3.074
002182 13 12 25 33.4129 19.6605
601801 14 11 25 30.0896 12.9195
002080 12 13 25 24.4019 -14.0441
000150 18 7 25 147.4432 -8.094
300087 11 14 25 20.0708 10.7369
000639 12 13 25 18.5077 -5.5458
002557 11 14 25 13.9843 -12.2709
300196 12 13 25 50.2236 6.9059
300329 13 12 25 -11.3835 80.0267
600728 12 13 25 -4.7761 0.508
600054 12 13 25 21.0156 6.4495
600298 11 14 25 27.5743 -1.271
000887 11 14 25 42.7184 20.4182
300223 13 12 25 -0.7634 26.0556
603005 13 12 25 -0.355 30.1247
600008 12 12 24 93.4426 -4.1967
300290 15 9 24 36.2331 -10.7577
002315 15 9 24 30.6141 -2.6286
000927 13 11 24 84.1226 -4.2553
600327 12 12 24 27.3777 8.0925
600962 14 10 24 80.4878 21.5815
002432 11 13 24 11.4078 -4.2105
600513 11 13 24 30.8887 13.6042
600168 13 11 24 83.4464 -6.3431
600249 11 13 24 39.5833 10.7143
002709 13 11 24 -0.8755 29.6014
600073 7 17 24 27.7929 -8.6798
300025 12 12 24 27.9412 18.4273
000852 12 12 24 32.3208 -12.6589
300227 12 12 24 14.1609 15.0651
601515 11 13 24 -3.9519 8.3295
600337 13 11 24 66.7832 -5.949
002489 11 12 23 39.5277 -10.6801
600582 14 9 23 54.891 -10.8501
600983 10 13 23 -3.1496 -3.4018
300053 13 10 23 13.1169 57.4098
300127 11 12 23 -5.7258 17.455
600498 13 10 23 29.471 -8.4977
002453 11 12 23 31.0518 12.3417
002205 13 10 23 21.6084 7.2407
002438 13 10 23 28.5443 4.293
600770 12 11 23 -6.5804 2.1858
601618 11 12 23 205.9827 1.7857
000553 11 12 23 18.6957 1.0606
002615 11 12 23 27.9258 21.0566
300217 7 16 23 11.0156 8.6753
002115 13 10 23 34.6505 11.9281
002369 12 11 23 7.0313 4.087
601717 14 9 23 63.4526 -16.0136
002354 13 10 23 33.3797 28.4784
002192 13 9 22 -20.7071 79.8701
300078 12 10 22 -30.3925 27.9856
002064 8 14 22 25.8824 -2.8204
600329 11 11 22 6.4064 28.0805
300241 11 11 22 -24.1256 24.1722
300066 8 14 22 22.1498 21.0684
300126 11 11 22 58.6928 2.8551
600157 9 13 22 83.9662 16.3239
600217 13 9 22 35.9253 29.5455
000590 9 13 22 14.4604 11.0497
600171 9 13 22 29.8526 -19.4157
600222 12 10 22 7.3795 3.7383
300084 13 9 22 10.7438 15.8136
300173 10 12 22 67.9518 26.3959
600754 12 10 22 53.2032 18.5426
002412 11 11 22 -0.4049 -0.8926
002140 8 14 22 8.5042 -0.6468
000558 13 9 22 27.2921 -3.9175
002606 13 9 22 15.1046 9.8568
002118 13 9 22 -15.8741 30.3109
000530 9 13 22 19.2746 5.4389
600863 12 10 22 95.3562 5.9155
600677 12 10 22 37.6821 30.8481
300001 9 13 22 41.2614 15.5787
600596 9 13 22 14.0659 -27.6777
002013 11 11 22 75.7002 3.6755
002244 11 10 21 42.8064 -13.0063
002068 12 9 21 82.9832 10.5991
600827 10 11 21 69.8386 6.4579
300121 11 10 21 -10.6904 38.4791
300262 11 10 21 35.1948 13.7104
300284 10 11 21 25.3714 5.4954
002305 10 11 21 22.6661 -5.5292
002698 11 10 21 -1.0101 -2.3007
002514 10 11 21 5.1838 21.0516
600782 12 9 21 130.4029 -15.5488
000009 10 11 21 52.6476 -3.1309
600969 12 9 21 41.3366 5.9899
300159 14 7 21 128.9875 -10.0394
002183 9 12 21 94.7575 10.0544
300386 11 10 21 122.6753 33.0958
600500 12 9 21 62.9688 -1.7864
002556 11 10 21 52.5603 2.1978
002547 11 10 21 35.5904 -9.0566
002576 11 10 21 82.9579 32.1449
002577 12 9 21 2.0172 7.048
600650 13 8 21 84.364 -10.6299
300306 11 10 21 -9.8571 30.9921
600708 11 10 21 19.8336 -21.5925
300314 10 11 21 11.6094 -1.26
600715 11 10 21 135.2941 11.2633
002480 9 11 20 57.8212 11.9048
002483 12 8 20 22.282 -17.6441
600033 11 9 20 73.9726 8.7165
300061 10 10 20 8.349 39.2513
002327 8 12 20 20.7207 5.8385
300118 8 12 20 1.6971 -1.9512
600487 10 10 20 34.3972 5.6338
300293 10 10 20 46.91 7.6545
002449 10 10 20 11.9577 -0.4843
600803 10 10 20 4.9053 -3.6885
601225 12 8 20 63.7841 0.9756
300383 9 11 20 -18.2062 17.8869
000959 11 9 20 68.6992 15.0235
300197 7 13 20 24.9355 -8.9486
600064 11 9 20 73.5137 9.567
000948 11 9 20 71.7005 -8.7794
600233 11 9 20 26.1261 9.9152
002597 9 11 20 5.2267 30.9421
002646 9 11 20 41.5422 -6.4024
600432 10 10 20 -0.6978 46.422
002016 10 10 20 43.9145 -5.7569
000529 10 9 19 32.0175 -14.625
600858 10 9 19 45.4088 7.7626
603366 10 9 19 19.8671 7.6174
000411 14 5 19 90.8036 5.0955
600558 11 8 19 132.8562 6.7775
603308 9 10 19 12.969 27.0138
600375 9 10 19 6.1955 3.04
300140 11 8 19 57.098 2.0257
600363 10 9 19 15.7605 -5.8824
000006 9 10 19 52.9284 -11.9725
601777 10 9 19 38.6541 1.2195
600221 8 11 19 104.7904 -7.6923
002228 10 9 19 40.0554 41.2676
002084 11 8 19 83.4646 0.8076
600161 8 11 19 42.1256 0.4327
000978 10 9 19 38.6567 12.5407
002231 10 9 19 0.2551 4.9738
000960 10 9 19 39.8714 11.1707
002169 11 8 19 45.8924 9.3943
600717 9 10 19 113.0597 -3.9699
000524 10 9 19 75.6719 1.7682
002583 8 11 19 -7.6346 2.4154
000983 14 5 19 54.8023 1.9174
002637 8 11 19 15.4539 12.2094
601899 10 9 19 62.3652 -1.7778
600590 12 7 19 32.5182 -2.2727
600595 10 9 19 62.6741 2.8249
002651 11 8 19 37.5151 8.3517
002331 11 7 18 37.6786 1.6857
002339 10 8 18 31.8824 -3.5354
002587 10 8 18 1.3964 23.2387
002245 10 8 18 6.2967 3.7989
002078 9 9 18 28.8889 -13.1223
600303 9 9 18 37.0968 13.1646
600126 8 10 18 77.6163 -1.3618
300151 9 9 18 21.7116 68.9212
002184 12 6 18 88.2657 -7.0658
600426 9 9 18 54.5198 18.4993
300094 10 8 18 -2.0284 7.2788
600188 10 8 18 92.4088 8.1129
002154 10 8 18 40.3206 -4.1186
002713 9 9 18 3.0641 12.4113
000158 10 8 18 76.2868 -7.6401
300172 10 8 18 38.1188 3.7457
002090 10 8 18 -0.2797 29.0969
002098 9 9 18 60.9652 13.0191
002178 8 10 18 19.1667 11.8094
000738 7 11 18 38.9076 8.2297
300358 9 9 18 10.3391 7.9534
002029 8 10 18 14.0845 7.912
600277 11 7 18 38.5914 0.0
300028 10 8 18 16.0656 -12.2318
002566 10 8 18 -6.0584 10.7902
000521 8 10 18 36.7235 -17.6768
002031 10 8 18 65.544 1.5799
002630 4 14 18 -7.377 9.1637
600546 8 10 18 57.5 -2.6848
300250 10 7 17 54.8616 33.1543
000407 10 7 17 13.6784 1.2868
002467 9 8 17 15.5971 16.5242
000799 9 8 17 35.2399 -1.259
601666 8 9 17 52.09 2.0202
300119 6 11 17 1.2752 -4.894
600135 8 9 17 22.6607 -1.2178
601233 10 7 17 72.1557 7.3171
600018 9 8 17 49.3594 -5.2632
000697 9 8 17 31.5672 17.5255
300149 7 10 17 -5.6376 12.3765
002511 9 8 17 20.8385 -1.1319
600143 9 8 17 57.6659 -11.1398
601567 9 8 17 87.6867 4.7893
000598 8 9 17 60.5042 -4.683
600683 10 7 17 54.2993 1.2048
600197 8 9 17 39.2277 -6.409
002431 7 10 17 17.4736 12.2746
300095 9 8 17 32.7052 12.1434
002404 9 8 17 33.7484 9.6006
300395 8 9 17 95.3176 -200.0
300370 9 8 17 29.0323 36.6255
600750 12 5 17 29.4757 -2.6294
002418 9 8 17 82.7815 8.6331
300187 8 9 17 7.8708 19.5954
600377 9 8 17 32.2464 10.9264
002541 9 8 17 8.4006 23.6785
002380 9 8 17 -10.1578 29.7435
600642 9 8 17 58.9221 -2.7149
000059 11 6 17 141.4216 -4.5455
300328 8 9 17 51.0442 19.9755
002626 9 8 17 25.5729 38.4652
600869 9 8 17 11.2232 3.2751
600716 11 6 17 21.3866 -13.9979
002631 8 9 17 40.1985 -1.3022
600056 6 11 17 62.3145 -3.8746
300310 8 9 17 -23.057 70.8093
601519 9 8 17 1.7007 1.4391
600581 8 8 16 53.7396 2.3882
002469 8 8 16 26.7888 7.6436
600480 9 7 16 68.0158 -7.3818
600482 8 8 16 21.6268 -4.273
000415 8 8 16 78.2269 -4.0763
000417 10 6 16 61.284 -7.5459
002472 8 8 16 17.8782 21.784
300299 8 8 16 0.3255 32.6651
002045 9 7 16 10.9656 9.6117
002447 10 6 16 18.7399 2.1211
600460 9 7 16 -2.226 10.1154
000507 8 8 16 93.9381 -12.6143
000753 8 8 16 51.8428 -2.0756
600780 10 6 16 61.2876 -15.739
600237 8 8 16 6.3439 9.244
000807 9 7 16 69.8462 0.0
000620 6 10 16 36.2046 -12.3053
000027 10 6 16 98.9305 2.5816
300081 10 6 16 105.0766 14.3246
002149 7 9 16 13.3577 12.7572
600405 6 10 16 26.5682 7.8167
002282 9 7 16 94.4509 3.4215
000536 7 9 16 -23.9756 4.5249
300181 8 8 16 6.5054 11.6387
600527 6 10 16 0.8734 -14.743
002553 7 9 16 -0.9167 14.611
600640 8 8 16 -8.6535 4.6373
600397 8 8 16 58.8235 10.6111
000725 9 7 16 54.1284 -3.1111
600251 9 7 16 22.7976 7.1465
601258 9 7 16 36.4679 -15.1923
002639 8 8 16 32.6836 2.2137
002155 10 6 16 37.5169 -0.6143
300301 8 8 16 4.232 11.3703
300302 9 7 16 0.8114 40.3383
000880 10 6 16 25.4945 15.1332
002129 8 8 16 10.4987 11.149
600114 8 8 16 20.5244 17.3301
601866 9 6 15 131.9249 -0.4673
600613 8 7 15 8.5161 -0.566
002663 5 10 15 19.6013 -5.3636
002326 8 7 15 28.0343 9.2939
600481 8 7 15 4.2355 -7.5719
000789 7 8 15 57.1757 -0.134
000758 10 5 15 51.4386 1.4315
300261 8 7 15 9.2373 40.3953
000430 7 8 15 11.708 1.0959
002599 8 7 15 -0.207 14.0868
600815 7 8 15 145.1791 8.2596
600141 7 8 15 55.9877 -9.6053
000777 9 6 15 154.8561 9.3017
000962 8 7 15 22.5263 1.2684
300389 8 7 15 185.2298 -200.0
000511 7 8 15 17.9598 32.1012
002226 4 11 15 15.7314 1.6972
002532 7 8 15 6.2951 -4.6059
000026 8 7 15 33.3151 18.0758
000906 8 7 15 12.5176 20.1176
601002 7 8 15 142.02 7.4851
600757 7 8 15 -3.8418 8.8561
000705 8 7 15 28.8889 6.8138
300184 7 8 15 -15.812 18.6246
601100 8 7 15 45.3159 -2.6778
002399 7 8 15 39.686 -9.5382
600749 9 6 15 29.4368 -0.1062
000731 7 8 15 35.6481 -15.4531
601929 9 6 15 0.7902 -6.3802
600888 10 5 15 45.6204 4.4597
600390 8 7 15 -2.9191 19.6707
002618 7 8 15 -20.0368 10.3466
600269 8 7 15 89.4576 -1.773
600310 8 7 15 91.4317 -4.0074
002571 6 9 15 -34.9502 0.0
002156 8 7 15 0.6274 17.3372
002357 8 7 15 1.251 -3.4638
601890 7 8 15 29.8836 9.8039
000889 8 7 15 103.7815 0.0393
600845 7 8 15 12.2278 8.9101
000501 10 5 15 35.5613 1.2079
002247 8 6 14 38.3905 -6.8932
600824 7 7 14 22.8829 -9.6128
300123 7 7 14 36.829 11.9458
000931 7 7 14 58.9695 -3.4799
600123 8 6 14 41.4369 -8.9264
600805 9 5 14 23.2279 -6.4952
600206 7 7 14 7.1895 3.1386
600216 6 8 14 18.4297 -5.0025
300368 8 6 14 57.6642 38.7743
600166 7 7 14 27.7843 -3.6122
000628 8 6 14 39.5498 -3.3019
002235 7 7 14 -6.4095 25.4887
000965 6 8 14 37.5394 0.6864
601919 8 6 14 138.4106 -16.3889
600526 8 6 14 70.6956 -7.6883
300194 8 6 14 5.0672 28.6684
002388 7 7 14 13.1023 32.2929
600644 8 6 14 31.1111 3.3661
002612 7 7 14 18.0156 -3.3737
002372 6 8 14 33.6717 9.6145
002286 6 8 14 1.7972 -7.2722
002284 6 8 14 26.3984 6.6047
002042 8 6 14 35.9494 -6.1376
300022 7 7 14 54.2904 -2.9968
600862 9 5 14 206.2706 0.0
600455 8 6 14 -10.8726 51.6992
601898 8 6 14 72.5686 -6.5578
603019 7 7 14 458.1365 -200.0
601872 8 6 14 171.1207 -0.4255
300316 8 6 14 18.8751 26.514
002654 7 7 14 1.9124 19.6687
000877 7 7 14 68.0328 7.0154
601677 7 6 13 16.0239 37.8109
002069 6 7 13 -13.7271 20.6388
002661 7 6 13 0.6175 20.1236
300114 9 4 13 58.9744 13.1094
600551 6 7 13 -0.6917 4.4682
300278 10 3 13 15.6711 107.1476
600833 7 6 13 34.5218 9.0503
600836 8 5 13 82.8214 1.5089
002260 7 6 13 8.8083 42.0114
600639 7 6 13 138.0175 -0.0979
600635 7 6 13 77.7083 -5.4893
002684 7 6 13 46.6346 33.9427
603168 6 7 13 157.3744 -200.0
300046 8 5 13 1.295 23.9047
002306 6 7 13 9.3357 -9.7245
600791 5 8 13 49.7768 -12.2128
600378 8 5 13 11.2928 7.7811
002695 6 7 13 -0.4576 18.7223
002452 8 5 13 122.3572 2.3873
000599 6 7 13 25.3219 8.1953
002509 8 5 13 18.0943 9.2731
600177 6 7 13 74.924 3.7406
600693 9 4 13 25.8427 13.0573
002533 8 5 13 44.2478 -2.6848
600189 7 6 13 22.7608 3.9474
000571 6 7 13 32.3434 -1.7632
300398 6 7 13 128.3091 -200.0
300396 6 7 13 90.9262 -200.0
002522 7 6 13 174.0 14.2988
002521 7 6 13 9.9276 20.629
002417 6 7 13 21.7968 14.9096
002549 6 7 13 6.0717 -5.4256
600063 6 7 13 95.0207 2.2962
002616 7 6 13 51.5421 1.8405
600257 7 6 13 3.6443 3.5398
600476 8 5 13 73.3394 11.4625
600005 5 8 13 77.2277 0.0146
603077 6 7 13 49.7862 -4.3704
600866 7 6 13 30.2457 -2.9466
002582 7 6 13 0.9863 0.3123
300233 7 6 13 55.2842 27.2111
002640 8 5 13 92.6959 14.0483
300229 7 6 13 -26.9962 40.5008
600713 6 7 13 28.853 -9.164
300009 8 5 13 25.7586 8.2453
002342 6 7 13 14.6617 -14.0792
000893 6 7 13 0.282 0.0001
000099 6 6 12 63.1079 12.1633
300107 5 7 12 -6.7044 27.2115
600616 6 6 12 22.4356 -6.6667
600246 7 5 12 60.2649 -19.3808
000403 7 5 12 4.5828 -1.728
002463 6 6 12 54.0193 11.6533
300068 7 5 12 8.9363 7.6305
002251 5 7 12 8.7733 3.6092
600139 5 7 12 -11.8116 70.0613
300279 6 6 12 27.2189 12.9764
300272 6 6 12 42.8693 20.853
300052 6 6 12 -25.2937 -5.3783
002448 8 4 12 42.4917 4.9007
600469 7 5 12 40.2604 10.0
600802 8 4 12 53.1245 -19.4631
002053 6 6 12 72.4138 17.1835
002411 6 6 12 31.9407 -2.4822
603328 5 7 12 5.8665 -200.0
300154 7 5 12 7.5931 24.7239
000012 6 6 12 30.5433 -8.5471
600997 6 6 12 64.9083 -2.7391
002536 6 6 12 25.0715 17.3933
002159 5 7 12 5.7895 7.8155
000572 5 7 12 46.7967 -3.4121
300371 6 6 12 4.8502 -1.3153
601369 8 4 12 56.1939 -12.5242
600098 6 6 12 84.4211 -3.086
000825 7 5 12 98.8679 12.7514
300354 7 5 12 31.3535 24.8035
600466 7 5 12 77.9193 -2.8571
000838 7 5 12 24.8596 -12.1643
002110 6 6 12 44.6009 -1.1197
002025 5 7 12 27.7105 8.5813
600475 4 8 12 26.9097 -1.1666
000065 9 3 12 51.3356 0.0965
300204 8 4 12 8.842 -2.5076
300331 6 6 12 -6.0465 43.8134
002105 6 6 12 50.1044 5.8571
000980 6 6 12 43.6526 1.6632
000650 6 6 12 64.9573 -4.7241
002341 7 5 12 -17.6326 17.8723
002011 5 7 12 23.641 -1.9256
600367 7 4 11 39.0213 -4.3498
300076 6 5 11 -7.1989 38.5968
300103 5 6 11 32.2884 6.9902
300100 7 4 11 55.1513 -3.8136
002256 7 4 11 21.4976 -2.4798
002070 7 4 11 41.8535 15.2961
600007 8 3 11 60.1047 3.2939
300057 5 6 11 -1.5773 -15.6661
300294 6 5 11 21.748 16.0319
002313 6 5 11 -13.5514 14.6648
002269 6 5 11 27.724 -13.1483
601718 5 6 11 162.0795 -6.1303
002195 6 5 11 -12.7781 32.0225
000910 6 5 11 39.5303 3.2087
000911 4 7 11 -2.1645 27.4862
002428 5 6 11 21.1185 1.4551
600211 6 5 11 45.1375 15.031
600688 5 6 11 34.4419 -7.5581
600192 6 5 11 24.8691 0.8875
300388 5 6 11 150.0 -200.0
600169 5 6 11 214.5473 -6.6007
300080 5 6 11 5.0555 5.6893
600243 5 6 11 24.4663 7.2183
000966 7 4 11 99.0566 3.9494
000921 4 7 11 -1.533 -3.9282
002552 5 6 11 9.2632 48.5231
600528 6 5 11 229.3217 -4.3869
002607 4 7 11 30.3318 3.7981
000050 6 5 11 57.9758 1.5422
300327 5 6 11 -13.4776 11.1061
601126 4 7 11 21.9168 -12.6987
300031 6 5 11 28.9951 -5.8254
002116 6 5 11 51.5888 13.0526
600387 4 7 11 -13.7684 -16.5372
000663 5 6 11 42.6596 -19.4262
002290 5 6 11 -9.76 25.9428
603806 4 7 11 -2.4527 -200.0
002648 1 10 11 -14.6083 7.7521
300222 4 7 11 22.0582 17.5566
300318 6 5 11 -17.7285 25.1609
600593 7 4 11 14.5875 8.246
002010 5 6 11 7.0838 -11.1856
002650 4 7 11 37.8788 7.0189
002655 6 5 11 0.5834 18.6538
000897 6 5 11 49.505 -9.6774
002196 5 5 10 24.2054 11.5642
002194 5 5 10 -18.3829 34.2712
002243 6 4 10 27.4571 -15.5791
600823 5 5 10 72.8555 1.1485
600825 5 5 10 38.4779 -10.2623
002254 5 5 10 36.0285 1.5682
002476 6 4 10 -4.3531 -3.9279
000780 5 5 10 54.798 4.8811
601991 5 5 10 99.9464 -4.0431
002316 5 5 10 3.58 -1.8561
600128 7 3 10 42.6636 1.2835
000759 4 6 10 11.375 3.6406
002302 6 4 10 36.6757 1.2442
601226 3 7 10 28.8889 -200.0
000920 5 5 10 73.0695 9.2975
600812 5 5 10 26.3265 -1.992
600811 6 4 10 82.3417 -10.6713
300218 5 5 10 -10.5916 1.6038
600170 6 4 10 98.3491 -6.7601
600173 5 5 10 67.7804 28.2981
000762 5 5 10 27.0398 -7.4496
600992 7 3 10 41.8256 9.939
000629 6 4 10 74.2798 7.2539
300399 6 4 10 223.8982 -200.0
300397 4 6 10 136.9622 -200.0
601908 4 6 10 61.1748 -9.124
000861 6 4 10 67.8161 11.2012
002233 5 5 10 67.8218 2.6136
002524 3 7 10 -1.1006 2.0867
002419 6 4 10 43.9619 -2.9604
000812 4 6 10 -5.0681 55.9917
000700 5 5 10 14.0594 2.1779
300340 5 5 10 12.7054 4.3984
002559 5 5 10 -9.0498 41.7954
002601 4 6 10 14.9017 12.3052
002387 6 4 10 13.6489 35.4443
600889 5 5 10 24.5776 21.8198
600648 6 4 10 22.8936 -1.1351
000830 5 5 10 53.8462 -6.8421
002578 5 5 10 70.7875 -0.8094
002112 7 3 10 29.1054 16.0294
000539 7 3 10 74.1814 -4.4939
000996 5 5 10 102.9808 -6.0984
000061 2 8 10 40.257 3.2138
601139 4 6 10 24.247 -5.0556
002297 6 4 10 8.5981 18.0346
002586 5 5 10 4.4003 8.7847
000987 5 5 10 135.4454 -5.5785
600283 4 6 10 63.2783 1.2726
300236 5 5 10 0.9394 8.7542
002133 5 5 10 40.2299 -3.7518
600673 5 5 10 21.0226 13.8739
300221 7 3 10 45.8333 11.6588
300220 6 4 10 50.1543 78.3034
002347 6 4 10 9.6878 17.1285
002121 6 4 10 30.7858 8.933
000502 5 5 10 22.7568 0.0
000652 6 4 10 90.0844 -9.0909
600784 5 4 9 85.9155 -6.1098
300256 5 4 9 1.5753 10.6818
002333 4 5 9 9.6023 2.6648
600826 4 5 9 33.6009 -0.6044
002494 4 5 9 14.2857 -2.9717
600488 5 4 9 36.2587 6.6812
002675 5 4 9 35.7748 7.1016
600004 4 5 9 64.0903 0.5706
002267 4 5 9 19.4475 6.3327
600496 7 2 9 47.3216 1.2289
002686 5 4 9 33.8641 17.9951
000680 6 3 9 163.986 -1.0345
600467 5 4 9 16.0584 0.6035
002056 6 3 9 14.8013 9.9911
300148 4 5 9 -5.1651 9.6682
300141 5 4 9 1.6813 37.8178
002510 3 6 9 3.1616 17.3954
600148 6 3 9 72.5205 21.1901
002424 3 6 9 68.1688 7.8115
000008 5 4 9 162.9762 -11.5789
600680 4 5 9 -9.3498 12.8136
000582 5 4 9 76.6761 10.0222
000766 5 4 9 15.3707 -3.5149
300366 5 4 9 0.1652 34.3484
601168 6 3 9 71.7472 7.993
600162 3 6 9 43.2037 -19.5205
600167 6 3 9 27.4597 3.8086
002408 5 4 9 19.6193 1.2319
300175 4 5 9 57.1145 6.5657
000863 6 3 9 21.202 -2.946
002237 5 4 9 27.237 -3.6162
600530 5 4 9 52.2236 -1.1911
002099 5 4 9 22.6361 9.417
300180 5 4 9 26.9462 17.0213
300349 3 6 9 3.1429 -7.6875
002391 3 6 9 22.8528 -12.7219
002171 4 5 9 59.78 19.5162
000043 5 4 9 87.0293 -10.8033
002381 5 4 9 15.9594 -6.2409
002389 5 4 9 21.7966 -7.2167
002167 7 2 9 21.3345 3.4241
000055 5 4 9 37.7205 21.6508
600658 5 4 9 19.4699 -2.97
300333 5 4 9 3.9526 49.1618
002298 6 3 9 28.1429 -8.9728
002034 5 4 9 30.5004 14.9989
002581 5 4 9 105.4054 16.0352
000078 5 4 9 32.9252 -6.8323
002136 5 4 9 37.7682 10.9063
600675 5 4 9 47.5269 -7.9587
002003 5 4 9 28.4224 -7.6578
002645 5 4 9 46.0848 7.1098
002345 4 5 9 2.6268 25.7395
603001 6 3 9 29.9854 -4.4623
300258 5 3 8 22.0651 16.7675
002335 5 3 8 49.4068 -4.1231
600617 5 3 8 41.0401 -10.2919
000409 5 3 8 11.978 -10.039
002668 5 3 8 12.4096 7.463
300249 5 3 8 4.8689 20.651
300064 5 3 8 8.0844 19.5487
600822 5 3 8 -12.4594 -12.0148
002259 5 3 8 -10.859 24.518
002255 3 5 8 21.4928 -15.01
300297 4 4 8 -3.0281 16.9626
002682 4 4 8 14.5995 2.1423
600012 5 3 8 48.8432 7.3529
000687 4 4 8 27.6596 -20.794
300169 5 3 8 -3.0588 20.4986
601313 4 4 8 28.9222 -3.1168
600575 4 4 8 10.4839 -0.7895
000693 4 4 8 2.8025 113.8261
000698 4 4 8 39.4521 -4.1558
002144 5 3 8 2.6097 3.1163
600810 3 5 8 35.7815 0.0
002426 4 4 8 11.4827 4.6634
000597 5 3 8 18.0602 20.7792
300156 5 3 8 71.323 31.8386
600682 5 3 8 36.9198 0.0
002188 4 4 8 14.1692 15.8265
600425 4 4 8 44.4444 19.4986
600358 5 3 8 26.7483 18.4891
300097 5 3 8 -1.4444 1.0741
300167 4 4 8 -6.095 0.2152
002220 4 4 8 36.6826 -5.2083
600505 5 3 8 24.9398 4.1878
600507 4 4 8 67.7215 -7.7564
002719 4 4 8 -1.0758 7.6869
000711 5 3 8 99.8454 4.6926
300393 5 3 8 64.5516 -200.0
300373 3 5 8 -15.6775 31.8973
002092 4 4 8 37.9004 7.4703
002702 4 4 8 19.7909 5.0387
600403 4 4 8 17.4365 -3.5971
000703 6 2 8 37.4429 -3.9495
300345 5 3 8 17.028 33.0409
300346 4 4 8 -12.0599 6.8813
600386 4 4 8 16.4877 13.4709
000829 4 4 8 -3.717 16.2162
600084 4 4 8 52.0513 -2.9777
600260 4 4 8 32.1042 -2.3704
000610 4 4 8 54.8246 4.0529
300216 4 4 8 48.0 121.364
300320 5 3 8 38.914 16.2666
600552 3 5 8 38.2545 -1.6538
300208 4 4 8 68.262 35.8185
002107 3 5 8 80.326 24.147
600285 4 4 8 1.8577 46.3626
300018 6 2 8 52.5952 20.5232
002002 3 5 8 19.0262 -4.7153
600459 4 4 8 14.0889 14.6202
600236 4 4 8 72.1612 -7.5528
000089 4 4 8 54.6667 -0.9099
603128 5 3 8 53.8415 -3.1746
600601 4 4 8 46.601 9.4915
600368 3 4 7 36.3218 1.99
300105 3 4 7 16.9159 -4.1737
300240 4 3 7 0.8197 9.2966
300247 4 3 7 2.7622 20.2869
600731 2 5 7 16.1157 -9.2937
600828 3 4 7 49.7845 -1.3751
002072 5 2 7 82.0408 13.6986
002074 4 3 7 94.0934 -0.0047
600318 3 4 7 32.1311 -1.7202
603111 3 4 7 132.9637 -200.0
601008 5 2 7 89.75 15.7979
600630 4 3 7 27.9236 -7.3833
000930 3 4 7 115.7319 1.3298
600545 4 3 7 43.6619 14.9929
600806 3 4 7 70.6294 3.7736
300134 3 4 7 22.9331 110.7106
600152 3 4 7 20.3989 20.2062
600320 4 3 7 130.5031 -4.451
002206 5 2 7 22.8659 12.5399
002736 7 0 7 20.9524 -200.0
600873 4 3 7 40.1174 1.4433
002180 4 3 7 37.5658 28.7066
000018 5 2 7 146.1686 17.7001
601015 3 4 7 60.9481 -200.0
600510 3 4 7 53.765 4.9541
600508 4 3 7 42.3515 -1.861
600501 4 3 7 51.5642 16.8691
600503 4 3 7 37.1981 2.701
002082 3 4 7 27.7551 -7.4813
600439 2 5 7 23.5142 -4.8325
300082 4 3 7 8.6811 11.8948
002413 4 3 7 123.5732 10.3604
000030 4 3 7 31.4152 -1.1766
000828 4 3 7 78.7281 -1.8652
002397 4 3 7 15.9714 30.1019
600745 4 3 7 22.0324 -3.7351
002172 4 3 7 35.5865 -8.2143
600529 3 4 7 14.4671 4.2254
000950 5 2 7 39.267 1.847
002602 4 3 7 7.6985 34.8634
300403 3 4 7 57.9345 -200.0
000045 3 4 7 31.5202 -25.3049
002492 4 3 7 -6.1184 8.7037
300193 4 3 7 6.0224 11.3328
300355 3 4 7 23.1221 16.7651
600647 5 2 7 16.9074 1.6827
600641 4 3 7 60.5894 -0.2488
002611 3 4 7 46.8478 33.0192
002613 3 4 7 42.9856 16.5725
603609 3 4 7 69.4215 -200.0
002378 3 4 7 26.9385 7.0683
000995 3 4 7 49.6377 -4.603
002562 4 3 7 -0.8892 32.0
002106 2 5 7 14.0288 4.0738
002039 5 2 7 68.5579 6.0945
000518 4 3 7 71.028 -1.7964
600297 4 3 7 41.5122 -2.5478
603018 3 4 7 29.042 -200.0
000878 4 3 7 87.6478 8.8698
600360 3 3 6 5.4852 8.216
300108 3 3 6 0.6029 9.5139
002240 3 3 6 -10.5473 45.1576
600611 3 3 6 85.2941 4.412
600035 3 3 6 98.6784 1.2668
600101 3 3 6 21.1868 -1.2547
600328 3 3 6 21.2659 -2.6265
002660 3 3 6 -5.4795 22.5102
300067 3 3 6 15.5067 5.7886
002320 3 3 6 21.4126 0.3561
300117 3 3 6 26.9517 2.8443
600629 3 3 6 43.7815 0.0
002075 3 3 6 25.9843 -7.2115
002076 3 3 6 6.986 1.9231
002679 3 3 6 19.6911 7.2016
600307 4 2 6 92.6606 5.1402
000546 3 3 6 11.2245 11.2745
002264 3 3 6 6.6964 -2.2819
600638 2 4 6 17.7953 8.1226
002689 2 4 6 54.6218 19.2004
600540 3 3 6 41.7989 5.7514
300048 2 4 6 44.0659 8.4836
600808 3 3 6 155.414 -3.0864
002275 4 2 6 21.2822 -4.6682
002278 3 3 6 7.0 -1.3148
600589 3 3 6 16.1796 5.5556
600797 3 3 6 7.2087 11.3086
002697 3 3 6 61.1248 4.2633
600577 4 2 6 50.8511 13.4867
600578 4 2 6 104.192 -7.7994
600209 3 3 6 11.7861 -4.8975
002143 3 3 6 -12.1212 162.1824
600971 4 2 6 68.4163 -0.5545
002198 3 3 6 9.2968 -12.4812
000918 3 3 6 68.8716 1.1765
600565 3 3 6 56.8389 -7.2397
600560 4 2 6 22.0395 5.6581
000591 3 3 6 59.9553 8.5772
000593 3 3 6 21.626 -5.7134
601969 3 3 6 6.9846 -200.0
600963 3 3 6 75.0831 0.21
600965 3 3 6 64.0086 1.6997
300158 3 3 6 -4.9097 6.8299
002503 4 2 6 141.9632 -5.2964
002186 3 3 6 9.925 -1.3684
000587 4 2 6 6.8732 -21.0958
002721 3 3 6 -1.1264 16.9099
002729 2 4 6 110.035 -200.0
600353 3 3 6 20.9334 8.8957
600779 3 3 6 35.6944 -11.7073
300385 3 3 6 87.6554 33.0976
300382 3 3 6 -6.7011 32.8839
300161 2 4 6 22.2764 10.3284
300365 3 3 6 -6.6807 21.9292
002224 3 3 6 56.962 -3.3017
002225 3 3 6 31.619 0.4978
002221 1 5 6 47.4955 4.116
600760 3 3 6 43.6412 32.9431
000570 3 3 6 11.054 -1.5448
000717 3 3 6 88.2353 -5.5556
000488 4 2 6 53.706 -2.2371
000021 4 2 6 20.8754 4.6148
600354 4 2 6 43.8356 -5.153
601177 3 3 6 38.6197 2.0343
600758 3 3 6 15.5556 0.0033
000561 3 3 6 34.3077 5.618
600099 3 3 6 26.6646 17.3599
000637 3 3 6 29.3386 -0.9881
002287 2 4 6 9.4634 -5.7069
600798 3 3 6 50.5814 4.4196
300186 3 3 6 2.7415 2.7951
601106 4 2 6 192.2635 -2.5253
600523 3 3 6 19.954 18.3979
000820 3 3 6 1.31 7.5117
000951 4 2 6 75.4029 6.353
000735 3 3 6 21.3376 -0.1623
300401 3 3 6 248.662 -200.0
002542 4 2 6 19.153 38.7861
002168 3 3 6 37.0771 1.6575
002162 3 3 6 35.0759 -14.7887
000721 3 3 6 41.2556 29.6257
000839 3 3 6 54.8758 17.6647
300215 3 3 6 -0.8526 -4.014
002370 3 3 6 14.4597 -19.4237
600723 3 3 6 33.4674 -1.4377
002289 3 3 6 35.2729 2.845
600093 4 2 6 43.8742 -0.1631
002283 3 3 6 37.0184 6.4463
600656 3 3 6 25.7525 -17.7181
600071 3 3 6 2.502 77.2432
600078 3 3 6 23.9564 0.6401
002021 3 3 6 13.2472 0.0
000993 4 2 6 34.6476 4.8287
002621 3 3 6 24.3056 5.7673
002627 3 3 6 12.3817 20.5847
000066 2 4 6 34.8235 12.2396
002365 3 3 6 29.3991 2.2785
002361 3 3 6 37.1287 -1.6599
002291 3 3 6 33.3333 2.1959
600668 3 3 6 32.2983 1.8429
600664 3 3 6 41.8576 7.3171
600666 2 4 6 64.9795 -0.5435
002033 3 3 6 21.7288 3.6112
002032 2 4 6 24.4152 4.4761
000677 3 3 6 131.5603 -8.3871
000608 3 3 6 33.8624 -11.3421
002150 3 3 6 22.6929 4.8361
300305 3 3 6 18.2371 4.8283
002359 4 2 6 2.9032 -12.3563
002350 3 3 6 21.6086 -2.8116
600671 3 3 6 -0.3356 10.2071
600059 1 5 6 12.1706 -1.3196
600458 3 3 6 41.6279 -1.8495
603126 3 3 6 189.759 -200.0
300317 3 3 6 71.6296 11.3601
600841 3 3 6 11.4176 -6.1185
002014 3 3 6 14.538 -5.0798
000899 3 3 6 40.1235 -8.3262
000151 3 2 5 148.4252 3.4609
601678 2 3 5 39.4631 11.3248
002246 4 1 5 75.8803 -0.0442
000979 3 2 5 54.2373 -10.7872
600107 2 3 5 52.381 -5.1635
000798 5 0 5 42.8837 0.0
603368 3 2 5 36.1229 -200.0
000902 3 2 5 81.7552 -1.8743
600736 3 2 5 42.8218 1.5802
002077 4 1 5 25.0789 -0.4213
600132 2 3 5 8.1551 5.3755
002479 2 3 5 16.7095 6.5963
002478 3 2 5 23.0769 1.6581
300056 4 1 5 39.8219 -4.6242
300125 2 3 5 21.3836 17.8866
300264 3 2 5 -7.6017 37.9174
300044 3 2 5 -2.466 15.3719
000923 2 3 5 17.434 -1.8473
002457 3 2 5 20.0231 -0.4376
600350 3 2 5 79.1924 2.3973
002208 2 3 5 40.4762 -17.6596
600326 3 2 5 35.8663 10.6061
600781 4 1 5 26.6813 2.346
600785 4 1 5 42.6667 3.6156
600568 3 2 5 55.2189 1.0893
600771 3 2 5 10.9589 -7.7188
002435 3 2 5 18.2382 -3.1295
600516 3 2 5 1.877 30.3386
600223 2 3 5 90.2299 -6.7204
002724 1 4 5 87.3339 -200.0
603555 3 2 5 26.9697 10.8016
300091 4 1 5 28.9231 26.9008
300163 3 2 5 10.8395 9.5051
002151 1 4 5 37.7419 -5.7154
601588 2 3 5 96.3115 -7.3972
600239 2 3 5 63.8424 -8.2627
600238 3 2 5 76.4984 -6.4395
000025 3 2 5 6.5817 -6.0752
600985 2 3 5 53.9693 4.1899
000900 4 1 5 53.2751 -6.1413
600537 2 3 5 33.8867 -1.7141
002095 3 2 5 48.8219 1.096
000638 3 2 5 41.7219 -7.4447
600097 2 3 5 39.6884 -12.0502
603993 3 2 5 31.7771 24.7349
601727 2 3 5 120.563 -2.3018
002395 2 3 5 24.4012 -19.96
002177 4 1 5 23.4043 5.9634
000600 3 2 5 82.2262 5.2631
000603 2 3 5 4.2517 7.2943
000606 3 2 5 1.8927 0.707
300192 3 2 5 28.1944 0.0
002546 3 2 5 12.892 4.1281
002548 2 3 5 43.5698 28.6301
002384 3 2 5 8.9641 -4.6265
002161 4 1 5 2.0151 14.7082
000410 3 2 5 104.7386 3.3386
002026 3 2 5 -10.2863 38.6291
600556 3 2 5 222.5806 0.0
002360 3 2 5 29.1971 -10.9283
600444 3 2 5 32.0772 -9.6906
300408 3 2 5 13.1853 -200.0
600022 4 1 5 101.2903 -3.7267
600023 3 2 5 57.9295 -1.9886
000922 3 2 5 100.3185 3.2659
600917 1 4 5 111.9658 -200.0
300019 2 3 5 38.7665 3.1668
002351 3 2 5 40.6552 27.1704
600706 3 2 5 32.9412 -2.0867
600058 3 2 5 67.0813 -3.6102
600456 2 3 5 16.9503 26.821
000881 2 3 5 27.0186 27.7885
600112 3 2 5 -12.921 1.2698
002190 2 2 4 -40.6198 290.4079
601188 2 2 4 92.9379 1.6878
600854 2 2 4 12.6082 9.9558
002485 2 2 4 59.9834 1.1834
002486 2 2 4 25.5193 -16.9591
002669 2 2 4 -15.5802 65.4988
002461 2 2 4 -9.2776 1.0302
300120 2 2 4 31.7221 4.0338
000792 2 2 4 45.8037 0.8021
000791 3 1 4 153.5144 3.1357
000022 2 2 4 74.7609 -9.1865
603100 1 3 4 57.9545 -200.0
600291 2 2 4 116.302 0.4315
600293 2 2 4 22.5869 -1.8727
603369 1 3 4 14.315 -200.0
300062 2 2 4 13.9336 10.7106
600883 3 1 4 31.5789 34.0814
300116 2 2 4 15.5844 22.4763
002499 2 2 4 -2.6457 10.7289
002258 2 2 4 20.684 2.4642
600626 3 1 4 3.5065 -4.6266
600621 2 2 4 42.4825 -4.8537
002079 2 2 4 0.4172 19.2937
600131 2 2 4 73.7533 2.1108
600311 2 2 4 32.9832 0.0
002677 2 2 4 78.8129 12.1409
002471 2 2 4 36.1834 6.0838
000908 2 2 4 17.623 1.2255
000301 2 2 4 77.3153 -8.642
601001 2 2 4 57.6364 29.6037
002044 2 2 4 60.6241 2.7419
002043 2 2 4 37.4684 4.8102
600490 2 2 4 76.5957 0.0674
000429 3 1 4 66.8919 6.2694
000936 2 2 4 63.807 12.3861
002685 2 2 4 49.3506 -0.1427
002680 2 2 4 37.7747 10.5176
000756 2 2 4 46.9908 -1.5957
300282 2 2 4 12.8977 10.1887
002308 3 1 4 27.5529 -0.8785
002307 2 2 4 74.1456 51.8182
300132 2 2 4 -2.2033 15.2026
002270 3 1 4 37.1795 10.2031
600586 2 2 4 40.8304 -5.3628
002054 2 2 4 22.4576 -9.9213
002058 2 2 4 17.8138 16.6419
002691 2 2 4 29.4666 13.4675
600573 2 2 4 34.6154 6.0106
000692 2 2 4 34.6705 8.5145
002330 2 2 4 20.8357 10.2113
600973 2 2 4 40.3666 0.7426
601038 2 2 4 67.3668 1.8205
002200 2 2 4 36.0 -9.8833
000404 2 2 4 51.8797 -3.5409
002199 2 2 4 -21.3938 6.8297
002732 1 3 4 62.3029 -200.0
002213 2 2 4 -5.7088 -14.0991
601798 1 3 4 -1.1249 0.7264
600684 3 1 4 62.2079 -11.284
002430 2 2 4 28.4457 -5.4862
601579 1 3 4 90.4389 -200.0
600226 2 2 4 32.9564 6.5652
000016 2 2 4 34.3049 1.3739
300099 2 2 4 -1.8884 7.165
600861 2 2 4 30.4348 -11.575
600692 2 2 4 18.3066 5.7554
600696 2 2 4 18.0897 15.9204
002538 3 1 4 79.4118 -1.9643
002530 2 2 4 23.6334 4.1371
600160 2 2 4 35.5509 -0.8369
600235 2 2 4 32.2134 -12.3729
600231 2 2 4 95.8967 -7.7441
600230 2 2 4 13.7412 -9.9278
000573 3 1 4 41.6667 -6.5693
002716 2 2 4 -3.2079 29.1625
002717 2 2 4 3.7089 16.9427
603188 1 3 4 42.4263 -200.0
600987 2 2 4 55.4545 -2.5607
600356 2 2 4 33.1531 8.156
300176 2 2 4 8.8012 6.3712
300179 3 1 4 29.8137 6.7473
300376 2 2 4 7.0331 24.4263
002238 2 2 4 12.8824 -1.7024
002147 2 2 4 9.8782 7.7372
600248 1 3 4 22.4248 -5.0518
000701 2 2 4 7.0725 -1.4753
000036 2 2 4 64.4928 -5.4795
000035 2 2 4 18.6854 -8.6849
300342 2 2 4 -14.2175 60.8866
000926 2 2 4 62.2926 -3.1489
601107 2 2 4 101.487 -1.0224
002393 3 1 4 10.2202 -12.8647
000552 2 2 4 26.3686 -1.0817
000554 2 2 4 6.3512 11.7904
000605 3 1 4 10.4545 -0.7038
000609 2 2 4 52.5853 4.8636
300407 2 2 4 90.115 -200.0
300406 2 2 4 273.1814 -200.0
002543 2 2 4 13.373 -3.1031
600279 3 1 4 27.4949 15.4478
600734 2 2 4 25.9352 -2.1739
600735 2 2 4 63.0547 19.5184
600738 2 2 4 24.5614 -9.0609
002406 2 2 4 7.2862 8.9354
600086 2 2 4 44.3316 1.8686
002617 2 2 4 -13.1402 81.2709
002619 2 2 4 -25.4048 88.2018
000836 2 2 4 50.8475 -2.5501
600449 1 3 4 69.9042 -5.0407
300214 2 2 4 10.1215 15.8879
300325 2 2 4 21.6418 27.0973
300035 2 2 4 5.0569 3.0322
002288 2 2 4 15.2524 14.5431
000534 3 1 4 29.8995 30.0
600380 3 1 4 44.6467 -8.6957
002620 2 2 4 11.5933 -3.7323
002622 2 2 4 113.3527 0.0548
002623 2 2 4 8.4164 7.2632
000665 2 2 4 18.2513 2.1824
300201 2 2 4 11.8812 18.3594
300029 2 2 4 -7.4627 -10.3831
002560 2 2 4 3.8496 14.8728
600719 2 2 4 30.585 6.3694
600665 2 2 4 95.6954 -6.588
002036 2 2 4 20.9191 10.7901
000989 2 2 4 43.5033 0.0672
000985 3 1 4 16.6667 22.0493
000856 2 2 4 11.288 -0.8608
000679 2 2 4 41.9571 -0.3503
300304 2 2 4 -18.2064 25.9074
600676 2 2 4 46.4664 -11.1493
000519 2 2 4 10.0826 2.5084
600543 2 2 4 34.8872 -0.8772
002643 2 2 4 41.4013 -7.7136
002644 3 1 4 30.3258 18.6022
000862 2 2 4 21.1783 -16.3636
600346 2 2 4 -1.5524 -1.0243
600711 1 3 4 120.9383 -4.5567
002125 2 2 4 12.5 1.0941
002128 3 1 4 42.879 2.0844
600592 2 2 4 22.922 7.2243
600116 2 2 4 55.2878 3.6957
600336 2 2 4 14.0496 -4.8544
600331 2 2 4 9.6085 20.1717
002656 2 2 4 5.1903 0.5385
000655 2 2 4 30.6569 3.5632
601880 2 2 4 80.0549 19.4215
600361 2 2 4 46.4632 1.8223
603002 2 2 4 10.6193 -4.4355
600851 1 2 3 34.5201 3.7736
300106 1 2 3 4.8462 13.5628
300102 3 0 3 0.7066 -10.0457
600039 1 2 3 97.8261 3.1343
000790 2 1 3 23.6876 -1.9471
002323 2 1 3 42.8107 13.0773
002324 2 1 3 44.3075 0.0962
600289 1 2 3 11.6444 3.6952
600829 2 1 3 85.2163 -5.1576
600691 3 0 3 24.6575 -3.5242
002252 2 1 3 42.5276 25.0272
600483 2 1 3 49.1284 -7.2508
600137 1 2 3 24.9042 19.9262
000416 2 1 3 12.5683 -4.1131
000785 2 1 3 38.835 5.3782
600834 2 1 3 49.8516 -5.7846
000426 2 1 3 25.4062 40.7781
600302 1 2 3 42.7632 6.1785
000422 2 1 3 49.5016 -2.7027
000428 3 0 3 21.25 -32.1487
600548 2 1 3 130.2778 5.5196
300239 2 1 3 9.8802 -4.8618
300042 2 1 3 -8.3828 30.5556
002274 2 1 3 5.297 9.375
002052 2 1 3 11.6279 -2.4758
002050 2 1 3 25.0691 24.4949
600159 2 1 3 52.9605 -13.4831
000928 3 0 3 68.4729 -6.092
002141 2 1 3 67.7753 -6.4877
601958 2 1 3 32.5318 16.8354
300143 1 2 3 38.8466 -4.1837
002517 1 2 3 100.9763 0.0
601566 1 2 3 23.0916 -7.2232
600213 1 2 3 113.1915 6.3988
300153 2 1 3 25.0 20.1139
600178 2 1 3 49.2647 -2.3753
600172 1 2 3 22.4329 4.3492
002728 2 1 3 108.2837 -200.0
600355 2 1 3 -17.7479 28.9809
600359 2 1 3 45.9239 8.7324
000761 1 2 3 32.7551 46.4945
600777 2 1 3 34.8416 13.4615
603088 1 2 3 149.6759 -200.0
300387 2 1 3 49.5422 -200.0
000014 2 1 3 37.3134 1.9913
000517 1 2 3 65.2177 -6.2626
300093 2 1 3 34.2393 0.0
002222 1 2 3 25.4364 7.8311
000719 2 1 3 37.6872 -1.7775
000710 2 1 3 15.5531 -0.6529
600896 2 1 3 92.219 -2.5173
300391 1 2 3 131.6161 -200.0
300390 1 2 3 202.377 -200.0
600724 2 1 3 52.6854 1.0235
300174 2 1 3 0.6487 9.3013
601003 2 1 3 82.8002 10.5528
300375 1 2 3 -3.38 49.6198
002706 1 2 3 29.1336 23.3025
300185 1 2 3 37.5303 2.4027
600748 2 1 3 72.5713 5.1247
601101 2 1 3 57.9133 -1.8998
000042 3 0 3 42.4721 -2.8007
000040 2 1 3 66.3291 -2.1477
300191 2 1 3 -37.4386 28.8389
600082 1 2 3 52.3282 -9.901
600069 1 2 3 31.4763 -4.4737
000619 2 1 3 54.8137 -2.2263
603518 1 2 3 7.5963 -200.0
002377 2 1 3 18.2689 10.3632
600898 2 1 3 44.5242 9.6339
002114 1 2 3 24.3646 66.5753
000537 2 1 3 52.0211 -18.1818
600072 1 2 3 34.1404 29.8969
600478 1 2 3 27.2069 4.1021
000990 2 1 3 46.0317 8.0813
600555 2 1 3 106.9486 -7.6056
000068 2 1 3 33.2317 -2.7818
002088 2 1 3 30.7542 17.2191
002109 1 2 3 24.8954 1.2579
000526 2 1 3 5.3965 13.6682
002634 1 2 3 16.856 17.3398
000070 2 1 3 16.879 -7.5463
300234 2 1 3 12.4857 -5.7338
002403 1 2 3 22.6708 2.075
002006 2 1 3 39.1097 -5.8424
000802 2 1 3 11.1868 15.2125
000088 3 0 3 92.5926 -8.9425
002564 1 2 3 16.6929 -6.397
300225 1 2 3 19.6056 12.2344
002362 1 2 3 -10.6895 9.1711
300311 1 2 3 23.0811 3.4982
600844 2 1 3 34.5133 -6.6874
600847 1 2 3 -18.8068 10.5691
002122 2 1 3 66.1847 15.9601
600606 2 1 3 60.8303 -12.1348
600608 1 2 3 12.2383 -8.1001
000875 2 1 3 77.1429 -8.4142
300122 0 3 3 -17.2414 -1.8625
000982 0 3 3 17.0797 -18.8312
000096 1 1 2 26.3297 2.447
600789 1 1 2 60.3239 -9.2559
000159 1 1 2 24.7379 13.1999
000913 1 1 2 -9.9259 20.3704
002336 1 1 2 13.7317 -5.4187
002337 1 1 2 118.4255 13.1507
300109 1 1 2 69.5562 19.2172
002487 1 1 2 27.5466 6.0129
600619 1 1 2 30.1825 0.0
600838 1 1 2 25.978 -6.6838
002062 1 1 2 64.3052 2.1847
600321 1 1 2 91.5 -1.9178
600322 1 1 2 40.3068 -6.3712
002667 1 1 2 39.4295 11.4128
603003 1 1 2 77.9231 7.489
603699 1 1 2 -3.81 7.7886
300069 1 1 2 -21.7789 29.5563
601199 1 1 2 23.5636 13.32
600988 1 1 2 43.3681 -0.5189
600622 1 1 2 42.7954 -2.1138
002071 1 1 2 -10.153 -0.6449
002671 1 1 2 22.4874 -7.8882
002670 1 1 2 37.3518 9.1228
000909 1 1 2 3.23 15.2239
001896 1 1 2 47.8462 -11.6216
600306 1 1 2 30.5292 3.8043
300270 1 1 2 8.7971 13.6611
300292 1 1 2 5.3704 34.6253
002319 1 1 2 26.2255 4.3312
600830 1 1 2 33.4641 -2.471
002265 1 1 2 38.4932 0.0
002040 1 1 2 30.1675 38.2003
601518 1 1 2 68.018 5.3221
600127 1 1 2 30.0 1.766
600121 1 1 2 40.7407 -6.3927
603099 1 1 2 117.737 -200.0
000935 1 1 2 33.3948 -2.6316
002687 1 1 2 23.5012 5.8704
002681 1 1 2 -0.1457 28.5368
002442 1 1 2 87.8788 -5.1682
600017 1 1 2 79.5367 9.3394
000688 1 1 2 40.3883 -3.4483
603166 1 1 2 108.6228 -200.0
600463 1 1 2 31.1902 -12.4779
600393 1 1 2 19.3603 13.0889
603306 1 1 2 45.6897 -200.0
000419 1 1 2 37.0573 -5.3803
300138 1 1 2 25.5708 0.0067
300135 1 1 2 26.1383 -17.5357
002277 1 1 2 33.6508 -6.7118
002272 1 1 2 35.6436 9.4714
000833 1 1 2 26.7442 0.0
002057 1 1 2 57.4599 15.3358
002059 1 1 2 40.5375 5.2861
002591 1 1 2 35.0086 -9.6042
600796 1 1 2 36.6038 0.3927
000929 1 1 2 33.2478 -0.0083
002696 1 1 2 6.8807 16.1305
002692 1 1 2 51.0309 5.0546
002455 1 1 2 21.3092 16.8391
002451 1 1 2 5.1821 55.2174
600202 1 1 2 62.766 1.9027
000506 1 1 2 82.3998 -10.5263
600262 1 1 2 60.3101 6.7671
000695 1 1 2 52.0858 0.0
600814 1 1 2 28.821 1.7436
000420 1 1 2 27.1605 28.3988
002201 2 0 2 23.2664 8.3863
002204 1 1 2 3.3621 9.6573
002209 1 1 2 24.417 -19.8467
002512 1 1 2 48.5069 -1.5972
600241 1 1 2 8.9474 19.9365
000058 1 1 2 56.8807 -8.866
600365 2 0 2 42.9648 -0.4969
002420 1 1 2 30.6043 -5.8076
002427 1 1 2 -13.363 90.6889
600569 1 1 2 82.967 6.3584
600215 1 1 2 48.4834 -3.2663
000967 1 1 2 52.3627 16.5994
600960 1 1 2 16.4956 21.5542
002210 1 1 2 58.4 48.3202
002212 1 1 2 39.4273 -0.525
002218 1 1 2 -5.7518 5.9671
600179 1 1 2 84.2105 -5.499
600778 1 1 2 24.0001 -10.3368
600774 1 1 2 71.7593 -4.814
600512 1 1 2 51.4388 -2.6359
600220 1 1 2 31.3131 -12.8571
600225 1 1 2 14.0406 -13.459
000586 1 1 2 26.4851 22.5806
000589 1 1 2 33.1923 -4.8059
002723 1 1 2 -13.4634 27.4671
000760 1 1 2 -10.0386 -5.8309
300384 1 1 2 60.6795 -200.0
603333 1 1 2 32.1188 -0.7009
000010 1 1 2 18.0223 4.2722
000019 1 1 2 16.5152 -4.1446
300092 1 1 2 13.9583 32.9954
600448 1 1 2 58.8652 0.0
601010 1 1 2 44.3966 5.9008
601011 1 1 2 -21.9512 67.5127
600764 1 1 2 26.7457 -12.3414
000803 1 1 2 15.7609 16.3706
002715 1 1 2 -32.6577 68.7762
002718 1 1 2 22.713 19.6406
000973 1 1 2 22.1344 2.1347
000626 1 1 2 61.6625 11.2619
000156 1 1 2 -12.1502 17.4628
002087 2 0 2 33.4006 -4.6632
000020 1 1 2 0.0 4.1505
000029 1 1 2 82.7128 -16.0
600984 1 1 2 34.687 9.0909
600986 1 1 2 47.4895 0.6316
300089 1 1 2 -10.9063 0.0
600725 2 0 2 56.875 -4.6921
300372 1 1 2 6.538 16.9716
002232 1 1 2 3.424 25.2121
002523 1 1 2 8.0592 14.0452
000545 1 1 2 53.7683 -7.1795
600756 1 1 2 -18.9909 93.3754
600531 1 1 2 39.3971 12.3147
600532 1 1 2 29.7335 -3.5986
600539 1 1 2 21.0351 -3.3113
002097 1 1 2 24.5353 2.6292
000818 1 1 2 39.3548 11.5108
600242 1 1 2 12.8931 15.4265
000565 1 1 2 60.2424 7.9938
000564 1 1 2 30.836 0.0
000563 1 1 2 96.7136 -10.0163
002700 1 1 2 -3.1059 46.8514
000968 1 1 2 29.2023 -5.7506
000708 1 1 2 67.0051 4.6812
000702 1 1 2 75.9058 25.7778
000498 1 1 2 28.5319 -6.8878
000636 1 1 2 42.2151 1.1146
000631 1 1 2 42.3077 -10.1849
600094 1 1 2 28.6634 17.963
603998 1 1 2 64.9205 -200.0
600370 1 1 2 4.0689 36.3746
002394 1 1 2 26.928 -6.5878
600747 1 1 2 7.329 18.0328
600746 1 1 2 0.2133 7.7465
600744 1 1 2 52.1452 -5.6075
002175 1 1 2 58.4238 19.7183
600382 1 1 2 72.2738 17.2449
002598 1 1 2 6.9196 0.8547
000551 1 1 2 19.6172 -6.6007
600419 1 1 2 12.5 9.2692
300198 1 1 2 -11.5574 19.174
601113 1 1 2 37.2365 -1.5204
601116 1 1 2 10.5732 4.9084
002165 1 1 2 18.4557 -0.506
002164 1 1 2 39.9478 0.0
600468 1 1 2 34.4365 -1.272
000723 1 1 2 43.1234 -0.5445
600268 1 1 2 51.8155 -7.6067
000056 1 1 2 27.1396 -25.2778
300211 1 1 2 13.109 11.132
300321 1 1 2 55.546 33.5149
002579 1 1 2 7.1184 50.8315
002374 1 1 2 41.8342 5.7063
600250 1 1 2 96.1977 -13.2045
601636 1 1 2 19.8312 -0.334
002119 1 1 2 59.1093 4.0975
600654 1 1 2 14.3433 5.3339
000532 1 1 2 4.4104 -3.7889
000531 1 1 2 111.2537 19.1136
002027 1 1 2 2.2409 22.439
002593 1 1 2 55.4292 -2.603
002629 2 0 2 3.0934 0.0
600278 1 1 2 37.4085 2.358
000667 1 1 2 85.3801 -4.4693
300330 1 1 2 -13.2685 27.4934
000815 1 1 2 69.2964 21.8182
601137 1 1 2 12.9707 10.6996
002561 1 1 2 25.5187 -7.2834
002103 1 1 2 26.9488 10.2297
000981 1 1 2 72.2278 -2.2222
002636 1 1 2 15.8647 18.4807
002632 1 1 2 9.0435 30.1255
600288 1 1 2 24.8828 9.7497
000678 1 1 2 58.6957 -5.1454
000670 1 1 2 -46.1706 20.9593
000672 1 1 2 79.723 8.0247
603399 1 1 2 12.5131 21.4668
600727 1 1 2 29.7483 0.0
002355 1 1 2 7.9935 -12.0226
600701 1 1 2 33.8876 -1.5054
002137 1 1 2 49.5708 27.7389
000510 1 1 2 -16.7173 -0.753
600051 1 1 2 12.8818 4.9485
000868 1 1 2 41.4815 -4.7059
603011 1 1 2 232.3002 -200.0
000882 1 1 2 43.85 -3.6304
603123 1 1 2 27.1868 3.6832
600732 1 1 2 23.0104 27.7895
600423 1 1 2 56.9921 -2.2901
600864 1 1 2 76.0272 5.9829
600710 1 1 2 91.8301 0.9677
002343 1 1 2 61.0169 -1.6683
600848 1 1 2 40.404 -7.907
600843 1 1 2 25.0 -4.021
600846 2 0 2 13.9612 -2.8221
600599 1 1 2 106.362 -9.0835
600604 1 1 2 7.2305 8.4287
600119 1 1 2 27.8718 -4.43
600117 1 1 2 64.1935 -3.3951
600110 1 1 2 21.3462 4.1584
000657 1 1 2 42.9668 5.8252
000892 1 1 2 15.2244 10.2473
600345 0 2 2 18.3818 0.3089
601216 0 2 2 61.5088 -1.0036
600218 0 2 2 23.2739 7.9812
601016 0 2 2 228.5256 -200.0
600088 0 2 2 22.9326 -5.3069
000850 0 2 2 58.7992 14.9886
000809 0 2 2 -11.9313 6.1728
002066 1 0 1 72.5424 16.441
603588 1 0 1 21.0286 -200.0
002263 1 0 1 20.8155 -0.078
002328 1 0 1 -25.7969 0.1776
300112 1 0 1 19.9779 16.4644
002495 1 0 1 108.7224 -5.7888
300276 1 0 1 -0.2481 86.3586
300051 1 0 1 10.5435 2.2331
002047 1 0 1 9.2555 -15.1877
600491 1 0 1 108.7158 0.1594
002443 1 0 1 13.3803 -2.0279
300040 1 0 1 29.6417 -1.746
002301 1 0 1 14.5138 -0.2591
002694 1 0 1 14.7018 10.273
000751 1 0 1 -200.0 -200.0
000690 1 0 1 55.665 -11.7137
600561 1 0 1 24.558 1.1015
002737 1 0 1 10.0 -200.0
600515 1 0 1 7.2848 -16.5752
000011 1 0 1 48.9552 -11.3284
603889 1 0 1 -200.0 -200.0
300362 1 0 1 12.2805 23.4283
600769 1 0 1 50.7813 -8.7566
002083 1 0 1 24.995 -7.947
601007 1 0 1 14.3774 14.9272
000885 1 0 1 104.0816 -7.644
600533 1 0 1 61.8123 0.7353
002093 1 0 1 1.3367 28.8577
000813 1 0 1 5.7743 9.9415
000567 1 0 1 20.8198 4.811
000635 1 0 1 42.4346 7.9688
600095 1 0 1 29.0123 0.6
000548 1 0 1 66.7391 -15.8182
600821 1 0 1 32.6797 -6.25
000737 1 0 1 29.2428 -6.7633
002600 1 0 1 -4.7321 16.5154
000048 1 0 1 19.3002 -5.1333
000544 1 0 1 16.8571 -3.9106
000722 1 0 1 23.0653 -7.7031
000837 1 0 1 52.5745 0.3947
000616 1 0 1 50.9494 -0.8299
603606 1 0 1 86.4522 -200.0
600652 1 0 1 -9.4286 73.3053
603017 1 0 1 -200.0 -200.0
300200 1 0 1 24.8885 27.7314
600435 1 0 1 108.4327 4.9721
600020 1 0 1 84.2809 2.7778
300230 1 0 1 16.4994 10.8623
300237 1 0 1 56.5762 2.872
600052 1 0 1 8.1081 79.6095
002130 1 0 1 22.1022 23.1035
600295 1 0 1 26.8293 -1.3158
600258 1 0 1 12.5941 8.1645
600865 1 0 1 27.6313 6.1644
002120 1 0 1 4.5614 1.3905
600333 1 0 1 12.5363 -1.9802
600105 0 1 1 30.4233 3.9543
002468 0 1 1 86.2069 2.5974
002322 0 1 1 19.0757 -2.4542
600628 0 1 1 38.1563 -14.2857
002473 0 1 1 12.8472 -17.8557
002693 0 1 1 32.0388 13.4492
002733 0 1 1 53.4565 -200.0
002211 0 1 1 40.6299 19.6941
600193 0 1 1 10.5611 14.733
002726 0 1 1 39.7808 33.1206
002534 0 1 1 50.041 17.9811
600433 0 1 1 14.4087 5.0515
002086 0 1 1 33.2484 -7.2917
002239 0 1 1 16.0431 11.2524
600751 0 1 1 91.0256 1.4754
000633 0 1 1 75.1736 -2.1631
601616 0 1 1 45.4802 -6.9235
002173 0 1 1 38.1204 19.9488
300400 0 1 1 194.0585 -200.0
002166 0 1 1 59.1512 -4.4923
000720 0 1 1 83.9827 -6.8273
600317 0 1 1 102.9915 117.97
002625 0 1 1 47.6132 12.7173
000953 0 1 1 55.3377 -0.8421
