600887 181 238 419 -16.1094 -12.5336
601318 151 168 319 -2.4935 16.8908
000002 148 147 295 11.0032 -12.0482
000651 116 161 277 -4.5351 22.9669
002241 109 149 258 -23.0487 -17.0293
600109 125 126 251 16.9605 32.1651
600703 105 129 234 -6.28 22.1784
000625 108 120 228 8.4355 11.165
600406 109 118 227 -9.002 2.9066
002415 87 135 222 -24.9113 -12.9545
300070 90 116 206 -14.4836 0.7125
600048 109 96 205 -3.5858 -16.498
002236 83 118 201 -35.6023 -10.3115
000538 85 114 199 -20.616 -12.8737
300133 105 88 193 4.1052 -21.2151
002008 118 73 191 33.4455 28.9675
000895 74 109 183 -21.0537 1.3563
300058 82 96 178 5.8805 -22.6866
601166 93 79 172 1.5182 -9.2211
600030 77 94 171 -7.1313 3.7429
000024 80 91 171 -20.4056 -13.4167
600315 77 87 164 -11.3585 -2.7183
600690 69 90 159 -21.5414 46.3964
000001 83 71 154 2.6875 3.1145
600535 72 82 154 -7.7292 -4.7312
300315 77 76 153 -3.5861 26.0105
300104 82 67 149 10.7794 28.1407
600261 85 62 147 6.3136 17.6122
002353 68 78 146 -22.2711 13.2563
600196 72 73 145 3.5385 41.0367
600079 79 66 145 15.3846 -12.6079
600422 68 74 142 -10.6085 -12.5649
002065 77 64 141 21.1177 13.1191
000400 65 75 140 -0.7393 -3.5371
000581 64 74 138 -13.0 30.5638
600028 80 57 137 22.5662 0.9009
002292 71 64 135 14.5291 15.9801
600597 64 71 135 -25.2625 -5.8923
600519 67 65 132 28.9296 -5.5613
002400 70 62 132 3.5204 -1.0914
600637 58 73 131 -14.0256 -29.3792
600016 63 65 128 -0.2462 -19.2469
002475 69 58 127 41.5018 17.759
600089 49 75 124 -13.6877 -11.1848
300124 66 56 122 11.1907 17.2849
300017 66 56 122 48.7874 48.5965
600000 64 57 121 5.5801 -6.5411
603000 59 62 121 1.5671 -16.9649
600585 41 78 119 -4.4643 13.5207
600276 49 70 119 -4.3865 4.4267
600588 64 52 116 24.5266 0.5814
600352 50 66 116 25.5262 7.9184
000963 59 56 115 19.0372 4.7836
002390 68 45 113 56.9044 22.6222
600446 62 51 113 108.9737 15.4709
000541 64 47 111 48.9166 10.7717
002410 57 54 111 20.7407 20.6897
000049 48 63 111 -13.0315 20.743
300059 64 46 110 39.8507 -29.1647
600518 39 70 109 -15.6321 -3.8975
002375 51 57 108 -11.2161 -3.6594
600104 43 64 107 9.3638 4.5085
601633 39 66 105 -36.6547 -19.4009
300043 62 42 104 105.5584 42.2985
002385 42 61 103 -30.2567 27.2374
600036 47 55 102 -3.3962 -0.2747
000333 42 59 101 1.912 15.6337
600340 54 47 101 27.3045 -6.1622
002146 49 51 100 -2.9016 -21.4454
300170 61 39 100 66.2842 -9.8875
600557 56 44 100 15.2114 4.3568
002230 44 54 98 -3.4357 0.483
601998 48 49 97 12.963 3.2
600998 60 37 97 -10.0038 8.231
000858 58 39 97 20.2549 -13.0
002456 47 49 96 -9.0482 13.156
002022 53 43 96 38.4644 0.4179
300002 47 49 96 5.0381 -23.171
600699 55 38 93 63.9269 8.0645
600525 44 49 93 28.4655 21.7331
300020 49 43 92 22.9155 4.6901
601231 52 39 91 48.2738 -4.4051
600837 38 51 89 -16.7958 -9.5124
601766 37 51 88 -7.9755 28.133
002219 43 44 87 23.8448 23.5944
002005 43 44 87 5.5485 -3.4146
300115 40 46 86 18.1233 -0.2905
601299 42 44 86 delist
601601 37 49 86 -3.1573 5.4639
300026 45 41 86 19.5615 -8.1613
600309 30 55 85 -22.8023 27.3846
002396 47 38 85 28.5278 12.9151
300005 46 39 85 17.6914 6.3545
300273 44 40 84 18.9922 8.0484
600372 39 45 84 -5.1464 36.969
000712 49 35 84 36.6549 10.1248
600600 35 49 84 -19.5097 14.2357
300212 44 39 83 33.5624 3.9411
600718 40 43 83 11.287 -4.736
600804 42 40 82 2.3816 -24.164
002153 42 40 82 12.6465 24.9474
600584 44 37 81 35.8816 0.1565
300037 43 38 81 90.5797 -17.5
300113 48 32 80 6.3597 -27.3281
002202 44 36 80 17.4505 20.0855
300090 30 50 80 -18.4173 4.9622
002174 43 37 80 10.2806 148.5
600594 47 33 80 30.7374 -2.9167
002191 46 32 78 -3.0313 13.5579
000423 33 45 78 -15.2163 -2.1034
600570 35 43 78 41.6635 -3.2468
600050 51 27 78 2.9752 -2.1341
002450 38 39 77 -4.6929 1.3344
000997 40 37 77 3.3333 4.9107
002594 43 33 76 26.64 -4.2683
000671 37 38 75 -2.2125 -17.4222
600066 29 45 74 -3.7743 -4.5652
300157 37 37 74 -13.7142 23.6162
002368 42 32 74 1.174 -20.1178
600312 39 34 73 40.9505 5.5381
600999 32 41 73 -19.0552 12.2124
300251 33 39 72 19.6359 -43.4971
000826 24 48 72 -14.0737 3.1111
300024 33 39 72 30.9582 10.833
002104 43 29 72 28.1884 -2.8205
300074 32 38 70 0.2638 -22.2723
600587 35 35 70 7.6534 15.4011
000063 32 38 70 -0.8314 -21.2651
002030 38 32 70 37.2618 20.7041
300287 38 31 69 73.9809 3.9153
002081 32 37 69 -1.7225 0.2737
603288 51 18 69 2.6257 -200.0
600060 25 43 68 -12.1248 -1.5358
002024 33 35 68 -27.9912 -29.7276
300207 39 29 68 31.5707 -16.6983
600872 33 35 68 -3.4815 13.4731
000516 36 32 68 16.4839 21.8557
300146 31 36 67 -28.7261 10.4394
002185 34 33 67 2.5701 -3.4211
002038 32 35 67 -12.7618 -9.4897
300253 35 31 66 11.8679 23.9713
002440 31 35 66 15.1213 2.4546
002148 31 35 66 -6.2946 -32.1045
300183 35 31 66 18.3891 -13.6952
002465 37 28 65 12.721 10.2972
600835 29 36 65 -12.8148 11.3565
600150 32 33 65 -10.3066 31.2534
600880 30 35 65 12.0715 -41.8493
300274 34 29 63 6.6461 11.3613
600332 31 32 63 -6.948 -22.2597
300147 34 28 62 42.8571 -15.799
002285 31 31 62 -6.6668 5.4181
600383 16 46 62 42.6966 10.9635
601668 28 33 61 -4.4748 -2.4845
300295 36 25 61 20.3223 -4.1116
002439 30 31 61 30.0706 16.4659
002551 35 26 61 13.8601 23.872
600563 38 22 60 46.4743 22.2282
002437 32 28 60 30.5781 44.5742
002019 26 34 60 19.9394 18.5479
000919 42 17 59 55.7502 10.4442
601288 29 30 59 2.439 -0.8
002635 28 31 59 -11.7272 -18.0778
600583 26 31 57 -2.321 4.8649
300291 38 19 57 101.2234 -39.6308
600571 35 22 57 20.3436 1.1465
000069 24 33 57 -7.7815 -8.6207
600832 26 30 56 delist
000977 25 31 56 55.4734 -11.5738
600893 24 32 56 33.0787 17.0747
300182 28 27 55 0.8816 7.1371
600886 31 24 55 36.0088 6.5041
300010 35 20 55 109.7643 8.2954
002004 32 23 55 23.9174 -14.2938
002664 26 28 54 29.2169 34.3843
600633 26 28 54 -14.4789 -37.6386
000513 28 26 54 22.4844 -10.2945
600884 30 24 54 39.7561 -13.0558
000848 27 27 54 2.1748 -15.7187
002108 37 17 54 51.0131 -2.4419
000851 28 26 54 17.7187 -15.0877
300137 31 22 53 18.0532 9.4351
300166 34 19 53 29.8984 10.081
300303 30 23 53 19.2352 -9.416
600330 30 23 53 36.7347 50.6066
300077 29 23 52 9.3079 14.8524
601992 26 26 52 -15.6156 25.9259
300326 30 22 52 23.3601 28.8482
002117 27 25 52 43.1053 5.7857
600323 32 19 51 20.3987 36.1183
600376 25 26 51 -8.5863 -7.024
300168 28 23 51 33.4068 -20.4436
002223 26 25 51 6.6341 -10.6416
002570 17 34 51 -22.7787 -26.2019
000661 25 26 51 -23.9798 -1.4595
002041 23 27 50 -18.6615 28.8519
300323 27 23 50 68.1368 2.3445
600292 14 36 50 -26.878 31.4881
002249 25 24 49 31.5134 0.0
002312 22 27 49 9.7334 39.3098
600499 26 23 49 -11.589 21.8314
601808 20 29 49 -17.924 25.8174
300369 24 25 49 66.5311 -200.0
002714 35 14 49 27.0917 -200.0
002527 30 19 49 66.3687 0.1825
002701 29 20 49 6.22 25.5577
002555 30 19 49 82.1972 158.3569
600522 29 20 49 20.8667 1.676
600418 23 26 49 22.0141 -5.4171
002085 23 26 49 3.2039 26.576
300226 25 24 49 22.1776 -12.7358
002268 22 26 48 32.3139 50.4803
600763 31 17 48 29.7521 -2.1693
300039 20 28 48 0.8242 -5.1948
300128 21 26 47 5.7767 23.8647
600511 30 17 47 29.0242 0.6937
600240 25 22 47 22.9219 -16.4609
300015 22 25 47 16.2525 0.4506
002063 26 20 46 7.4375 4.7388
600138 23 23 46 24.7423 4.7562
002049 21 25 46 -6.818 25.3936
002309 20 26 46 4.3818 8.0906
601006 17 29 46 -7.1429 1.511
300269 25 20 45 58.3843 35.635
600741 18 27 45 -2.7833 9.0323
300003 33 12 45 22.3952 11.148
600118 20 25 45 -1.7529 29.8528
002454 25 19 44 58.276 1.3487
300367 23 21 44 135.7992 -200.0
300219 27 17 44 59.8777 2.7261
600270 26 18 44 16.4899 29.6438
300307 23 21 44 -1.7312 27.3373
300255 21 22 43 4.7177 -1.4498
300075 17 26 43 28.248 -13.3549
002470 22 21 43 -7.7305 25.8122
002271 23 20 43 -3.98 9.7835
000559 25 18 43 134.8331 -13.7987
002609 22 21 43 59.6666 6.3433
300030 24 19 43 40.8938 22.0374
600705 19 24 43 -4.0597 -11.838
300049 26 16 42 21.0084 42.515
600153 21 21 42 -17.3554 0.7042
600794 23 19 42 13.6323 -22.0287
601965 23 19 42 -5.8603 32.542
002214 20 22 42 18.9164 4.4704
000028 22 20 42 -11.5996 10.0285
000811 18 24 42 -0.0936 40.5442
000039 24 18 42 -11.5637 12.8322
002023 22 20 42 15.6343 11.8069
600566 20 21 41 19.3182 23.7741
600252 17 24 41 -11.8708 -8.7625
002605 18 23 41 42.9331 -9.5131
002152 26 15 41 4.5252 19.9375
300101 22 18 40 6.397 46.6271
000402 23 17 40 10.0225 -2.7881
000793 21 19 40 -0.0104 -9.6578
002261 22 18 40 29.5342 -39.9818
600967 22 18 40 30.6774 16.2399
000568 17 23 40 -14.8649 -4.5498
300359 21 19 40 142.0487 -200.0
600085 15 25 40 -16.9605 -3.2112
600894 20 20 40 -8.0833 11.1933
300232 20 20 40 14.5566 21.2362
002138 27 13 40 21.1382 0.4662
300244 21 18 39 28.1159 2.0525
300144 24 15 39 39.1362 -6.0117
002376 26 13 39 3.0854 -9.688
000998 12 27 39 0.4019 18.6087
300300 19 20 39 39.9474 -8.5554
002358 18 21 39 19.0613 50.1397
300271 27 11 38 42.2111 -6.5054
300045 10 28 38 -21.6035 46.2985
601169 21 17 38 8.9189 -6.9393
300238 21 17 38 68.1247 -6.8225
300228 11 27 38 -36.0723 1.8172
600335 20 18 38 22.4051 -12.0515
002474 19 18 37 53.3543 -10.0326
002421 27 10 37 43.3875 -9.3434
002508 22 15 37 -6.0436 8.4615
300177 18 19 37 15.9954 12.7265
002364 22 15 37 45.8275 -11.6477
600867 15 22 37 -2.8791 -13.1594
300016 25 12 37 55.6848 1.7305
300072 24 12 36 19.5943 -15.0025
600624 19 17 36 26.6005 -7.9365
600978 19 17 36 -4.4954 8.5227
002229 16 20 36 21.8785 -7.5567
002531 22 14 36 37.0421 -5.0098
002603 18 18 36 -7.3062 -1.7376
600885 22 14 36 18.2454 9.6927
300205 18 18 36 -8.9427 4.9889
002638 22 14 36 24.5599 4.7364
601877 20 16 36 -6.2515 11.2204
600436 17 18 35 -17.6061 -23.2316
002094 22 13 35 47.9646 -3.8653
002382 23 12 35 64.8042 -12.6781
300027 17 18 35 -14.1257 -28.5568
601398 18 17 35 2.7409 -7.2539
002299 24 11 35 17.5456 -0.7216
600660 22 13 35 8.6373 -3.1542
600661 21 14 35 126.6439 -12.627
603008 19 16 35 -12.218 34.4262
002242 15 19 34 2.1969 26.5045
601989 14 20 34 -12.7822 -8.0328
002672 25 9 34 15.3094 -6.3715
300178 16 18 34 8.1476 2.9391
600305 13 21 34 -10.541 8.6857
601555 16 18 34 -14.746 13.7566
600517 22 12 34 23.5124 6.7051
600536 16 18 34 13.2066 24.7764
300332 17 17 34 -12.5435 12.6603
300012 21 13 34 21.9796 -5.721
600809 16 17 33 -24.8248 5.5221
002051 23 10 33 -2.1417 -11.879
600366 20 13 33 10.0534 -10.6494
300155 14 19 33 8.5462 1.1196
000800 11 22 33 -19.8664 -10.324
002711 20 13 33 45.9377 -200.0
002565 15 18 33 -15.3557 36.5555
000988 20 13 33 35.0757 6.9876
300014 8 25 33 -9.6016 -6.6418
601099 16 17 33 11.253 14.4231
002007 14 19 33 -7.8792 1.8814
300006 18 15 33 2.177 -2.1607
300079 13 19 32 8.7505 -25.5175
002482 11 21 32 -37.1466 -5.5422
300296 18 14 32 89.8245 -7.1199
300363 18 14 32 124.9116 -200.0
600767 16 16 32 38.2692 -20.3593
000961 16 16 32 -6.0432 -22.4917
600266 14 18 32 -2.0548 -7.6336
600271 16 16 32 4.6337 10.0983
601098 21 11 32 34.1821 -21.0489
002653 15 17 32 -1.3641 -14.1554
300054 18 13 31 -6.9136 0.3055
300266 17 14 31 96.4389 0.4152
002304 18 13 31 41.966 -5.9664
002502 16 15 31 68.1886 -18.192
002020 20 11 31 31.4209 -6.8647
002001 14 17 31 -2.4834 -11.549
600108 11 19 30 -30.1089 -13.3765
300065 15 15 30 131.0252 11.2245
002250 15 15 30 5.0619 -12.6509
000413 13 17 30 29.9827 0.1183
300129 18 12 30 90.0974 18.6555
000681 19 11 30 68.5944 -27.8165
600795 12 18 30 -1.3162 1.2931
000915 12 18 30 -12.0518 -15.5391
000916 18 12 30 18.3663 -15.4217
600686 14 16 30 4.8678 -8.5864
600175 22 8 30 28.7388 -18.6644
601377 16 14 30 -6.422 -3.764
000768 22 8 30 11.4889 -0.4175
002550 16 14 30 8.827 6.546
601607 9 21 30 -13.2702 -5.0096
300021 13 17 30 -0.0649 38.4615
601628 9 21 30 -7.1376 9.5583
002035 16 14 30 -2.1436 7.2807
002584 16 14 30 41.3752 20.9172
300110 17 12 29 30.8849 -11.7227
002477 19 10 29 -8.6055 -1.5238
300298 14 15 29 -12.1933 13.9312
002048 22 7 29 77.8279 2.1792
002429 13 16 29 -16.1127 -12.0521
002436 17 12 29 34.9406 -23.125
600759 18 11 29 23.7151 72.885
601117 9 20 29 -34.875 1.0101
300322 13 16 29 1.7371 26.3289
002111 16 13 29 49.1474 18.0556
300202 18 11 29 31.6894 34.6328
000860 11 18 29 -5.7261 17.4312
601328 14 14 28 2.1053 -10.6977
002466 20 8 28 41.5082 -11.9103
300246 14 14 28 36.452 -20.8565
002444 16 12 28 17.5073 8.8235
600549 15 13 28 7.3046 -17.3599
600373 20 8 28 40.247 -15.0997
000596 15 13 28 -6.4279 23.4581
300150 20 8 28 73.3524 -6.8273
600198 17 11 28 10.5341 -13.7662
002405 19 9 28 37.6537 -8.102
600256 9 19 28 -20.0456 -7.4153
600081 18 10 28 61.324 -6.3527
300334 16 12 28 2.2863 23.6735
601888 15 13 28 -3.3613 -15.7819
600859 13 14 27 -12.8997 -14.9016
300248 16 11 27 101.6892 -9.6229
002262 13 14 27 -2.154 -4.0858
601222 16 11 27 8.6149 15.8394
600787 12 15 27 27.0165 3.1093
601012 14 13 27 0.584 -8.4373
600761 11 16 27 1.0612 35.9955
300379 17 10 27 96.8717 -200.0
600649 11 16 27 -24.1877 2.3342
000823 19 8 27 49.7172 -1.4388
002028 14 13 27 -10.7031 -3.5599
002484 11 15 26 44.768 16.0975
600580 21 5 26 25.3921 -0.32
000938 10 16 26 -8.2251 2.4926
600015 13 13 26 -2.0311 14.7256
002273 15 11 26 15.0041 -17.2737
002416 13 13 26 -21.8009 -21.5442
002181 12 14 26 52.4617 -3.7273
600776 16 10 26 114.2857 -1.5974
300164 16 10 26 58.1682 -1.7847
002535 14 12 26 17.843 26.3345
601901 8 18 26 -8.1218 0.0
600739 8 18 26 -13.1204 12.87
000729 11 15 26 -18.5891 25.972
002610 12 14 26 38.4289 34.3575
601933 9 17 26 -4.3953 -5.6108
002373 20 6 26 108.4806 62.4633
300206 13 13 26 33.6449 -18.3538
002649 16 10 26 11.921 3.7311
300252 13 12 25 51.8333 20.2135
600855 13 12 25 7.2839 72.5683
600351 18 7 25 46.9649 -5.5976
000550 9 16 25 19.8016 54.3742
600416 13 12 25 39.708 -0.2903
000739 15 10 25 28.3466 -13.715
300352 12 13 25 56.5871 -3.5981
002614 17 8 25 6.9153 27.919
600389 14 11 25 -14.6257 -1.5102
000876 11 14 25 -18.8407 23.7478
000917 8 16 24 -7.2473 -12.7807
601988 13 11 24 5.1362 -5.7554
002073 14 10 24 13.3903 -3.3682
600062 10 14 24 -22.2524 7.0847
300263 13 11 24 6.185 17.0431
002279 14 10 24 96.6796 1.3223
002518 13 11 24 27.6105 38.3602
000970 11 13 24 -5.1762 -6.9565
002091 13 11 24 33.0955 -21.4865
000558 15 9 24 34.593 -0.578
002371 10 14 24 -11.0816 19.6995
600667 18 6 24 32.9699 2.994
600284 15 9 24 -7.9621 -16.5746
601857 15 8 23 -0.0216 -1.6582
600559 10 13 23 -14.5825 13.5052
300289 14 9 23 -25.8202 2.073
300136 8 15 23 45.9621 -6.7588
002699 13 10 23 17.8311 16.0584
000100 10 13 23 0.5362 2.193
002422 8 15 23 -13.968 -14.5438
600187 16 7 23 -7.6613 4.0438
000718 12 11 23 -0.2212 -24.4628
000733 15 8 23 47.2127 8.2411
300008 12 11 23 62.8007 5.4752
002064 10 12 22 -4.2594 -11.295
300275 12 10 22 3.1728 22.3244
002317 16 6 22 0.0476 -18.5614
600122 12 10 22 25.5235 -11.8421
600011 9 13 22 13.2 -5.7728
600801 8 14 22 -10.2582 -1.381
002507 14 8 22 -19.1417 -5.4527
600185 11 11 22 -1.4118 9.8425
300083 15 7 22 21.1409 -7.0438
002414 10 12 22 -19.9672 61.7021
002557 10 12 22 -31.193 8.1541
600080 12 10 22 21.8978 -15.9715
600720 12 10 22 -5.0 -2.193
600879 11 11 22 24.0 17.1464
002018 10 12 22 5.3372 13.4783
601311 11 10 21 -1.9213 0.1838
600201 12 9 21 22.5965 11.3656
300145 11 10 21 -6.0824 16.132
000776 8 13 21 -19.5402 5.3165
601799 11 10 21 12.8664 33.1023
600770 14 7 21 12.5152 3.0637
300188 11 10 21 15.6263 3.6145
002604 10 11 21 -20.3901 5.9861
600267 10 11 21 1.998 -22.082
000530 10 11 21 -2.4279 22.9091
600073 5 16 21 -18.9765 -18.2495
002294 9 12 21 -11.1499 -0.578
000525 8 13 21 -6.9721 -10.9792
002489 10 10 20 6.963 -8.1908
601336 11 9 20 -6.9982 0.3949
002311 13 7 20 -5.4578 -6.08
300265 11 9 20 58.2082 14.6667
600158 9 11 20 23.5628 -1.1628
002690 11 9 20 15.2083 35.8062
000592 13 7 20 4.3587 61.1111
300088 9 11 20 26.7141 -22.5155
600401 14 6 20 7.9161 22.3089
002179 13 7 20 5.3628 21.5328
300034 11 9 20 31.8588 18.0964
600729 9 11 20 -6.8356 -8.14
002281 9 11 20 -8.1993 31.2875
300203 14 6 20 -3.2589 5.4299
002157 11 9 20 -5.3421 21.1838
300011 15 5 20 41.8083 33.861
600708 12 8 20 -1.4063 -4.9682
600027 9 11 20 10.5818 -2.2654
000656 11 9 20 -13.0051 -27.7281
601186 7 12 19 -0.2165 -4.2857
000401 12 7 19 -4.2403 10.5606
300245 11 8 19 89.9505 -1.9768
601688 9 10 19 -13.0255 -2.3965
300055 7 12 19 -22.3715 11.0795
000939 10 9 19 18.4 14.4712
600572 12 7 19 3.8351 -1.5306
000748 8 11 19 21.8786 61.0816
600976 9 10 19 -12.2378 9.415
300142 9 10 19 15.9002 0.1541
600704 7 12 19 -25.0804 22.043
601028 7 12 19 -0.0476 14.9321
002712 10 9 19 40.3127 -200.0
300195 14 5 19 -17.8 25.3974
000547 11 8 19 50.5 -5.6738
000999 6 13 19 -25.2439 0.4845
300335 9 10 19 0.146 -8.642
600290 12 7 19 20.1811 29.698
600713 11 8 19 7.4144 8.1967
002349 12 7 19 47.8717 -6.5428
601515 13 6 19 -8.3333 46.9326
603005 13 6 19 51.7827 -200.0
300078 9 9 18 18.85 -13.7643
002325 12 6 18 -14.1432 -2.2426
600827 1 17 18 12.731 -8.1006
300267 14 4 18 78.272 55.8277
002303 7 11 18 25.3118 -8.7674
002411 10 8 18 -17.0172 14.5223
002514 10 8 18 11.0529 44.6293
002215 12 6 18 3.7743 15.2278
002433 14 4 18 35.7463 -22.5445
002432 7 11 18 96.3735 -3.9233
300094 10 8 18 27.3919 8.2982
300165 10 8 18 -6.5363 33.1043
002402 10 8 18 48.3152 16.6872
600438 11 7 18 11.705 38.1173
300171 12 6 18 3.5431 12.7147
000726 8 10 18 -11.7873 28.1022
601126 4 14 18 -24.8417 4.8475
002572 11 7 18 -22.2906 9.9298
601700 11 7 18 6.058 26.1463
000669 12 6 18 -14.9109 4.8168
000060 10 8 18 10.0812 -10.0287
601519 9 9 18 -0.6615 -16.6042
002344 5 13 18 -38.5714 -4.2396
601088 9 9 18 -7.9164 -5.099
600596 6 12 18 -10.4663 -20.6742
002460 10 7 17 54.0436 0.1282
002497 12 5 17 7.3649 -16.4193
601333 6 11 17 -8.6331 -5.7432
300285 10 7 17 -10.2461 14.9275
002207 10 7 17 53.7125 8.1765
600369 7 10 17 -11.2061 10.0887
002539 12 5 17 27.5793 13.3333
000620 6 11 17 2.1858 13.1687
002231 9 8 17 29.0064 -9.591
002520 9 8 17 16.1504 83.2783
600527 7 10 17 -30.3255 -4.9046
000553 10 7 17 2.661 3.3394
600410 11 6 17 79.0663 -16.9742
300357 9 8 17 72.6506 -200.0
300351 11 6 17 32.3231 9.4753
300036 9 8 17 52.6362 13.9124
002595 11 6 17 19.7775 27.5484
600054 11 6 17 24.9475 -5.2632
300224 10 7 17 56.0207 -13.6653
002340 11 6 17 10.0295 -8.4004
002017 9 8 17 10.639 -8.2401
300073 12 4 16 67.7087 -18.4366
300118 7 9 16 22.0657 -9.7595
002253 5 11 16 -5.7953 26.4142
000418 5 11 16 4.9735 21.0084
000786 8 8 16 -19.2549 5.1683
600839 7 9 16 0.9836 44.0758
603308 8 8 16 40.7207 -200.0
600993 10 6 16 -7.1513 4.2745
600697 8 8 16 -4.4456 -7.8701
002158 8 8 16 6.2994 17.6781
600420 7 9 16 14.7896 -4.1201
000709 9 7 16 -6.0606 2.5641
300347 8 8 16 6.9979 -0.2353
000957 9 7 16 26.647 54.5455
000732 8 8 16 -5.3215 -22.0253
300190 10 6 16 24.9064 37.3599
601939 7 9 16 0.978 -3.7209
300032 12 4 16 8.9934 -1.9848
600651 11 5 16 31.4387 -6.3934
002369 10 6 16 9.0142 4.9528
002630 3 13 16 27.1146 18.8766
002642 10 6 16 31.3133 -11.3717
000888 9 7 16 -6.0767 19.1913
002126 7 9 16 6.1143 47.2419
300257 8 7 15 -18.9514 8.3263
600582 9 6 15 15.843 -5.0
002665 14 1 15 5.9237 19.4556
600009 7 8 15 -9.6006 -5.3536
300293 7 8 15 -9.0825 0.9143
002446 9 6 15 114.5035 -16.5123
300288 9 6 15 27.0908 -34.7424
300130 9 6 15 137.6632 0.0653
002055 8 7 15 -9.1566 -3.8532
002516 9 6 15 -3.0728 31.9728
002197 7 8 15 32.614 -6.72
002501 5 10 15 -1.0711 10.751
300096 11 4 15 -5.6202 -2.659
002080 6 9 15 -13.1519 -15.9509
600180 8 7 15 9.5535 -19.8153
600237 8 7 15 16.7696 -6.1372
000716 9 6 15 11.491 -2.9277
300370 8 7 15 19.1024 -200.0
601179 11 4 15 13.0574 -6.3037
600757 10 5 15 17.2185 -19.1239
600521 3 12 15 -16.2794 -17.829
600067 7 8 15 -22.3256 -13.2708
002577 8 7 15 52.5181 33.8424
300338 7 8 15 38.2061 31.7835
000521 7 8 15 2.1053 36.5651
002583 10 5 15 17.7355 0.766
600388 2 13 15 -28.0179 19.6715
002648 4 11 15 -2.5882 -2.3256
002348 9 6 15 5.0477 -16.0051
000099 6 8 14 5.8896 11.3009
600206 7 7 14 9.7336 10.9518
600429 7 7 14 -10.9606 -9.3333
300383 8 6 14 96.9858 -200.0
002227 5 9 14 33.97 -1.7195
000801 9 5 14 23.5564 4.4019
002235 7 7 14 55.2336 -26.3706
000921 7 7 14 -24.8705 36.8545
000829 8 6 14 17.0124 -26.0733
300197 3 11 14 -32.4353 7.4103
300324 6 8 14 85.2184 -15.7289
300038 7 7 14 7.5 -17.641
300339 9 5 14 31.838 9.1724
300337 9 5 14 17.9355 -7.7282
300025 10 4 14 22.0188 9.8402
002296 8 6 14 25.6998 -5.5909
600900 7 7 14 -0.48 -4.9624
300259 4 9 13 -12.5268 23.0769
002334 5 8 13 0.5126 27.948
002060 7 6 13 7.0579 7.1429
600547 6 7 13 -10.2609 -22.1922
600019 9 4 13 3.4594 -2.619
600208 2 11 13 -7.8864 -6.4327
300149 5 8 13 -33.8919 132.8398
600562 7 6 13 19.1589 13.0642
600875 9 4 13 -3.8852 6.7969
600171 3 10 13 -8.9315 29.7414
300371 7 6 13 -10.9504 -200.0
002234 7 6 13 -14.238 -4.8832
002140 3 10 13 -10.1145 -4.3125
002178 8 5 13 38.5836 23.234
600398 9 4 13 34.8103 28.0289
600460 7 6 13 27.6285 -0.3322
000728 7 6 13 -4.9035 8.3953
300028 9 4 13 58.3012 -17.8261
002367 3 10 13 11.6904 -10.9831
002354 10 3 13 179.0945 4.1612
300223 10 3 13 -18.1289 51.2243
300312 9 4 13 55.6522 -9.2525
002129 5 8 13 5.3591 -25.2314
600858 6 6 12 -6.0322 -7.6923
600329 7 5 12 23.92 -4.6216
002663 2 10 12 -27.8037 19.774
600820 7 5 12 9.9013 3.0682
600824 6 6 12 4.3894 7.1429
600316 6 6 12 -2.6211 3.3294
000789 6 6 12 -3.7762 -5.4945
300050 8 4 12 45.7377 -18.5034
002683 5 7 12 -20.3921 18.3504
002449 6 6 12 14.265 9.5607
002698 8 4 12 -15.1199 26.7153
600149 7 5 12 123.4155 -29.7872
000009 7 5 12 10.8578 -8.2524
002431 2 10 12 -12.0994 13.2055
600990 5 7 12 -4.3927 8.9575
300368 7 5 12 104.9781 -200.0
600694 4 8 12 -7.7623 -1.1636
600343 7 5 12 70.1483 24.0418
300084 8 4 12 62.3615 11.8321
000906 8 4 12 90.98 20.0323
600409 6 6 12 -4.3111 2.8761
600742 9 3 12 16.4818 14.5141
300353 7 5 12 4.7034 -3.4034
600390 6 6 12 63.0408 -16.172
300217 6 6 12 11.2522 18.6281
300210 6 6 12 -9.4667 0.7143
600728 3 9 12 -12.1586 10.2528
002286 6 6 12 -3.1226 1.6209
300235 7 5 12 100.2286 -16.6748
300309 6 6 12 5.368 7.973
600702 3 9 12 -28.5812 4.7354
002131 6 6 12 36.3504 17.8333
600056 3 9 12 -2.0156 2.3463
300004 6 6 12 5.7307 33.0882
600111 5 7 12 -8.6316 -21.0284
600612 6 5 11 6.3445 -5.6634
002469 6 5 11 2.7499 -10.0742
002327 5 6 11 -2.2561 -9.3939
002329 7 4 11 34.7791 -7.9126
601208 7 4 11 -3.1418 6.4319
002305 4 7 11 -17.0096 -16.9875
600217 7 4 11 27.4793 2.1097
000778 4 7 11 -9.7667 23.2108
000006 4 7 11 -4.7415 6.71
002216 6 5 11 -19.1579 -8.054
600685 4 7 11 1.9025 50.8475
002183 7 4 11 13.5646 -24.3392
600199 5 6 11 -27.2587 -7.9855
002532 6 5 11 -15.7622 25.8082
600166 4 7 11 0.3937 -3.7736
000705 6 5 11 6.6623 1.8133
300184 5 6 11 58.9637 34.9257
300348 7 4 11 37.232 10.3892
300196 5 6 11 -8.2643 19.5643
601600 6 5 11 -10.0592 -22.7273
300329 6 5 11 89.4489 12.3623
002571 6 5 11 40.6542 -12.9614
300301 6 5 11 26.1393 -3.1132
300076 5 5 10 6.9694 50.3249
002245 7 3 10 37.8321 10.6481
600617 7 3 10 -13.9173 11.7741
600037 10 0 10 36.6234 -18.4293
002462 7 3 10 25.4518 -3.5874
300068 5 5 10 15.0399 5.7487
000901 5 5 10 7.2454 17.1827
002326 6 4 10 14.6154 22.8228
601238 3 7 10 -9.6038 2.3602
600485 4 6 10 -11.214 100.4888
002678 6 4 10 34.3896 -6.7282
300052 5 5 10 9.242 -43.512
300126 5 5 10 23.1771 28.877
002266 8 2 10 -23.3514 9.4675
600498 4 6 10 -21.4079 -17.0259
600010 5 5 10 -7.413 9.6692
300041 5 5 10 -4.8989 25.1897
300047 7 3 10 29.8901 -3.1609
002483 6 4 10 -7.3614 -0.6843
600151 4 6 10 -8.1731 -7.1584
000430 4 6 10 4.9645 -4.5946
600575 5 5 10 12.3867 -4.4248
600325 4 6 10 -13.8852 11.194
601818 6 4 10 -3.4221 -6.6667
002727 10 0 10 -200.0 -200.0
002726 9 1 10 20.9929 -200.0
600426 3 7 10 8.2354 11.5321
600983 7 3 10 -14.9155 55.1084
000816 5 5 10 -1.8182 -4.9892
002709 7 3 10 56.8688 -200.0
000700 5 5 10 21.4912 12.1437
002553 5 5 10 -12.2325 64.6912
600749 7 3 10 22.7154 -5.0431
601928 4 6 10 -2.9289 -30.4264
601929 4 6 10 40.154 -5.7303
300199 7 3 10 27.6606 14.1012
002549 4 6 10 31.2013 9.8792
600640 5 5 10 -4.909 -21.0526
300033 5 5 10 11.9424 -19.7093
601258 4 6 10 -12.8968 -3.6538
000061 2 8 10 11.7942 14.4022
300209 5 5 10 26.4731 7.8333
600716 5 5 10 10.4478 28.5211
600863 3 7 10 11.2094 1.791
000511 6 4 10 68.9223 -5.4502
600038 4 5 9 1.1265 6.7988
002467 4 5 9 16.1044 -25.3642
300066 2 7 9 13.3169 54.2683
002078 5 4 9 6.0866 21.1382
601009 7 2 9 0.1252 -2.0581
002587 5 4 9 44.8718 9.7473
600497 7 2 9 -1.0741 -11.1006
600125 4 5 9 -15.1408 -5.6385
300284 5 4 9 -13.606 68.4478
600375 6 3 9 13.8528 -2.8037
002453 5 4 9 17.4386 -0.3835
600970 8 1 9 -17.3446 -3.8239
000766 5 4 9 2.2222 -0.1855
002226 1 8 9 -23.146 2.9049
002089 7 2 9 53.4186 -12.3223
600439 2 7 9 -21.6317 19.8091
300085 4 5 9 20.8744 7.4856
300080 4 5 9 2.7118 -0.2548
600298 4 5 9 -14.001 6.4735
000566 4 5 9 -3.9443 -3.0356
002496 6 3 9 7.9858 24.7555
300358 4 5 9 -0.1877 -200.0
002547 6 3 9 15.9884 1.4493
002280 5 4 9 152.6751 -16.4935
000536 4 5 9 -10.7419 -16.128
002563 6 3 9 2.7779 6.1587
002567 3 6 9 -24.4725 26.4075
600869 6 3 9 15.8742 -11.6193
002100 3 6 9 -22.4044 52.6946
002646 2 7 9 -20.6861 2.2495
300316 6 3 9 70.1257 -5.492
000503 4 5 9 -6.6986 2.9557
002013 5 4 9 -7.3796 10.5375
000877 6 3 9 2.8973 -8.0182
601699 3 5 8 -25.442 -17.0295
600100 5 3 8 -13.1579 9.3548
300241 3 5 8 30.0357 -5.8326
002255 3 5 8 -22.479 0.2051
600489 4 4 8 -11.3186 -12.3975
002675 4 4 8 7.2213 4.2952
000783 2 6 8 -6.7055 14.0351
002310 1 7 8 -24.2269 3.9655
000338 4 4 8 -5.4729 -1.359
603168 8 0 8 -200.0 -200.0
002056 7 1 8 27.2365 -4.9451
002142 4 4 8 1.0989 4.1761
600363 4 4 8 7.9634 -11.3295
300151 3 5 8 57.2623 26.1516
002509 5 3 8 17.3011 -8.5193
300386 8 0 8 21.0019 -200.0
601000 5 3 8 45.7359 -0.6494
002700 3 5 8 29.0063 -9.0584
601100 2 6 8 -22.5687 29.3048
002392 5 3 8 34.5534 4.2424
600526 4 4 8 -13.6029 4.5594
300194 5 3 8 46.7279 -7.6439
000725 4 4 8 1.4019 1.4151
300215 4 4 8 -34.075 4.9351
300213 7 1 8 68.6023 25.9722
002573 4 4 8 -20.0296 6.229
002029 4 4 8 5.9285 -13.7778
002626 4 4 8 110.4097 -7.7469
300331 6 2 8 15.8245 8.6945
002566 5 3 8 -20.2591 7.483
000528 4 4 8 -3.1333 -6.7449
600677 4 4 8 22.6848 30.0676
600674 1 7 8 5.9567 -0.8881
000883 5 3 8 -15.949 20.2126
000937 3 5 8 -17.0346 -18.2819
300229 4 4 8 46.1125 -12.4302
300001 4 4 8 16.6717 36.5155
600845 3 5 8 19.5513 -5.303
000501 4 4 8 -8.9494 7.4979
001696 4 4 8 -3.0387 -4.8583
600337 4 4 8 -2.7326 -5.0633
002658 4 4 8 -9.0775 3.1818
300250 5 2 7 44.1854 5.4716
300258 5 2 7 8.9773 17.1533
002339 4 3 7 1.876 -2.8921
600616 3 4 7 -6.81 -12.2324
002069 4 3 7 -3.8514 15.8856
603369 7 0 7 -200.0 -200.0
600825 3 4 7 -11.851 6.2053
002070 4 3 7 24.3243 -10.311
600481 2 5 7 -8.7847 23.7527
300299 7 0 7 12.0146 -3.5735
002269 6 1 7 -29.739 13.8504
002264 3 4 7 11.9879 21.9153
002441 4 3 7 4.0569 5.007
600157 3 4 7 -8.9867 -18.3333
300140 2 5 7 -32.8593 54.124
002192 4 3 7 69.6108 -3.9625
002194 5 2 7 48.0555 -3.8976
002198 3 4 7 26.8901 11.4089
002427 4 3 7 126.8253 -3.4826
600216 2 5 7 -10.3265 -16.0643
300158 4 3 7 -0.3242 20.4565
300154 4 3 7 5.762 19.9057
002184 4 3 7 43.4363 -2.6055
600192 4 3 7 13.9897 0.7342
002438 4 3 7 29.8326 11.5827
000012 3 4 7 -11.6427 -4.9065
600509 4 3 7 -8.2955 -4.7568
002719 3 4 7 -15.7002 -200.0
300378 3 4 7 16.2509 -200.0
600754 2 5 7 5.2213 14.5923
000965 4 3 7 12.0595 11.5385
600405 3 4 7 28.4803 -7.7148
002554 3 4 7 -15.871 1.1218
002391 2 5 7 -16.447 9.1823
002176 6 1 7 14.4963 4.4007
600648 3 4 7 -17.4465 -40.8949
600063 5 2 7 18.5942 -4.1667
600391 4 3 7 14.4182 -1.8699
300218 3 4 7 -1.1157 49.2455
300216 3 4 7 110.7547 9.3321
002115 4 3 7 4.4961 -18.3333
002025 4 3 7 19.044 5.9629
002032 4 3 7 -3.8429 16.48
002586 4 3 7 -6.8779 7.9932
002589 4 3 7 -8.3499 11.5072
000880 4 3 7 26.0 -4.6077
300222 5 2 7 50.405 29.0089
002342 3 4 7 -6.3861 -28.2878
300071 1 5 6 7.5672 -27.8248
601678 3 3 6 -2.8742 1.7105
002488 4 2 6 20.5016 19.6496
601058 3 3 6 -14.5029 29.3358
300119 1 5 6 -22.4988 8.3085
002254 3 3 6 9.1731 -11.4548
600480 3 3 6 15.6472 6.383
600552 1 5 6 12.1089 2.0032
000788 4 2 6 16.6831 -5.641
002315 4 2 6 -3.3749 -16.5428
300121 4 2 6 45.5888 32.4239
300127 4 2 6 60.3572 -3.7119
002447 3 3 6 -4.1698 -7.8394
300048 3 3 6 14.1936 1.3733
002276 4 2 6 34.9349 0.6438
601225 4 2 6 -9.2308 -200.0
600791 1 5 6 -19.5472 13.7177
600378 3 3 6 25.5702 3.1873
600377 4 2 6 7.6775 -1.0638
002695 3 3 6 -2.1389 23.5144
002458 6 0 6 1.5495 -10.9663
002206 3 3 6 21.8951 5.5028
002519 5 1 6 66.8666 6.2102
601369 3 3 6 -11.2355 -7.3816
002195 4 2 6 203.5749 7.0461
600688 2 4 6 7.1661 8.9245
600176 4 2 6 4.4465 -4.8995
002180 3 3 6 111.328 4.1433
600425 3 3 6 26.4685 -8.3532
300385 6 0 6 20.9807 -200.0
300382 3 3 6 28.4077 -200.0
000016 3 3 6 17.1225 11.8841
600995 3 3 6 -5.8 0.7937
300098 4 2 6 31.9823 12.3188
002221 2 4 6 8.9421 -8.348
600162 2 4 6 -15.942 -19.3314
600161 2 4 6 -12.4762 9.8708
000807 3 3 6 -2.9851 -18.2692
002713 4 2 6 19.0208 -200.0
600432 3 3 6 89.4188 -15.6114
300086 5 1 6 52.7747 -11.0114
300373 2 4 6 108.7091 -200.0
600755 3 3 6 -7.4865 14.0756
002412 4 2 6 -13.0479 46.1756
002090 3 3 6 37.5966 9.806
002707 4 2 6 168.3135 -200.0
300349 2 4 6 -0.2402 10.0668
002398 3 3 6 -12.5326 -4.8125
600529 2 4 6 11.5502 9.529
600737 3 3 6 -9.5933 -2.7372
600086 2 4 6 3.6564 -17.1034
002618 3 3 6 -12.8008 -9.0261
000839 3 3 6 22.5806 -19.2506
000050 4 2 6 9.4571 -13.02
002282 3 3 6 8.699 13.1507
002599 4 2 6 23.2558 14.9312
002568 2 4 6 22.2826 -11.7964
002101 5 1 6 36.862 21.8605
002293 3 3 6 -14.2715 18.8717
601717 3 3 6 -21.865 -5.0152
002639 3 3 6 5.6118 14.5191
600285 3 3 6 44.9735 -5.4081
300302 3 3 6 12.6467 2.2374
601899 3 3 6 -5.6277 -11.1538
000887 1 5 6 20.1493 3.871
300227 3 3 6 2.9739 -22.0083
300318 5 1 6 48.9554 -7.4074
300007 4 2 6 40.4425 3.1908
600114 3 3 6 15.9525 7.1994
600387 0 6 6 -22.5077 14.741
300254 2 3 5 58.5753 -1.9565
002332 2 3 5 -14.3472 7.4924
002481 4 1 5 8.4427 6.6667
002244 2 3 5 -17.6192 -14.6489
601218 4 1 5 52.4548 -3.7221
300247 3 2 5 58.2863 1.1255
600486 2 3 5 -12.6005 8.2946
000415 2 3 5 1.2291 -1.4944
600318 3 2 5 -12.1026 6.2833
600551 3 2 5 -1.9988 8.8059
300297 3 2 5 13.4204 24.5614
601233 5 0 5 3.3727 -6.8217
600495 2 3 5 4.5907 6.737
600018 1 4 5 -15.5598 -6.0498
000697 3 2 5 52.0086 -16.2534
002144 4 1 5 -11.9166 13.1818
300148 2 3 5 15.0552 -39.5983
000911 4 1 5 39.6707 0.607
000597 3 2 5 32.9394 0.8721
000590 2 3 5 0.9929 23.7168
300159 2 3 5 -14.09 1.5995
600680 2 3 5 83.6802 -8.4661
000587 3 2 5 -12.6256 3.7283
600428 2 3 5 -16.2857 -2.5
300161 2 3 5 -18.9474 18.3324
600184 2 3 5 -1.5858 -1.6996
002155 4 1 5 -5.2627 -18.9106
000571 3 2 5 4.5699 0.2618
000021 3 2 5 13.5412 -12.2924
300375 2 3 5 45.4977 -200.0
600750 2 3 5 1.5711 -12.133
002099 2 3 5 3.5874 11.5
000812 3 2 5 82.4818 -0.9615
000639 1 4 5 -20.9003 18.9667
300187 1 4 5 -2.4407 16.4245
000920 4 1 5 18.9732 -15.4206
000731 1 4 5 -36.2433 4.6561
002602 3 2 5 238.0822 4.7346
002383 3 2 5 33.7121 3.2333
600889 2 3 5 23.3917 3.7549
002169 3 2 5 16.3739 3.7736
600645 3 2 5 13.2191 -18.697
600642 2 3 5 -4.0 1.5625
000543 2 3 5 -6.9111 5.3097
600897 3 2 5 -2.9427 9.2972
002118 4 1 5 43.9471 -21.8501
002283 3 2 5 14.082 5.3114
600475 2 3 5 -3.9986 10.2795
300336 4 1 5 -1.0284 -16.6934
002037 1 4 5 -0.5872 -14.0291
000987 3 2 5 -3.0851 -2.3517
000983 3 2 5 -24.6788 -14.1475
000852 3 2 5 -8.2995 13.0952
300310 4 1 5 74.6164 1.0616
002345 4 1 5 53.6235 -6.39
002341 4 1 5 18.5275 -4.2197
600598 3 2 5 -39.9821 -4.4764
000652 2 3 5 -17.6596 23.9892
000650 1 4 5 -10.1194 -12.8824
002637 0 5 5 -6.4967 52.1739
600280 0 5 5 -20.0549 -16.6992
002650 0 5 5 -7.5859 1.7112
600783 1 3 4 -22.5277 4.5895
002480 2 2 4 -12.4239 0.4969
002661 4 0 4 -6.9614 9.9676
300240 3 1 4 18.7176 -2.7436
300067 2 2 4 57.0989 -3.1776
601669 2 2 4 -8.2237 -1.2862
002491 3 1 4 41.5854 0.3347
002079 2 2 4 19.6329 -3.4976
600482 2 2 4 5.6153 -5.8824
600131 2 2 4 -5.4187 -10.1545
002476 3 1 4 -10.8394 30.922
002318 2 2 4 -1.1639 -10.9896
002316 4 0 4 -3.5147 0.5695
002313 3 1 4 -23.7029 -15.8088
600833 2 2 4 17.3077 3.0193
002267 3 1 4 -10.5313 2.8056
002045 3 1 4 8.7735 -17.4041
600545 2 2 4 28.7284 -11.4047
000687 2 2 4 19.1429 -11.1688
600546 2 2 4 -25.6343 -13.31
000750 1 3 4 -16.0 1.6899
300261 3 1 4 30.1813 18.0488
603766 2 2 4 -3.4298 20.0255
300282 2 2 4 26.7321 0.0
002308 2 2 4 -15.3359 -14.5631
002306 4 0 4 9.2157 14.6341
600805 1 3 4 -14.9297 11.8247
300131 1 3 4 28.7056 7.2619
002691 2 2 4 16.0701 -2.4015
600812 2 2 4 -3.1558 -4.5714
600816 2 2 4 2.4911 -6.3732
601788 3 1 4 -7.3359 -8.7185
600141 1 3 4 -20.5767 -3.8521
600362 2 2 4 -12.4822 -12.4151
002428 2 2 4 -6.3951 1.7679
600965 2 2 4 6.5282 8.4416
600173 2 2 4 54.1791 -9.9359
002186 2 2 4 -10.0563 11.0588
600195 1 3 4 -17.1645 11.8777
300169 4 0 4 38.7402 4.6129
300362 2 2 4 42.9966 -200.0
002228 3 1 4 47.7341 3.8035
600765 2 2 4 -3.8179 -11.2057
600760 2 2 4 59.127 -11.1307
600183 4 0 4 33.9424 -7.6636
000572 2 2 4 -2.6316 -16.6667
000905 3 1 4 -3.8958 27.3632
000903 3 1 4 0.6383 2.6201
300176 2 2 4 15.2011 6.9032
300376 2 2 4 135.2075 -200.0
000908 2 2 4 34.3956 11.9017
002232 2 2 4 32.8664 4.9587
002522 3 1 4 19.3846 -10.8142
002419 1 3 4 -4.3445 -21.9438
600249 4 0 4 -2.5688 -2.9825
002706 2 2 4 25.8103 -200.0
000638 2 2 4 6.089 -24.3339
000950 2 2 4 -1.2853 -6.2802
000600 2 2 4 29.2828 8.4951
000045 2 2 4 -7.4589 0.7557
300356 2 2 4 12.1728 14.9562
601111 2 2 4 -16.0714 -2.2277
002381 2 2 4 0.5173 9.6364
600731 2 2 4 -0.5487 7.1533
600084 2 2 4 -1.2723 -6.4133
000948 2 2 4 2.4604 -7.443
600395 2 2 4 -10.7843 -20.4819
002612 1 3 4 -27.9844 17.6553
000831 2 2 4 -1.4098 -15.1597
000616 2 2 4 -8.2356 -5.1771
000059 1 3 4 -16.7339 7.5431
002576 3 1 4 51.4088 10.279
002377 2 2 4 67.3025 2.0921
002372 1 3 4 9.2671 -4.3254
600655 2 2 4 -1.6723 -11.5165
600656 2 2 4 2.5381 -10.6767
002021 3 1 4 1.3072 7.9365
002623 3 1 4 4.1667 14.6012
002562 3 1 4 27.1347 16.5924
601390 2 2 4 -2.6415 -0.3717
002107 1 3 4 26.6106 -16.8731
600663 2 2 4 -4.8098 -29.0309
600664 2 2 4 0.161 -5.8372
002631 1 3 4 -2.0143 45.5026
000673 3 1 4 68.5912 -24.2448
300233 4 0 4 13.2526 25.7971
300306 3 1 4 32.0738 28.6132
600673 3 1 4 28.1381 30.3279
600059 1 3 4 -11.548 -18.8195
600459 2 2 4 2.669 15.1913
600458 1 3 4 -11.1738 -10.1619
600230 2 2 4 -13.8762 -11.6475
002643 1 3 4 -15.2502 -9.5658
002124 2 2 4 8.9041 17.971
600021 1 3 4 -8.1933 7.6566
600026 2 2 4 -15.304 8.7054
002011 1 3 4 -12.2153 -2.5559
600112 2 2 4 3.8898 7.8217
002651 3 1 4 11.0385 19.9534
002654 2 2 4 20.2269 18.5635
000898 2 2 4 -2.9388 6.6445
002251 0 4 4 -4.7524 0.6574
000157 2 1 3 -18.5662 -3.3688
002331 2 1 3 17.7729 -8.055
002335 3 0 3 5.6553 -9.8013
300106 1 2 3 -7.5502 -1.918
300102 1 2 3 5.3004 20.3243
600589 1 2 3 1.992 -19.391
002660 2 1 3 26.4375 1.9397
603699 2 1 3 -21.8357 -200.0
300064 2 1 3 18.7526 1.6771
300114 2 1 3 21.0493 5.4785
002076 1 2 3 23.4069 9.3664
000416 2 1 3 5.3009 -0.438
002478 2 1 3 -9.2018 -0.7782
300056 2 1 3 0.6359 38.0243
300057 1 2 3 -16.9861 -23.4592
600638 1 2 3 22.5 -16.1644
002044 1 2 3 -9.887 7.4924
600129 2 1 3 0.3517 -8.111
300262 2 1 3 4.8469 8.075
300044 2 1 3 53.012 -3.3862
300281 2 1 3 20.6577 22.4576
600803 1 2 3 -7.3751 18.1905
300139 1 2 3 5.6012 10.786
600797 2 1 3 22.5403 -16.2162
002697 2 1 3 2.3785 24.8157
002693 2 1 3 3.5514 23.817
600811 1 2 3 -16.4784 3.1148
600213 2 1 3 19.1851 -5.4662
000960 2 1 3 16.8075 -20.3579
000004 2 1 3 19.8618 -8.4839
603328 3 0 3 -200.0 -200.0
600873 1 2 3 -13.6196 25.8065
600683 1 2 3 14.7806 -13.7525
600197 2 1 3 -14.717 1.1121
601801 2 1 3 8.1715 -5.6018
600448 2 1 3 1.4423 15.493
300365 1 2 3 -4.9251 -200.0
002533 2 1 3 17.5994 11.5183
600167 2 1 3 6.0576 -11.7953
600500 1 2 3 -12.9018 19.3093
000573 2 1 3 -29.4118 19.5853
002715 2 1 3 133.5023 -200.0
002718 1 2 3 40.6255 -200.0
000020 1 2 3 22.9709 -1.0574
000027 2 1 3 7.8751 1.2891
002141 1 2 3 19.5435 -3.2476
002095 1 2 3 -1.269 -27.1563
300180 2 1 3 10.687 27.6151
300346 1 2 3 -3.6808 3.4188
002552 2 1 3 60.1865 0.4444
002559 3 0 3 27.3971 76.569
002393 1 2 3 -25.5217 12.2827
601618 2 1 3 -2.2857 -4.8913
002177 2 1 3 4.5974 11.4754
600259 1 2 3 0.236 -13.0872
000555 2 1 3 -13.8331 -11.3589
000040 2 1 3 -2.6769 -4.5767
300355 1 2 3 -5.2825 -0.6519
002541 3 0 3 11.1403 13.4255
002543 2 1 3 -11.3386 9.6552
002380 2 1 3 5.6645 29.7186
002387 2 1 3 70.2073 -12.0401
600064 3 0 3 -1.5568 -0.8101
600068 2 1 3 -3.4273 -2.7027
002617 2 1 3 114.0811 32.6819
002619 2 1 3 114.5032 -7.6119
300328 2 1 3 15.7488 11.6129
300327 2 1 3 -8.6027 57.2161
000411 1 2 3 8.937 -2.0276
600098 1 2 3 -8.4093 -3.2374
600658 2 1 3 -13.7398 25.0266
600479 1 2 3 -4.4739 -4.6212
600478 1 2 3 -12.8462 2.7327
600476 2 1 3 22.8635 -0.3311
600277 2 1 3 -13.6786 8.3095
002106 1 2 3 -2.6966 -20.564
002298 3 0 3 -3.3568 4.4798
600666 1 2 3 5.7803 -7.2193
002582 3 0 3 -22.1565 55.5708
600283 2 1 3 0.5026 -7.9719
300236 2 1 3 -22.9369 31.5705
002350 1 2 3 6.9255 -27.2867
600057 2 1 3 -9.9853 51.3333
000869 1 2 3 -8.7779 -14.8265
600029 2 1 3 -15.3846 -2.4823
600023 2 1 3 -12.2911 -23.8739
002010 1 2 3 -12.3909 4.8574
600115 2 1 3 -16.0 -5.4608
002657 3 0 3 29.2745 -20.5399
603006 3 0 3 -200.0 -200.0
002338 0 3 3 18.4362 13.3929
300123 0 3 3 4.7117 15.0235
600810 0 3 3 -17.0543 17.658
601798 0 3 3 4.8869 12.7173
600177 0 3 3 1.8638 2.7397
600221 0 3 3 -16.0804 -1.9608
600997 0 3 3 -19.554 -10.5939
002159 0 3 3 17.0245 9.9252
300087 0 3 3 7.769 11.2768
300181 0 3 3 -3.8351 35.3383
601718 1 1 2 -12.1429 2.214
000529 1 1 2 1.497 11.0553
600360 1 1 2 19.1035 -2.6895
600367 1 1 2 -4.4725 -15.5
300108 2 0 2 92.309 -4.4177
002486 1 1 2 -1.7054 16.2406
002240 1 1 2 65.1798 200.8386
600611 1 1 2 9.7093 -10.1744
600613 1 1 2 20.4494 -12.8041
601216 1 1 2 -4.878 24.4397
600031 1 1 2 -21.0031 -14.6277
600033 2 0 2 9.1767 2.3923
600035 1 1 2 0.7073 -8.982
600322 1 1 2 3.012 5.3968
000792 1 1 2 -9.7605 -9.8113
000797 1 1 2 -5.5858 -7.2482
000799 1 1 2 -20.423 -13.5334
002321 2 0 2 -13.3333 -0.7862
002323 1 1 2 7.8004 6.104
002494 1 1 2 -16.9523 12.2711
002072 1 1 2 10.3139 -10.4839
600135 2 0 2 11.13 -8.8838
600137 1 1 2 25.731 -5.3555
600310 1 1 2 -13.1715 8.0897
600313 2 0 2 -15.1106 3.949
002472 1 1 2 46.4428 4.0
600007 2 0 2 -6.1653 -5.8563
000301 1 1 2 -8.0997 0.3115
000780 1 1 2 -12.4919 -16.7883
601991 1 1 2 -16.0377 -5.1454
300272 2 0 2 30.8707 -7.4571
300292 1 1 2 61.258 20.2703
601001 1 1 2 -4.5375 -9.8284
300120 1 1 2 -1.8114 12.7747
002260 1 1 2 65.7604 -5.8644
600630 1 1 2 -0.2345 32.6733
002042 2 0 2 -7.8763 -5.4507
002043 2 0 2 5.9146 5.5556
600123 1 1 2 -28.3127 -19.4717
000425 1 1 2 -9.2715 -8.0918
000420 1 1 2 30.3514 -6.25
600302 1 1 2 12.6238 0.0
002686 1 1 2 15.094 23.0881
002681 1 1 2 12.1596 67.8559
600012 2 0 2 11.7347 -5.2885
603167 1 1 2 16.3149 8.724
600392 1 1 2 -1.9094 -0.7071
002302 1 1 2 -0.6471 -12.4706
300134 1 1 2 168.2048 10.2522
002272 1 1 2 14.8741 -9.0535
002053 1 1 2 23.489 4.2493
002052 2 0 2 -31.0054 4.6205
600796 1 1 2 -2.9009 -1.5957
600370 1 1 2 48.9791 8.6124
002694 1 1 2 14.2476 9.6386
002692 1 1 2 -13.3728 18.0628
600573 1 1 2 16.2142 0.1689
600202 1 1 2 -7.6023 -13.7124
600209 1 1 2 -13.7895 -15.7244
002417 1 1 2 8.3333 -11.7497
300141 1 1 2 41.22 5.1627
600327 1 1 2 15.2 -19.1935
600148 1 1 2 20.708 20.3822
600781 1 1 2 -5.6949 -10.52
002199 1 1 2 -5.9533 56.3452
600241 1 1 2 27.8001 -3.0628
002424 1 1 2 -3.07 30.0
600215 1 1 2 -5.9553 -4.9763
600211 1 1 2 48.0884 0.0
600219 1 1 2 -0.2094 -2.9795
000599 1 1 2 21.3311 -5.6471
002210 1 1 2 87.8275 -6.6025
002218 1 1 2 46.2665 -5.1105
600778 1 1 2 -17.4381 -9.9125
600513 2 0 2 11.7712 -2.9864
600510 1 1 2 -14.4737 2.3529
000586 1 1 2 33.3333 -0.8237
002721 1 1 2 52.8289 -200.0
600356 1 1 2 8.5561 -7.9935
002188 1 1 2 21.8249 -20.0772
603555 1 1 2 -13.476 -200.0
300380 1 1 2 46.084 -200.0
603333 1 1 2 -14.1988 8.243
300091 2 0 2 45.9777 11.8356
300167 1 1 2 26.3298 -4.4658
300366 1 1 2 84.6646 -200.0
300360 1 1 2 -9.1293 -200.0
600160 1 1 2 -5.3562 -15.3541
600188 2 0 2 -20.5942 -16.2264
002154 2 0 2 -2.3609 -18.2692
601588 1 1 2 -7.0543 -12.0915
600507 1 1 2 -10.2767 -3.6745
002717 1 1 2 39.9813 -200.0
000979 1 1 2 -13.913 -11.6751
000710 1 1 2 7.4118 0.0
000626 1 1 2 5.3316 8.2749
000623 1 1 2 -10.5757 3.4362
000026 2 0 2 10.2426 3.7396
600986 1 1 2 1.7094 -5.6911
600354 1 1 2 -17.9523 10.3774
300172 1 1 2 -2.3378 8.2206
300372 1 1 2 7.5485 -200.0
002233 1 1 2 -2.3667 2.3885
601177 1 1 2 1.4496 -9.5491
002524 1 1 2 3.5831 -20.0
002143 1 1 2 176.6816 10.0329
600537 1 1 2 -4.4378 -20.0
002098 1 1 2 8.6486 4.811
000818 1 1 2 9.9291 -4.0541
000815 1 1 2 3.532 -0.2004
600243 1 1 2 -6.5951 11.8353
000561 1 1 2 12.437 6.1706
002702 2 0 2 11.8684 -5.8013
000969 1 1 2 24.7664 -9.3902
000703 1 1 2 -9.363 -9.8795
000630 1 1 2 -8.9862 -13.5462
002442 1 1 2 8.4836 -5.3738
601918 1 1 2 -28.8265 -18.7755
300186 1 1 2 -8.887 14.5244
300340 1 1 2 6.4347 -5.4591
002597 1 1 2 29.578 10.8137
600523 1 1 2 10.7201 9.0991
600250 1 1 2 -5.0 -15.2905
600419 1 1 2 8.7441 -5.7159
000738 1 1 2 2.2379 12.7222
002606 1 1 2 9.516 -10.0457
000605 2 0 2 -1.655 -2.5356
000608 1 1 2 -24.754 -3.2015
000609 1 1 2 27.6657 -16.0906
300198 1 1 2 8.9674 -0.2714
300191 1 1 2 -10.8274 92.6144
300192 1 1 2 32.3064 19.4645
601118 2 0 2 -14.6036 -5.5909
002540 2 0 2 4.1131 4.5026
002388 1 1 2 38.6994 -6.911
002164 1 1 2 5.1213 -10.0719
600399 1 1 2 58.1756 3.7367
600393 1 1 2 7.9816 -8.9256
002615 1 1 2 -10.0693 35.6532
002613 1 1 2 16.1371 12.0858
000836 1 1 2 -6.9686 -6.9467
000612 1 1 2 1.3333 13.7838
000610 1 1 2 7.6903 -9.4053
000058 1 1 2 -6.7368 -4.8924
000055 2 0 2 29.794 -1.3986
600898 1 1 2 9.9602 -4.5802
000821 1 1 2 25.7218 -1.8182
002119 1 1 2 3.8096 0.1387
002116 1 1 2 13.2684 22.2038
002287 1 1 2 -3.6294 14.2407
002284 1 1 2 17.7888 7.3171
000539 2 0 2 0.0 -2.0619
600386 1 1 2 12.6965 -10.8932
600380 1 1 2 5.6604 -3.7924
000993 1 1 2 2.3845 -10.4278
000995 1 1 2 10.7962 -5.3463
300204 2 0 2 -8.5551 -15.8598
300201 1 1 2 3.2368 22.2467
300022 1 1 2 -14.6479 4.6617
002569 1 1 2 21.3062 3.6464
002365 1 1 2 5.5823 -1.3245
002361 1 1 2 12.4274 5.7915
600719 1 1 2 -15.0702 16.7178
600717 2 0 2 -2.9132 26.6667
002290 1 1 2 26.3253 18.2432
600668 1 1 2 12.9771 1.4644
600662 1 1 2 48.9933 2.0179
000526 1 1 2 -1.2679 -14.2857
002636 1 1 2 21.3287 7.1521
600289 1 1 2 -0.223 4.065
600707 2 0 2 -8.4065 45.8407
002136 1 1 2 9.816 -14.5078
002133 1 1 2 -3.7828 -5.679
002006 1 1 2 -6.9111 -15.9145
000802 1 1 2 61.6954 5.7756
002644 1 1 2 -2.5129 41.3216
600293 1 1 2 -5.0633 -12.3613
300221 1 1 2 46.9536 -3.2915
600423 1 1 2 -6.7961 -8.0
002362 2 0 2 43.7163 -17.1666
300314 1 1 2 -8.4066 -25.1468
300009 2 0 2 5.5462 -7.6615
002347 1 1 2 13.865 10.6322
600843 1 1 2 8.0943 47.5504
600844 1 1 2 -20.0809 -11.6528
000892 1 1 2 23.8095 -17.0608
002655 1 1 2 21.919 3.1098
601880 2 0 2 1.5444 3.9063
603001 1 1 2 -5.3244 -7.2988
000893 1 1 2 -6.9324 -1.5909
600851 0 2 2 -7.2857 -8.094
300107 0 2 2 27.6662 24.6269
002324 0 2 2 -21.2305 15.0587
600628 0 2 2 -8.1657 5.7428
600139 0 2 2 86.9919 -20.9003
600303 0 2 2 3.7037 -3.8462
000690 0 2 2 -16.3324 9.9585
600818 0 2 2 41.3065 -7.8619
600143 0 2 2 -18.5424 -10.467
600780 0 2 2 -15.6556 -18.2109
601158 0 2 2 -11.3156 1.2027
002151 0 2 2 -15.8728 -3.4088
600248 0 2 2 -6.3776 -4.3742
000926 0 2 2 -4.9297 -1.9284
002171 0 2 2 13.6649 13.302
002607 0 2 2 7.5168 7.6347
000830 0 2 2 -15.1807 7.8329
000665 0 2 2 10.2311 -21.7298
603077 0 2 2 -4.8316 -7.6517
000982 0 2 2 -14.6054 0.4678
300019 0 2 2 -8.3141 15.0047
002014 0 2 2 -11.1573 -1.812
300256 1 0 1 10.7576 9.3388
002330 1 0 1 4.9815 -1.2658
600854 1 0 1 18.2898 0.4739
300103 1 0 1 0.3268 5.2226
002243 1 0 1 2.0448 0.4702
600619 1 0 1 2.7143 3.9648
000409 1 0 1 -28.6275 -6.9314
002666 1 0 1 -3.2197 19.2771
002662 1 0 1 12.7915 9.7015
002669 1 0 1 103.3936 22.8595
603366 1 0 1 -0.879 -3.1442
300061 1 0 1 30.1653 22.7903
600822 1 0 1 -1.1715 -33.8078
600487 1 0 1 1.303 15.6541
600133 1 0 1 -8.5714 -4.5685
600311 1 0 1 -5.6751 -14.4538
600005 1 0 1 -5.9495 -8.3333
300053 1 0 1 57.9281 -14.5306
300290 1 0 1 13.4417 -3.8589
300122 1 0 1 1.7493 -14.7727
000933 1 0 1 -26.6963 -12.204
600307 1 0 1 -13.8462 -5.4152
002684 1 0 1 49.7171 -10.3513
002445 1 0 1 67.2114 28.1421
000680 1 0 1 -9.8101 -9.915
600543 1 0 1 -27.844 16.9884
600461 1 0 1 -2.0207 10.9354
300046 1 0 1 10.3875 37.1991
002270 1 0 1 10.6989 32.8549
002050 1 0 1 26.8986 -11.5806
002059 1 0 1 1.9399 2.6713
600577 1 0 1 23.804 -5.868
600365 1 0 1 -2.5735 -4.8387
002420 1 0 1 -12.6904 -0.5059
000593 1 0 1 -7.147 8.2927
000410 1 0 1 5.802 2.6502
000777 1 0 1 21.4743 8.2338
600969 1 0 1 1.617 -0.9701
600178 1 0 1 -20.6564 -0.7648
002182 1 0 1 15.6315 -8.396
600777 1 0 1 33.0781 27.4131
600774 1 0 1 6.3415 -13.7824
600226 1 0 1 -0.5888 -1.2841
000582 1 0 1 -1.1851 3.8745
000589 1 0 1 -0.1946 1.3725
600355 1 0 1 55.0095 -5.1601
600353 1 0 1 6.5868 5.7052
600779 1 0 1 -27.5758 -20.266
300387 1 0 1 -200.0 -200.0
600055 1 0 1 30.2235 -20.6816
600992 1 0 1 14.209 1.7964
601018 1 0 1 -2.6714 8.4444
002224 1 0 1 -0.5387 1.1597
002536 1 0 1 -7.5223 36.2382
002401 1 0 1 21.8377 -11.6279
600233 1 0 1 0.3125 -6.68
002716 1 0 1 21.9642 -200.0
000973 1 0 1 32.8316 -2.4331
000711 1 0 1 6.7657 -13.5252
000150 1 0 1 28.4672 4.6243
300082 1 0 1 -1.6618 22.4346
600985 1 0 1 -12.9586 15.1978
300173 1 0 1 26.0121 16.9082
300175 1 0 1 -0.4762 -9.9138
300179 1 0 1 4.031 6.3448
002147 1 0 1 34.8066 0.9259
600530 1 0 1 2.5708 -6.6272
600531 1 0 1 8.6462 -10.8549
002093 1 0 1 28.8499 -12.5
000962 1 0 1 -3.9104 -8.2873
000635 1 0 1 -7.0049 13.9315
000032 1 0 1 1.6185 -15.4146
603993 1 0 1 6.2547 -8.8483
600071 1 0 1 108.9376 -6.3191
002556 1 0 1 -14.3002 -12.0629
600746 1 0 1 28.8079 -5.2133
600745 1 0 1 -34.0563 43.2099
600251 1 0 1 0.3476 -6.8476
600094 1 0 1 23.1683 -7.8467
300193 1 0 1 -9.0778 32.4349
002546 1 0 1 4.9442 8.0369
002548 1 0 1 14.1117 11.2688
600734 1 0 1 -17.4538 -0.6122
600735 1 0 1 30.2168 -13.9588
002165 1 0 1 2.4733 -6.3291
000540 1 0 1 -11.1498 -15.6977
600468 1 0 1 4.7319 -19.0878
000833 1 0 1 5.3599 -3.0882
002578 1 0 1 -3.7587 10.4909
600258 1 0 1 3.5566 0.7687
600896 1 0 1 -8.6871 6.7227
600650 1 0 1 -7.3998 -10.0358
002621 1 0 1 8.1045 12.8329
300208 1 0 1 46.2766 -13.1783
300200 1 0 1 15.4563 37.7095
601139 1 0 1 -13.8432 -7.9162
002102 1 0 1 30.2083 -12.6786
000679 1 0 1 -0.8803 2.4867
000863 1 0 1 -9.8485 9.1514
000922 1 0 1 2.9535 -5.9181
002351 1 0 1 -2.5678 26.4
002137 1 0 1 30.5344 -8.9655
002130 1 0 1 56.4211 7.6547
600058 1 0 1 -21.4118 0.0
600456 1 0 1 18.8384 -2.1655
600455 1 0 1 50.2825 2.3741
000089 1 0 1 -11.9199 6.6502
600346 1 0 1 14.1802 12.3333
300311 1 0 1 -7.719 11.6253
600333 1 0 1 -14.5859 -2.4272
600331 1 0 1 33.2512 -20.3523
600785 0 1 1 -7.5165 -5.1488
000918 0 1 1 -5.1471 -4.1379
600850 0 1 1 -0.6526 -0.3332
300105 0 1 1 -5.4779 -6.0202
600581 0 1 1 -10.6198 -1.9002
000902 0 1 1 -11.5811 19.1895
002322 0 1 1 -24.9787 1.8182
600823 0 1 1 -1.7127 -12.741
600828 0 1 1 -7.5244 -1.8484
002259 0 1 1 -5.7052 11.4286
002252 0 1 1 35.6177 73.421
600629 0 1 1 36.1556 2.1858
002473 0 1 1 8.1658 123.8806
002479 0 1 1 -6.8924 -2.5913
600008 0 1 1 -6.589 -2.3121
000785 0 1 1 9.1228 -12.4431
300279 0 1 1 55.4873 10.6796
300270 0 1 1 8.6407 -12.188
300125 0 1 1 10.897 5.8655
002689 0 1 1 7.2051 1.071
000759 0 1 1 18.0253 10.2804
300132 0 1 1 32.9045 35.7323
002277 0 1 1 -15.8417 -19.9446
002592 0 1 1 18.0245 15.5508
002452 0 1 1 -8.2996 29.4452
601958 0 1 1 -0.8149 -12.3337
600971 0 1 1 -25.523 -10.6516
002512 0 1 1 16.9858 -16.6197
002510 0 1 1 53.7742 2.2161
002426 0 1 1 25.1867 -1.1502
601566 0 1 1 -11.9429 -6.8764
600218 0 1 1 0.22 7.9667
600687 0 1 1 23.4404 -15.9141
002503 0 1 1 -0.4146 -14.3959
600172 0 1 1 -1.9588 -2.2189
600771 0 1 1 -19.0494 -9.2346
600191 0 1 1 3.3451 -9.1346
600516 0 1 1 29.2917 -9.4048
600223 0 1 1 -8.1794 -12.4434
000584 0 1 1 -16.4249 3.4958
002222 0 1 1 7.0935 -13.009
600168 0 1 1 -4.6002 15.043
002156 0 1 1 37.7848 3.4173
600502 0 1 1 -14.7364 4.7859
600239 0 1 1 -19.2884 -4.6181
000809 0 1 1 11.2465 12.7119
600435 0 1 1 -7.3594 -5.3841
600345 0 1 1 -4.4743 -14.5594
000978 0 1 1 12.8874 -4.7988
000488 0 1 1 -6.4378 5.618
600984 0 1 1 7.027 -9.3596
002239 0 1 1 -11.592 30.0207
002237 0 1 1 -6.9242 -12.7619
600403 0 1 1 -24.4286 -20.1794
002288 0 1 1 20.1757 -4.1562
600096 0 1 1 -20.0228 -5.7203
000031 0 1 1 -11.1717 -4.3814
600077 0 1 1 -15.7156 -9.1476
601101 0 1 1 -20.5924 -15.1765
601616 0 1 1 -8.4001 3.6842
002173 0 1 1 13.1737 10.0
600520 0 1 1 6.8891 -1.2807
002598 0 1 1 23.1563 5.9375
000959 0 1 1 21.2871 -2.8436
000951 0 1 1 7.7862 3.6232
000952 0 1 1 3.9886 -8.5897
000601 0 1 1 -5.0343 29.9419
601113 0 1 1 8.9546 4.8718
600088 0 1 1 -7.2272 -37.6206
000545 0 1 1 0.8859 -9.8266
600397 0 1 1 -7.9672 -9.7665
300031 0 1 1 4.8636 17.5403
002112 0 1 1 8.5517 32.7103
600099 0 1 1 21.6061 -10.3627
600072 0 1 1 -27.99 -2.0817
002625 0 1 1 6.2069 18.0483
300333 0 1 1 49.0356 2.9067
002564 0 1 1 3.404 2.3312
002291 0 1 1 5.4196 3.6101
000524 0 1 1 18.2019 -3.0596
002588 0 1 1 -26.297 34.8319
000856 0 1 1 33.5907 -7.0922
000506 0 1 1 -16.087 -12.5954
600433 0 1 1 -4.1315 -32.5301
002139 0 1 1 15.2442 5.2452
600675 0 1 1 -12.75 -2.6761
000519 0 1 1 1.5599 0.0
002003 0 1 1 3.1506 11.9956
601898 0 1 1 -13.0951 -11.0075
000932 0 1 1 -0.5155 6.5934
601872 0 1 1 -2.0921 -4.7244
600592 0 1 1 12.8989 5.1064
600595 0 1 1 -0.5495 -7.5758
600608 0 1 1 3.8333 -10.0741
