601318 408 329 737
600887 231 337 568
600048 285 224 509
000002 254 226 480
600030 233 240 473
601166 261 205 466
600000 255 199 454
600016 237 189 426
000651 168 215 383
000024 205 173 378
000001 195 178 373
600109 177 193 370
000625 168 191 359
600837 181 161 342
002241 125 185 310
601688 164 129 293
300070 123 166 289
601601 152 129 281
600703 116 159 275
002415 104 171 275
300058 120 154 274
600406 121 152 273
600690 120 149 269
600036 152 112 264
002008 120 141 261
300059 135 124 259
601328 149 101 250
600079 108 137 245
601628 140 102 242
000538 97 143 240
000895 95 144 239
600446 123 114 237
002236 92 144 236
600315 105 130 235
601668 128 102 230
000712 115 115 230
600519 102 126 228
600535 92 132 224
300133 101 122 223
600028 115 102 217
601555 103 112 215
600999 110 103 213
000069 116 94 210
601336 122 86 208
002400 92 116 208
002353 84 119 203
000581 84 115 199
600340 107 91 198
601998 104 93 197
600050 102 90 192
000858 101 91 192
600261 88 103 191
600588 95 95 190
600276 72 115 187
002475 87 98 185
600015 105 80 185
002410 83 101 184
300104 93 90 183
002065 83 100 183
600104 80 103 183
000776 91 91 182
000963 82 100 182
300124 86 95 181
002385 80 101 181
601818 108 72 180
002292 83 97 180
600196 75 103 178
000728 87 91 178
600066 77 100 177
600597 75 102 177
601377 84 92 176
601788 86 88 174
600422 81 93 174
600309 79 93 172
002146 88 82 170
600585 69 98 167
002375 77 90 167
000400 68 98 166
600089 67 99 166
000333 65 98 163
600594 71 92 163
002390 79 80 159
000997 86 73 159
300017 79 80 159
000671 82 76 158
300005 81 77 158
000402 84 70 154
601988 97 57 154
002022 69 83 152
002051 85 65 150
000783 76 73 149
600998 78 70 148
300168 73 75 148
002285 74 71 145
600557 64 80 144
300291 74 69 143
600584 74 68 142
600518 50 92 142
600352 57 85 142
300315 67 73 140
600587 56 83 139
600372 54 85 139
300115 56 82 138
601989 75 62 137
002108 69 68 137
002450 61 75 136
002081 73 63 136
300026 56 80 136
000423 55 80 135
601009 70 65 135
300170 68 67 135
002368 67 68 135
300253 71 63 134
300212 65 69 134
601633 61 73 134
300207 69 64 133
600570 62 69 131
000541 64 67 131
000049 49 82 131
603000 59 72 131
600376 76 54 130
002230 60 70 130
300274 64 65 129
002185 58 71 129
300037 63 65 128
600150 58 69 127
600158 70 57 127
600804 60 66 126
601766 58 68 126
000826 51 75 126
002019 63 63 126
600699 58 67 125
300273 55 69 124
600153 62 62 124
601299 59 65 124
300113 60 63 123
600525 53 70 123
002153 57 65 122
002465 61 60 121
600637 44 75 119
300147 55 64 119
000768 56 62 118
002104 51 67 118
600872 49 67 116
600549 59 56 115
300166 58 57 115
600893 51 64 115
002038 45 69 114
600118 57 57 114
300043 58 55 113
002456 49 64 113
600563 56 57 113
002202 57 55 112
000661 52 60 112
300020 52 60 112
002271 58 53 111
300146 43 68 111
601006 54 57 111
002023 48 62 110
600600 42 68 110
600019 64 45 109
000961 55 54 109
002063 52 55 107
600312 48 59 107
002309 47 60 107
002358 50 57 107
601099 51 56 107
300090 39 67 106
300024 44 62 106
300226 52 54 106
600108 49 56 105
002470 49 56 105
002223 49 56 105
000970 49 56 105
300010 52 53 105
300295 58 46 104
002191 48 55 103
601231 46 57 103
300002 47 56 103
601288 52 50 102
002030 47 55 102
600010 50 51 101
300178 53 48 101
000568 55 46 101
600886 48 53 101
300155 47 53 100
002005 45 55 100
300157 40 59 99
002219 46 53 99
002594 52 47 99
000848 42 57 99
601398 56 43 99
600835 43 55 98
600741 46 52 98
002007 47 51 98
300150 47 50 97
600511 52 45 97
000063 47 50 97
000513 50 47 97
002268 49 47 96
300287 47 49 96
600418 45 51 96
300003 52 44 96
000596 48 47 95
002714 51 44 95
600067 51 44 95
000831 54 41 95
002174 45 49 94
600383 38 56 94
300203 48 45 93
300251 41 51 92
601992 50 42 92
600138 37 54 91
002477 45 46 91
300049 50 41 91
600373 43 48 91
002085 41 50 91
002396 44 47 91
002179 44 47 91
601939 52 38 90
600718 42 48 90
601169 51 38 89
300183 48 41 89
300339 44 45 89
002318 46 42 88
002024 49 39 88
300271 46 41 87
601012 40 47 87
600240 44 43 87
600366 46 40 86
002444 43 43 86
000732 50 36 86
000039 42 43 85
002551 39 46 85
601088 49 36 85
300072 44 40 84
600583 36 48 84
002041 40 44 84
000709 46 38 84
300182 42 42 84
603288 51 33 84
600572 37 46 83
002437 39 44 83
000516 40 43 83
600867 32 51 83
300137 39 43 82
000876 43 39 82
601222 39 42 81
600571 42 39 81
600651 41 40 81
300016 46 35 81
300075 34 46 80
600037 39 41 80
600323 40 40 80
601901 36 44 80
000425 48 31 79
000977 32 47 79
601607 34 45 79
600266 36 43 79
300074 36 42 78
000919 39 39 78
002439 40 38 78
000559 37 41 78
600660 37 41 78
600292 30 48 78
300006 41 37 78
600332 31 47 78
002657 44 34 78
002672 40 37 77
600085 35 42 77
300033 36 41 77
300303 38 39 77
002004 37 40 77
600990 41 35 76
002701 30 46 76
000998 28 48 76
000937 42 34 76
000656 36 40 76
600633 35 40 75
000685 39 36 75
000592 36 39 75
000028 36 39 75
002555 39 36 75
300039 31 44 75
002111 36 39 75
002117 39 36 75
002638 37 38 75
300238 40 35 75
000800 34 41 75
000915 34 40 74
600271 46 28 74
300071 33 40 73
300101 32 41 73
600580 39 34 73
002664 35 38 73
002421 37 36 73
601800 41 32 73
600185 34 39 73
600885 38 35 73
601888 33 40 73
300077 36 36 72
600967 31 41 72
002407 38 34 72
600316 38 34 72
600485 36 35 71
002273 38 33 71
600522 33 38 71
002496 40 31 71
600884 34 37 71
600880 32 39 71
000851 35 36 71
002049 32 38 70
300162 38 32 70
000733 34 36 70
002048 35 34 69
000750 33 36 69
601699 40 29 69
600795 34 35 69
300144 36 33 69
002508 37 32 69
002157 37 32 69
002321 35 34 69
002405 35 34 69
601098 36 33 69
300079 33 35 68
002440 30 38 68
600809 32 36 68
002501 31 37 68
300177 29 39 68
002142 36 32 68
600259 39 29 68
600060 27 41 68
600388 43 25 68
601857 37 30 67
600212 36 31 67
300367 35 32 67
600643 34 33 67
600661 33 34 67
300232 32 35 67
600420 30 37 67
600559 31 35 66
600686 28 38 66
600645 38 28 66
300323 30 36 66
002366 40 26 66
002299 30 36 66
002649 31 35 66
002312 30 35 65
002214 32 33 65
600521 34 31 65
601600 33 32 65
300205 29 36 65
600401 34 30 64
601808 25 39 64
000623 35 29 64
300322 31 33 64
600900 32 32 64
300255 27 36 63
601186 32 31 63
002304 35 28 63
002527 33 30 63
002609 32 31 63
600270 35 28 63
300027 31 32 63
002642 32 31 63
600335 31 32 63
300369 31 31 62
600765 33 29 62
002148 25 37 62
002364 32 30 62
000801 36 26 62
300228 26 36 62
600038 35 26 61
603766 30 31 61
600187 31 30 61
600436 31 30 61
002094 32 29 61
300199 29 32 61
300032 34 27 61
300021 29 32 61
300012 32 29 61
002138 32 29 61
000157 41 19 60
300269 32 28 60
002454 30 30 60
600566 28 32 60
002229 27 33 60
002520 30 30 60
600739 26 34 60
600031 37 22 59
300055 27 32 59
600175 30 29 59
600536 32 27 59
002550 30 29 59
300219 28 31 59
300034 26 33 59
600894 28 31 59
000060 29 30 59
300015 25 34 59
002653 27 32 59
002249 28 30 58
002152 26 32 58
300326 29 29 58
002296 28 30 58
600330 29 29 58
002673 29 28 57
600009 26 31 57
300045 22 35 57
300288 26 31 57
600325 26 31 57
600068 33 24 57
300038 31 26 57
002035 29 28 57
600875 33 24 57
600111 29 28 57
600369 29 27 56
002279 30 26 56
002181 25 31 56
300073 28 27 55
000793 27 28 55
002262 25 30 55
002531 29 26 55
600763 32 23 55
300088 28 27 55
601117 22 33 55
600080 28 27 55
600081 28 27 55
002570 21 34 55
002568 28 27 55
600855 29 25 54
600850 31 23 54
600409 28 26 54
002382 25 29 54
002376 27 27 54
002250 21 32 53
601965 21 32 53
300164 24 29 53
300085 21 32 53
300347 25 28 53
000547 29 24 53
002610 23 30 53
601933 27 26 53
000988 31 22 53
002635 25 28 53
000401 32 20 52
002665 28 24 52
002462 28 24 52
300246 24 28 52
600832 21 31 52
002261 26 26 52
300265 28 24 52
002436 26 26 52
000550 22 30 52
002572 28 24 52
300206 26 26 52
300334 26 26 52
600674 27 25 52
600100 29 22 51
002325 22 29 51
600499 24 27 51
600125 31 20 51
000100 28 23 51
002422 23 28 51
600210 25 26 51
000555 30 21 51
002603 26 25 51
000612 27 24 51
002373 30 21 51
300307 27 24 51
300054 21 29 50
600129 29 21 50
300047 24 26 50
002516 27 23 50
000917 20 30 50
300380 27 23 50
300036 26 24 50
601390 28 22 50
002363 26 24 50
600115 28 22 50
002690 21 28 49
600976 26 23 49
300379 26 23 49
600859 25 23 48
002060 25 23 48
601000 26 22 48
002699 24 24 48
600252 16 32 48
000729 23 25 48
600479 25 23 48
000528 31 17 48
601877 21 27 48
603008 26 22 48
300242 28 19 47
300298 21 26 47
300263 23 24 47
600794 22 25 47
600761 22 25 47
600184 25 22 47
600759 22 25 47
000816 21 26 47
300190 24 23 47
300359 25 22 47
002573 33 14 47
002126 24 23 47
002332 22 24 46
002460 22 24 46
600624 23 23 46
002073 22 24 46
300275 23 23 46
002317 23 23 46
000686 22 24 46
002170 25 21 46
002020 23 23 46
000860 19 27 46
002488 28 17 45
002482 22 23 45
002253 20 25 45
300296 22 23 45
300128 19 26 45
000916 23 22 45
002502 23 22 45
300098 23 22 45
000739 21 24 45
600399 23 22 45
300337 23 22 45
600694 25 20 45
600879 21 24 45
600705 22 23 45
002131 23 22 45
002497 22 22 44
601311 21 23 44
600970 25 19 44
600149 23 21 44
000562 21 23 44
300352 22 22 44
300030 21 23 44
000999 20 24 44
300335 18 26 44
002303 19 24 43
600801 20 23 43
300145 20 23 43
600199 27 16 43
601018 23 20 43
300083 20 23 43
002605 18 25 43
600267 21 22 43
600729 23 20 43
300202 20 23 43
300011 24 19 43
002216 21 21 42
300351 21 21 42
600395 26 16 42
002567 18 24 42
300257 22 19 41
300244 22 19 41
002491 20 21 41
600305 19 22 41
000681 22 19 41
600351 20 21 41
600995 22 19 41
300363 20 21 41
000901 23 18 41
002554 20 21 41
600742 23 18 41
600416 20 21 41
601111 22 19 41
300300 17 24 41
600702 23 18 41
002266 21 19 40
002446 21 19 40
600208 20 20 40
002519 20 20 40
600562 21 19 40
002215 20 20 40
002433 21 19 40
000811 18 22 40
000925 25 15 40
600061 20 20 40
000503 21 19 40
001696 20 20 40
002311 18 21 39
300142 18 21 39
300377 20 19 39
600410 15 24 39
601118 20 19 39
600062 15 24 39
600027 18 21 39
300063 22 16 38
600517 18 20 38
600993 18 20 38
300188 18 20 38
002371 19 19 38
600655 22 16 38
300309 18 20 38
002001 19 19 38
002348 19 19 38
300245 19 18 37
300248 19 18 37
601333 16 21 37
300129 18 19 37
002055 19 18 37
600151 15 22 37
601799 20 17 37
000903 20 17 37
002227 16 21 37
002402 20 17 37
603456 21 16 37
002091 18 19 37
002176 19 18 37
300213 21 16 37
600895 23 14 37
002294 18 19 37
000673 19 18 37
002139 18 19 37
300224 19 18 37
002018 21 16 37
002329 23 13 36
600486 22 14 36
000932 20 16 36
000748 17 19 36
600978 18 18 36
000778 18 18 36
002727 19 17 36
300096 19 17 36
002711 19 17 36
600343 17 19 36
000718 20 16 36
000823 18 18 36
002588 21 15 36
300007 19 17 36
002340 21 15 36
601669 18 17 35
600133 19 16 35
000540 20 15 35
601238 16 19 35
000933 20 15 35
600011 16 19 35
300285 18 17 35
600155 18 17 35
600979 19 16 35
600818 19 16 35
002197 18 17 35
600362 20 15 35
002507 19 16 35
300086 19 16 35
601179 19 16 35
000630 20 15 35
000958 20 15 35
600461 19 16 35
000669 19 16 35
002565 13 22 35
600284 19 16 35
300014 9 26 35
600598 17 18 35
300254 16 18 34
002666 19 15 34
300065 18 16 34
601058 19 15 34
600122 18 16 34
300041 18 16 34
600816 18 16 34
000004 18 16 34
600776 17 17 34
600767 19 15 34
600077 16 18 34
600392 21 13 34
002280 16 18 34
300332 17 17 34
002344 15 19 34
000898 18 16 34
300252 17 16 33
002242 16 17 33
002466 19 14 33
300110 18 15 33
600006 17 16 33
000786 19 14 33
300050 16 17 33
300139 17 16 33
002207 18 15 33
002518 17 16 33
601028 13 20 33
000905 16 17 33
002189 19 14 33
002539 21 12 33
002401 18 15 33
000975 17 16 33
600256 12 21 33
600398 19 14 33
002028 16 17 33
300336 17 16 33
002293 15 18 33
002584 16 17 33
600280 17 16 33
600055 19 14 33
002017 16 17 33
002484 13 19 32
002474 14 18 32
300171 17 15 32
002458 16 16 32
600428 18 14 32
002089 16 16 32
600737 15 17 32
002614 15 17 32
601700 16 16 32
002595 15 17 32
002100 16 16 32
600667 16 16 32
002589 20 12 32
600057 17 15 32
002009 23 9 32
300004 16 16 32
600029 18 14 32
002338 16 15 31
601208 17 14 31
000788 16 15 31
600839 15 16 31
002683 13 18 31
002414 17 14 31
600176 16 15 31
300378 17 14 31
300348 15 16 31
600391 15 16 31
600389 13 18 31
002367 13 18 31
002580 18 13 31
300231 18 13 31
600287 19 11 30
000543 18 12 30
000939 15 15 30
300266 16 14 30
300289 16 14 30
300131 16 14 30
002425 18 12 30
600219 15 15 30
600685 12 18 30
600195 14 16 30
300165 17 13 30
600509 16 14 30
000153 19 11 30
000869 17 13 30
002234 15 15 30
601918 15 15 30
002604 13 17 30
601928 14 16 30
300356 18 12 30
300353 15 15 30
002383 17 13 30
300210 13 17 30
600897 16 14 30
300338 13 17 30
002569 16 14 30
002102 17 13 30
600290 16 14 30
002349 16 14 30
002334 15 14 29
600612 12 17 29
002662 17 12 29
600497 14 15 29
600547 15 14 29
603167 15 14 29
600773 16 13 29
600180 15 14 29
600502 15 14 29
002712 16 13 29
300392 14 15 29
000566 14 15 29
002398 15 14 29
000821 13 16 29
300195 15 14 29
002544 17 12 29
600649 10 19 29
000726 14 15 29
002281 14 15 29
002563 14 15 29
600663 18 11 29
002037 13 16 29
000883 13 16 29
000888 11 18 29
300008 15 14 29
600021 16 13 29
002658 14 15 29
601218 14 14 28
000418 11 17 28
002310 13 15 28
000338 15 13 28
002416 14 14 28
600787 12 16 28
600198 16 12 28
600697 16 12 28
002158 12 16 28
600348 16 12 28
600438 11 17 28
002707 18 10 28
000957 15 13 28
000952 14 14 28
000601 17 11 28
300357 16 12 28
000666 13 15 28
600026 16 12 28
600707 16 12 28
002124 14 14 28
300259 10 17 27
600313 15 12 27
002678 14 13 27
002445 17 10 27
300267 16 11 27
300136 12 15 27
300130 15 12 27
002276 14 13 27
600704 11 16 27
002500 12 15 27
600775 15 12 27
600429 13 14 27
600183 13 14 27
600755 13 14 27
002392 13 14 27
600657 22 5 27
300209 13 14 27
300235 15 12 27
300312 16 11 27
000090 18 8 26
600881 13 13 26
600489 13 13 26
000938 11 15 26
300281 13 13 26
600576 15 11 26
600783 14 12 26
000413 10 16 26
002535 13 13 26
000716 11 15 26
000031 17 9 26
600415 19 7 26
000046 16 10 26
002540 14 12 26
300324 15 11 26
600720 14 12 26
600096 13 13 26
002101 14 12 26
600662 13 13 26
000525 9 17 26
002481 14 11 25
000797 15 10 25
600820 13 12 25
600495 11 14 25
600120 13 12 25
002441 12 13 25
600201 11 14 25
600975 13 12 25
002429 9 16 25
601158 11 14 25
002182 13 12 25
601801 14 11 25
002080 12 13 25
000150 18 7 25
300087 11 14 25
000639 12 13 25
002557 11 14 25
300196 12 13 25
300329 13 12 25
600728 12 13 25
600054 12 13 25
600298 11 14 25
000887 11 14 25
300223 13 12 25
603005 13 12 25
600008 12 12 24
300290 15 9 24
002315 15 9 24
000927 13 11 24
600327 12 12 24
600962 14 10 24
002432 11 13 24
600513 11 13 24
600168 13 11 24
600249 11 13 24
002709 13 11 24
600073 7 17 24
300025 12 12 24
000852 12 12 24
300227 12 12 24
601515 11 13 24
600337 13 11 24
002489 11 12 23
600582 14 9 23
600983 10 13 23
300053 13 10 23
300127 11 12 23
600498 13 10 23
002453 11 12 23
002205 13 10 23
002438 13 10 23
600770 12 11 23
601618 11 12 23
000553 11 12 23
002615 11 12 23
300217 7 16 23
002115 13 10 23
002369 12 11 23
601717 14 9 23
002354 13 10 23
002192 13 9 22
300078 12 10 22
002064 8 14 22
600329 11 11 22
300241 11 11 22
300066 8 14 22
300126 11 11 22
600157 9 13 22
600217 13 9 22
000590 9 13 22
600171 9 13 22
600222 12 10 22
300084 13 9 22
300173 10 12 22
600754 12 10 22
002412 11 11 22
002140 8 14 22
000558 13 9 22
002606 13 9 22
002118 13 9 22
000530 9 13 22
600863 12 10 22
600677 12 10 22
300001 9 13 22
600596 9 13 22
002013 11 11 22
002244 11 10 21
002068 12 9 21
600827 10 11 21
300121 11 10 21
300262 11 10 21
300284 10 11 21
002305 10 11 21
002698 11 10 21
002514 10 11 21
600782 12 9 21
000009 10 11 21
600969 12 9 21
300159 14 7 21
002183 9 12 21
300386 11 10 21
600500 12 9 21
002556 11 10 21
002547 11 10 21
002576 11 10 21
002577 12 9 21
600650 13 8 21
300306 11 10 21
600708 11 10 21
300314 10 11 21
600715 11 10 21
002480 9 11 20
002483 12 8 20
600033 11 9 20
300061 10 10 20
002327 8 12 20
300118 8 12 20
600487 10 10 20
300293 10 10 20
002449 10 10 20
600803 10 10 20
601225 12 8 20
300383 9 11 20
000959 11 9 20
300197 7 13 20
600064 11 9 20
000948 11 9 20
600233 11 9 20
002597 9 11 20
002646 9 11 20
600432 10 10 20
002016 10 10 20
000529 10 9 19
600858 10 9 19
603366 10 9 19
000411 14 5 19
600558 11 8 19
603308 9 10 19
600375 9 10 19
300140 11 8 19
600363 10 9 19
000006 9 10 19
601777 10 9 19
600221 8 11 19
002228 10 9 19
002084 11 8 19
600161 8 11 19
000978 10 9 19
002231 10 9 19
000960 10 9 19
002169 11 8 19
600717 9 10 19
000524 10 9 19
002583 8 11 19
000983 14 5 19
002637 8 11 19
601899 10 9 19
600590 12 7 19
600595 10 9 19
002651 11 8 19
002331 11 7 18
002339 10 8 18
002587 10 8 18
002245 10 8 18
002078 9 9 18
600303 9 9 18
600126 8 10 18
300151 9 9 18
002184 12 6 18
600426 9 9 18
300094 10 8 18
600188 10 8 18
002154 10 8 18
002713 9 9 18
000158 10 8 18
300172 10 8 18
002090 10 8 18
002098 9 9 18
002178 8 10 18
000738 7 11 18
300358 9 9 18
002029 8 10 18
600277 11 7 18
300028 10 8 18
002566 10 8 18
000521 8 10 18
002031 10 8 18
002630 4 14 18
600546 8 10 18
300250 10 7 17
000407 10 7 17
002467 9 8 17
000799 9 8 17
601666 8 9 17
300119 6 11 17
600135 8 9 17
601233 10 7 17
600018 9 8 17
000697 9 8 17
300149 7 10 17
002511 9 8 17
600143 9 8 17
601567 9 8 17
000598 8 9 17
600683 10 7 17
600197 8 9 17
002431 7 10 17
300095 9 8 17
002404 9 8 17
300395 8 9 17
300370 9 8 17
600750 12 5 17
002418 9 8 17
300187 8 9 17
600377 9 8 17
002541 9 8 17
002380 9 8 17
600642 9 8 17
000059 11 6 17
300328 8 9 17
002626 9 8 17
600869 9 8 17
600716 11 6 17
002631 8 9 17
600056 6 11 17
300310 8 9 17
601519 9 8 17
600581 8 8 16
002469 8 8 16
600480 9 7 16
600482 8 8 16
000415 8 8 16
000417 10 6 16
002472 8 8 16
300299 8 8 16
002045 9 7 16
002447 10 6 16
600460 9 7 16
000507 8 8 16
000753 8 8 16
600780 10 6 16
600237 8 8 16
000807 9 7 16
000620 6 10 16
000027 10 6 16
300081 10 6 16
002149 7 9 16
600405 6 10 16
002282 9 7 16
000536 7 9 16
300181 8 8 16
600527 6 10 16
002553 7 9 16
600640 8 8 16
600397 8 8 16
000725 9 7 16
600251 9 7 16
601258 9 7 16
002639 8 8 16
002155 10 6 16
300301 8 8 16
300302 9 7 16
000880 10 6 16
002129 8 8 16
600114 8 8 16
601866 9 6 15
600613 8 7 15
002663 5 10 15
002326 8 7 15
600481 8 7 15
000789 7 8 15
000758 10 5 15
300261 8 7 15
000430 7 8 15
002599 8 7 15
600815 7 8 15
600141 7 8 15
000777 9 6 15
000962 8 7 15
300389 8 7 15
000511 7 8 15
002226 4 11 15
002532 7 8 15
000026 8 7 15
000906 8 7 15
601002 7 8 15
600757 7 8 15
000705 8 7 15
300184 7 8 15
601100 8 7 15
002399 7 8 15
600749 9 6 15
000731 7 8 15
601929 9 6 15
600888 10 5 15
600390 8 7 15
002618 7 8 15
600269 8 7 15
600310 8 7 15
002571 6 9 15
002156 8 7 15
002357 8 7 15
601890 7 8 15
000889 8 7 15
600845 7 8 15
000501 10 5 15
002247 8 6 14
600824 7 7 14
300123 7 7 14
000931 7 7 14
600123 8 6 14
600805 9 5 14
600206 7 7 14
600216 6 8 14
300368 8 6 14
600166 7 7 14
000628 8 6 14
002235 7 7 14
000965 6 8 14
601919 8 6 14
600526 8 6 14
300194 8 6 14
002388 7 7 14
600644 8 6 14
002612 7 7 14
002372 6 8 14
002286 6 8 14
002284 6 8 14
002042 8 6 14
300022 7 7 14
600862 9 5 14
600455 8 6 14
601898 8 6 14
603019 7 7 14
601872 8 6 14
300316 8 6 14
002654 7 7 14
000877 7 7 14
601677 7 6 13
002069 6 7 13
002661 7 6 13
300114 9 4 13
600551 6 7 13
300278 10 3 13
600833 7 6 13
600836 8 5 13
002260 7 6 13
600639 7 6 13
600635 7 6 13
002684 7 6 13
603168 6 7 13
300046 8 5 13
002306 6 7 13
600791 5 8 13
600378 8 5 13
002695 6 7 13
002452 8 5 13
000599 6 7 13
002509 8 5 13
600177 6 7 13
600693 9 4 13
002533 8 5 13
600189 7 6 13
000571 6 7 13
300398 6 7 13
300396 6 7 13
002522 7 6 13
002521 7 6 13
002417 6 7 13
002549 6 7 13
600063 6 7 13
002616 7 6 13
600257 7 6 13
600476 8 5 13
600005 5 8 13
603077 6 7 13
600866 7 6 13
002582 7 6 13
300233 7 6 13
002640 8 5 13
300229 7 6 13
600713 6 7 13
300009 8 5 13
002342 6 7 13
000893 6 7 13
000099 6 6 12
300107 5 7 12
600616 6 6 12
600246 7 5 12
000403 7 5 12
002463 6 6 12
300068 7 5 12
002251 5 7 12
600139 5 7 12
300279 6 6 12
300272 6 6 12
300052 6 6 12
002448 8 4 12
600469 7 5 12
600802 8 4 12
002053 6 6 12
002411 6 6 12
603328 5 7 12
300154 7 5 12
000012 6 6 12
600997 6 6 12
002536 6 6 12
002159 5 7 12
000572 5 7 12
300371 6 6 12
601369 8 4 12
600098 6 6 12
000825 7 5 12
300354 7 5 12
600466 7 5 12
000838 7 5 12
002110 6 6 12
002025 5 7 12
600475 4 8 12
000065 9 3 12
300204 8 4 12
300331 6 6 12
002105 6 6 12
000980 6 6 12
000650 6 6 12
002341 7 5 12
002011 5 7 12
600367 7 4 11
300076 6 5 11
300103 5 6 11
300100 7 4 11
002256 7 4 11
002070 7 4 11
600007 8 3 11
300057 5 6 11
300294 6 5 11
002313 6 5 11
002269 6 5 11
601718 5 6 11
002195 6 5 11
000910 6 5 11
000911 4 7 11
002428 5 6 11
600211 6 5 11
600688 5 6 11
600192 6 5 11
300388 5 6 11
600169 5 6 11
300080 5 6 11
600243 5 6 11
000966 7 4 11
000921 4 7 11
002552 5 6 11
600528 6 5 11
002607 4 7 11
000050 6 5 11
300327 5 6 11
601126 4 7 11
300031 6 5 11
002116 6 5 11
600387 4 7 11
000663 5 6 11
002290 5 6 11
603806 4 7 11
002648 1 10 11
300222 4 7 11
300318 6 5 11
600593 7 4 11
002010 5 6 11
002650 4 7 11
002655 6 5 11
000897 6 5 11
002196 5 5 10
002194 5 5 10
002243 6 4 10
600823 5 5 10
600825 5 5 10
002254 5 5 10
002476 6 4 10
000780 5 5 10
601991 5 5 10
002316 5 5 10
600128 7 3 10
000759 4 6 10
002302 6 4 10
601226 3 7 10
000920 5 5 10
600812 5 5 10
600811 6 4 10
300218 5 5 10
600170 6 4 10
600173 5 5 10
000762 5 5 10
600992 7 3 10
000629 6 4 10
300399 6 4 10
300397 4 6 10
601908 4 6 10
000861 6 4 10
002233 5 5 10
002524 3 7 10
002419 6 4 10
000812 4 6 10
000700 5 5 10
300340 5 5 10
002559 5 5 10
002601 4 6 10
002387 6 4 10
600889 5 5 10
600648 6 4 10
000830 5 5 10
002578 5 5 10
002112 7 3 10
000539 7 3 10
000996 5 5 10
000061 2 8 10
601139 4 6 10
002297 6 4 10
002586 5 5 10
000987 5 5 10
600283 4 6 10
300236 5 5 10
002133 5 5 10
600673 5 5 10
300221 7 3 10
300220 6 4 10
002347 6 4 10
002121 6 4 10
000502 5 5 10
000652 6 4 10
600784 5 4 9
300256 5 4 9
002333 4 5 9
600826 4 5 9
002494 4 5 9
600488 5 4 9
002675 5 4 9
600004 4 5 9
002267 4 5 9
600496 7 2 9
002686 5 4 9
000680 6 3 9
600467 5 4 9
002056 6 3 9
300148 4 5 9
300141 5 4 9
002510 3 6 9
600148 6 3 9
002424 3 6 9
000008 5 4 9
600680 4 5 9
000582 5 4 9
000766 5 4 9
300366 5 4 9
601168 6 3 9
600162 3 6 9
600167 6 3 9
002408 5 4 9
300175 4 5 9
000863 6 3 9
002237 5 4 9
600530 5 4 9
002099 5 4 9
300180 5 4 9
300349 3 6 9
002391 3 6 9
002171 4 5 9
000043 5 4 9
002381 5 4 9
002389 5 4 9
002167 7 2 9
000055 5 4 9
600658 5 4 9
300333 5 4 9
002298 6 3 9
002034 5 4 9
002581 5 4 9
000078 5 4 9
002136 5 4 9
600675 5 4 9
002003 5 4 9
002645 5 4 9
002345 4 5 9
603001 6 3 9
300258 5 3 8
002335 5 3 8
600617 5 3 8
000409 5 3 8
002668 5 3 8
300249 5 3 8
300064 5 3 8
600822 5 3 8
002259 5 3 8
002255 3 5 8
300297 4 4 8
002682 4 4 8
600012 5 3 8
000687 4 4 8
300169 5 3 8
601313 4 4 8
600575 4 4 8
000693 4 4 8
000698 4 4 8
002144 5 3 8
600810 3 5 8
002426 4 4 8
000597 5 3 8
300156 5 3 8
600682 5 3 8
002188 4 4 8
600425 4 4 8
600358 5 3 8
300097 5 3 8
300167 4 4 8
002220 4 4 8
600505 5 3 8
600507 4 4 8
002719 4 4 8
000711 5 3 8
300393 5 3 8
300373 3 5 8
002092 4 4 8
002702 4 4 8
600403 4 4 8
000703 6 2 8
300345 5 3 8
300346 4 4 8
600386 4 4 8
000829 4 4 8
600084 4 4 8
600260 4 4 8
000610 4 4 8
300216 4 4 8
300320 5 3 8
600552 3 5 8
300208 4 4 8
002107 3 5 8
600285 4 4 8
300018 6 2 8
002002 3 5 8
600459 4 4 8
600236 4 4 8
000089 4 4 8
603128 5 3 8
600601 4 4 8
600368 3 4 7
300105 3 4 7
300240 4 3 7
300247 4 3 7
600731 2 5 7
600828 3 4 7
002072 5 2 7
002074 4 3 7
600318 3 4 7
603111 3 4 7
601008 5 2 7
600630 4 3 7
000930 3 4 7
600545 4 3 7
600806 3 4 7
300134 3 4 7
600152 3 4 7
600320 4 3 7
002206 5 2 7
002736 7 0 7
600873 4 3 7
002180 4 3 7
000018 5 2 7
601015 3 4 7
600510 3 4 7
600508 4 3 7
600501 4 3 7
600503 4 3 7
002082 3 4 7
600439 2 5 7
300082 4 3 7
002413 4 3 7
000030 4 3 7
000828 4 3 7
002397 4 3 7
600745 4 3 7
002172 4 3 7
600529 3 4 7
000950 5 2 7
002602 4 3 7
300403 3 4 7
000045 3 4 7
002492 4 3 7
300193 4 3 7
300355 3 4 7
600647 5 2 7
600641 4 3 7
002611 3 4 7
002613 3 4 7
603609 3 4 7
002378 3 4 7
000995 3 4 7
002562 4 3 7
002106 2 5 7
002039 5 2 7
000518 4 3 7
600297 4 3 7
603018 3 4 7
000878 4 3 7
600360 3 3 6
300108 3 3 6
002240 3 3 6
600611 3 3 6
600035 3 3 6
600101 3 3 6
600328 3 3 6
002660 3 3 6
300067 3 3 6
002320 3 3 6
300117 3 3 6
600629 3 3 6
002075 3 3 6
002076 3 3 6
002679 3 3 6
600307 4 2 6
000546 3 3 6
002264 3 3 6
600638 2 4 6
002689 2 4 6
600540 3 3 6
300048 2 4 6
600808 3 3 6
002275 4 2 6
002278 3 3 6
600589 3 3 6
600797 3 3 6
002697 3 3 6
600577 4 2 6
600578 4 2 6
600209 3 3 6
002143 3 3 6
600971 4 2 6
002198 3 3 6
000918 3 3 6
600565 3 3 6
600560 4 2 6
000591 3 3 6
000593 3 3 6
601969 3 3 6
600963 3 3 6
600965 3 3 6
300158 3 3 6
002503 4 2 6
002186 3 3 6
000587 4 2 6
002721 3 3 6
002729 2 4 6
600353 3 3 6
600779 3 3 6
300385 3 3 6
300382 3 3 6
300161 2 4 6
300365 3 3 6
002224 3 3 6
002225 3 3 6
002221 1 5 6
600760 3 3 6
000570 3 3 6
000717 3 3 6
000488 4 2 6
000021 4 2 6
600354 4 2 6
601177 3 3 6
600758 3 3 6
000561 3 3 6
600099 3 3 6
000637 3 3 6
002287 2 4 6
600798 3 3 6
300186 3 3 6
601106 4 2 6
600523 3 3 6
000820 3 3 6
000951 4 2 6
000735 3 3 6
300401 3 3 6
002542 4 2 6
002168 3 3 6
002162 3 3 6
000721 3 3 6
000839 3 3 6
300215 3 3 6
002370 3 3 6
600723 3 3 6
002289 3 3 6
600093 4 2 6
002283 3 3 6
600656 3 3 6
600071 3 3 6
600078 3 3 6
002021 3 3 6
000993 4 2 6
002621 3 3 6
002627 3 3 6
000066 2 4 6
002365 3 3 6
002361 3 3 6
002291 3 3 6
600668 3 3 6
600664 3 3 6
600666 2 4 6
002033 3 3 6
002032 2 4 6
000677 3 3 6
000608 3 3 6
002150 3 3 6
300305 3 3 6
002359 4 2 6
002350 3 3 6
600671 3 3 6
600059 1 5 6
600458 3 3 6
603126 3 3 6
300317 3 3 6
600841 3 3 6
002014 3 3 6
000899 3 3 6
000151 3 2 5
601678 2 3 5
002246 4 1 5
000979 3 2 5
600107 2 3 5
000798 5 0 5
603368 3 2 5
000902 3 2 5
600736 3 2 5
002077 4 1 5
600132 2 3 5
002479 2 3 5
002478 3 2 5
300056 4 1 5
300125 2 3 5
300264 3 2 5
300044 3 2 5
000923 2 3 5
002457 3 2 5
600350 3 2 5
002208 2 3 5
600326 3 2 5
600781 4 1 5
600785 4 1 5
600568 3 2 5
600771 3 2 5
002435 3 2 5
600516 3 2 5
600223 2 3 5
002724 1 4 5
603555 3 2 5
300091 4 1 5
300163 3 2 5
002151 1 4 5
601588 2 3 5
600239 2 3 5
600238 3 2 5
000025 3 2 5
600985 2 3 5
000900 4 1 5
600537 2 3 5
002095 3 2 5
000638 3 2 5
600097 2 3 5
603993 3 2 5
601727 2 3 5
002395 2 3 5
002177 4 1 5
000600 3 2 5
000603 2 3 5
000606 3 2 5
300192 3 2 5
002546 3 2 5
002548 2 3 5
002384 3 2 5
002161 4 1 5
000410 3 2 5
002026 3 2 5
600556 3 2 5
002360 3 2 5
600444 3 2 5
300408 3 2 5
600022 4 1 5
600023 3 2 5
000922 3 2 5
600917 1 4 5
300019 2 3 5
002351 3 2 5
600706 3 2 5
600058 3 2 5
600456 2 3 5
000881 2 3 5
600112 3 2 5
002190 2 2 4
601188 2 2 4
600854 2 2 4
002485 2 2 4
002486 2 2 4
002669 2 2 4
002461 2 2 4
300120 2 2 4
000792 2 2 4
000791 3 1 4
000022 2 2 4
603100 1 3 4
600291 2 2 4
600293 2 2 4
603369 1 3 4
300062 2 2 4
600883 3 1 4
300116 2 2 4
002499 2 2 4
002258 2 2 4
600626 3 1 4
600621 2 2 4
002079 2 2 4
600131 2 2 4
600311 2 2 4
002677 2 2 4
002471 2 2 4
000908 2 2 4
000301 2 2 4
601001 2 2 4
002044 2 2 4
002043 2 2 4
600490 2 2 4
000429 3 1 4
000936 2 2 4
002685 2 2 4
002680 2 2 4
000756 2 2 4
300282 2 2 4
002308 3 1 4
002307 2 2 4
300132 2 2 4
002270 3 1 4
600586 2 2 4
002054 2 2 4
002058 2 2 4
002691 2 2 4
600573 2 2 4
000692 2 2 4
002330 2 2 4
600973 2 2 4
601038 2 2 4
002200 2 2 4
000404 2 2 4
002199 2 2 4
002732 1 3 4
002213 2 2 4
601798 1 3 4
600684 3 1 4
002430 2 2 4
601579 1 3 4
600226 2 2 4
000016 2 2 4
300099 2 2 4
600861 2 2 4
600692 2 2 4
600696 2 2 4
002538 3 1 4
002530 2 2 4
600160 2 2 4
600235 2 2 4
600231 2 2 4
600230 2 2 4
000573 3 1 4
002716 2 2 4
002717 2 2 4
603188 1 3 4
600987 2 2 4
600356 2 2 4
300176 2 2 4
300179 3 1 4
300376 2 2 4
002238 2 2 4
002147 2 2 4
600248 1 3 4
000701 2 2 4
000036 2 2 4
000035 2 2 4
300342 2 2 4
000926 2 2 4
601107 2 2 4
002393 3 1 4
000552 2 2 4
000554 2 2 4
000605 3 1 4
000609 2 2 4
300407 2 2 4
300406 2 2 4
002543 2 2 4
600279 3 1 4
600734 2 2 4
600735 2 2 4
600738 2 2 4
002406 2 2 4
600086 2 2 4
002617 2 2 4
002619 2 2 4
000836 2 2 4
600449 1 3 4
300214 2 2 4
300325 2 2 4
300035 2 2 4
002288 2 2 4
000534 3 1 4
600380 3 1 4
002620 2 2 4
002622 2 2 4
002623 2 2 4
000665 2 2 4
300201 2 2 4
300029 2 2 4
002560 2 2 4
600719 2 2 4
600665 2 2 4
002036 2 2 4
000989 2 2 4
000985 3 1 4
000856 2 2 4
000679 2 2 4
300304 2 2 4
600676 2 2 4
000519 2 2 4
600543 2 2 4
002643 2 2 4
002644 3 1 4
000862 2 2 4
600346 2 2 4
600711 1 3 4
002125 2 2 4
002128 3 1 4
600592 2 2 4
600116 2 2 4
600336 2 2 4
600331 2 2 4
002656 2 2 4
000655 2 2 4
601880 2 2 4
600361 2 2 4
603002 2 2 4
600851 1 2 3
300106 1 2 3
300102 3 0 3
600039 1 2 3
000790 2 1 3
002323 2 1 3
002324 2 1 3
600289 1 2 3
600829 2 1 3
600691 3 0 3
002252 2 1 3
600483 2 1 3
600137 1 2 3
000416 2 1 3
000785 2 1 3
600834 2 1 3
000426 2 1 3
600302 1 2 3
000422 2 1 3
000428 3 0 3
600548 2 1 3
300239 2 1 3
300042 2 1 3
002274 2 1 3
002052 2 1 3
002050 2 1 3
600159 2 1 3
000928 3 0 3
002141 2 1 3
601958 2 1 3
300143 1 2 3
002517 1 2 3
601566 1 2 3
600213 1 2 3
300153 2 1 3
600178 2 1 3
600172 1 2 3
002728 2 1 3
600355 2 1 3
600359 2 1 3
000761 1 2 3
600777 2 1 3
603088 1 2 3
300387 2 1 3
000014 2 1 3
000517 1 2 3
300093 2 1 3
002222 1 2 3
000719 2 1 3
000710 2 1 3
600896 2 1 3
300391 1 2 3
300390 1 2 3
600724 2 1 3
300174 2 1 3
601003 2 1 3
300375 1 2 3
002706 1 2 3
300185 1 2 3
600748 2 1 3
601101 2 1 3
000042 3 0 3
000040 2 1 3
300191 2 1 3
600082 1 2 3
600069 1 2 3
000619 2 1 3
603518 1 2 3
002377 2 1 3
600898 2 1 3
002114 1 2 3
000537 2 1 3
600072 1 2 3
600478 1 2 3
000990 2 1 3
600555 2 1 3
000068 2 1 3
002088 2 1 3
002109 1 2 3
000526 2 1 3
002634 1 2 3
000070 2 1 3
300234 2 1 3
002403 1 2 3
002006 2 1 3
000802 2 1 3
000088 3 0 3
002564 1 2 3
300225 1 2 3
002362 1 2 3
300311 1 2 3
600844 2 1 3
600847 1 2 3
002122 2 1 3
600606 2 1 3
600608 1 2 3
000875 2 1 3
300122 0 3 3
000982 0 3 3
000096 1 1 2
600789 1 1 2
000159 1 1 2
000913 1 1 2
002336 1 1 2
002337 1 1 2
300109 1 1 2
002487 1 1 2
600619 1 1 2
600838 1 1 2
002062 1 1 2
600321 1 1 2
600322 1 1 2
002667 1 1 2
603003 1 1 2
603699 1 1 2
300069 1 1 2
601199 1 1 2
600988 1 1 2
600622 1 1 2
002071 1 1 2
002671 1 1 2
002670 1 1 2
000909 1 1 2
001896 1 1 2
600306 1 1 2
300270 1 1 2
300292 1 1 2
002319 1 1 2
600830 1 1 2
002265 1 1 2
002040 1 1 2
601518 1 1 2
600127 1 1 2
600121 1 1 2
603099 1 1 2
000935 1 1 2
002687 1 1 2
002681 1 1 2
002442 1 1 2
600017 1 1 2
000688 1 1 2
603166 1 1 2
600463 1 1 2
600393 1 1 2
603306 1 1 2
000419 1 1 2
300138 1 1 2
300135 1 1 2
002277 1 1 2
002272 1 1 2
000833 1 1 2
002057 1 1 2
002059 1 1 2
002591 1 1 2
600796 1 1 2
000929 1 1 2
002696 1 1 2
002692 1 1 2
002455 1 1 2
002451 1 1 2
600202 1 1 2
000506 1 1 2
600262 1 1 2
000695 1 1 2
600814 1 1 2
000420 1 1 2
002201 2 0 2
002204 1 1 2
002209 1 1 2
002512 1 1 2
600241 1 1 2
000058 1 1 2
600365 2 0 2
002420 1 1 2
002427 1 1 2
600569 1 1 2
600215 1 1 2
000967 1 1 2
600960 1 1 2
002210 1 1 2
002212 1 1 2
002218 1 1 2
600179 1 1 2
600778 1 1 2
600774 1 1 2
600512 1 1 2
600220 1 1 2
600225 1 1 2
000586 1 1 2
000589 1 1 2
002723 1 1 2
000760 1 1 2
300384 1 1 2
603333 1 1 2
000010 1 1 2
000019 1 1 2
300092 1 1 2
600448 1 1 2
601010 1 1 2
601011 1 1 2
600764 1 1 2
000803 1 1 2
002715 1 1 2
002718 1 1 2
000973 1 1 2
000626 1 1 2
000156 1 1 2
002087 2 0 2
000020 1 1 2
000029 1 1 2
600984 1 1 2
600986 1 1 2
300089 1 1 2
600725 2 0 2
300372 1 1 2
002232 1 1 2
002523 1 1 2
000545 1 1 2
600756 1 1 2
600531 1 1 2
600532 1 1 2
600539 1 1 2
002097 1 1 2
000818 1 1 2
600242 1 1 2
000565 1 1 2
000564 1 1 2
000563 1 1 2
002700 1 1 2
000968 1 1 2
000708 1 1 2
000702 1 1 2
000498 1 1 2
000636 1 1 2
000631 1 1 2
600094 1 1 2
603998 1 1 2
600370 1 1 2
002394 1 1 2
600747 1 1 2
600746 1 1 2
600744 1 1 2
002175 1 1 2
600382 1 1 2
002598 1 1 2
000551 1 1 2
600419 1 1 2
300198 1 1 2
601113 1 1 2
601116 1 1 2
002165 1 1 2
002164 1 1 2
600468 1 1 2
000723 1 1 2
600268 1 1 2
000056 1 1 2
300211 1 1 2
300321 1 1 2
002579 1 1 2
002374 1 1 2
600250 1 1 2
601636 1 1 2
002119 1 1 2
600654 1 1 2
000532 1 1 2
000531 1 1 2
002027 1 1 2
002593 1 1 2
002629 2 0 2
600278 1 1 2
000667 1 1 2
300330 1 1 2
000815 1 1 2
601137 1 1 2
002561 1 1 2
002103 1 1 2
000981 1 1 2
002636 1 1 2
002632 1 1 2
600288 1 1 2
000678 1 1 2
000670 1 1 2
000672 1 1 2
603399 1 1 2
600727 1 1 2
002355 1 1 2
600701 1 1 2
002137 1 1 2
000510 1 1 2
600051 1 1 2
000868 1 1 2
603011 1 1 2
000882 1 1 2
603123 1 1 2
600732 1 1 2
600423 1 1 2
600864 1 1 2
600710 1 1 2
002343 1 1 2
600848 1 1 2
600843 1 1 2
600846 2 0 2
600599 1 1 2
600604 1 1 2
600119 1 1 2
600117 1 1 2
600110 1 1 2
000657 1 1 2
000892 1 1 2
600345 0 2 2
601216 0 2 2
600218 0 2 2
601016 0 2 2
600088 0 2 2
000850 0 2 2
000809 0 2 2
002066 1 0 1
603588 1 0 1
002263 1 0 1
002328 1 0 1
300112 1 0 1
002495 1 0 1
300276 1 0 1
300051 1 0 1
002047 1 0 1
600491 1 0 1
002443 1 0 1
300040 1 0 1
002301 1 0 1
002694 1 0 1
000751 1 0 1
000690 1 0 1
600561 1 0 1
002737 1 0 1
600515 1 0 1
000011 1 0 1
603889 1 0 1
300362 1 0 1
600769 1 0 1
002083 1 0 1
601007 1 0 1
000885 1 0 1
600533 1 0 1
002093 1 0 1
000813 1 0 1
000567 1 0 1
000635 1 0 1
600095 1 0 1
000548 1 0 1
600821 1 0 1
000737 1 0 1
002600 1 0 1
000048 1 0 1
000544 1 0 1
000722 1 0 1
000837 1 0 1
000616 1 0 1
603606 1 0 1
600652 1 0 1
603017 1 0 1
300200 1 0 1
600435 1 0 1
600020 1 0 1
300230 1 0 1
300237 1 0 1
600052 1 0 1
002130 1 0 1
600295 1 0 1
600258 1 0 1
600865 1 0 1
002120 1 0 1
600333 1 0 1
600105 0 1 1
002468 0 1 1
002322 0 1 1
600628 0 1 1
002473 0 1 1
002693 0 1 1
002733 0 1 1
002211 0 1 1
600193 0 1 1
002726 0 1 1
002534 0 1 1
600433 0 1 1
002086 0 1 1
002239 0 1 1
600751 0 1 1
000633 0 1 1
601616 0 1 1
002173 0 1 1
300400 0 1 1
002166 0 1 1
000720 0 1 1
600317 0 1 1
002625 0 1 1
000953 0 1 1
