600585 162 184 346
600036 192 148 340
601318 143 194 337
000858 183 142 325
601166 150 154 304
600048 151 127 278
600000 157 119 276
601601 133 133 266
600519 150 115 265
600016 156 108 264
000063 123 116 239
000002 124 109 233
600030 119 106 225
601699 99 125 224
601088 125 94 219
600104 114 94 208
000568 108 100 208
600383 116 90 206
600362 85 116 201
000937 94 104 198
000651 108 90 198
600031 97 99 196
600050 102 94 196
600015 109 75 184
000401 85 98 183
600887 104 78 182
000527 93 81 174
000157 88 79 167
000423 95 69 164
000630 67 93 160
600518 81 76 157
000983 64 90 154
000629 77 69 146
002024 66 80 146
600068 63 78 141
002106 59 81 140
600123 60 80 140
600309 69 70 139
601766 62 74 136
000024 76 52 128
601006 71 56 127
000001 72 54 126
000895 65 60 125
000039 49 74 123
000877 60 61 121
600376 62 58 120
600395 53 66 119
600029 52 65 117
600348 60 57 117
600188 59 56 115
600875 54 58 112
600970 48 57 105
601299 47 58 105
600837 60 45 105
601288 57 48 105
600809 51 54 105
600406 54 48 102
601668 53 47 100
002073 53 46 99
600271 54 43 97
601117 46 51 97
601009 55 39 94
600276 42 51 93
000581 45 48 93
002155 44 49 93
002304 47 46 93
002001 51 41 92
000069 53 37 90
000933 49 41 90
600547 41 49 90
600690 39 50 89
000680 39 50 89
000538 52 35 87
600028 48 39 87
600111 37 50 87
600739 43 43 86
600537 42 41 83
000792 37 45 82
601169 40 42 82
600425 39 41 80
600805 41 38 79
601888 45 33 78
000998 37 39 76
601111 25 51 76
600089 35 41 76
600125 36 39 75
002123 34 41 75
000012 28 46 74
600581 39 34 73
600801 31 42 73
002146 36 36 72
601989 28 44 72
600079 39 33 72
600019 39 33 72
002038 38 33 71
600694 36 35 71
000338 37 33 70
601628 36 32 68
000425 21 47 68
000528 35 32 67
600415 27 40 67
601101 31 36 67
002008 28 39 67
601808 29 38 67
600267 36 31 67
600418 31 35 66
000422 25 41 66
600600 32 34 66
600143 32 32 64
600354 28 35 63
000960 29 34 63
600859 40 22 62
600256 25 37 62
600150 29 32 61
000876 33 28 61
600497 32 28 60
002236 35 24 59
600588 38 21 59
601899 29 30 59
600549 31 28 59
600176 24 33 57
000869 33 24 57
600498 28 29 57
000776 31 25 56
600312 24 32 56
600009 38 18 56
000729 25 31 56
600458 24 31 55
002142 28 26 54
600066 30 24 54
600720 29 24 53
600742 27 26 53
002041 26 27 53
600096 22 30 52
600535 26 26 52
000009 20 32 52
000789 20 32 52
600216 31 20 51
000596 27 24 51
000540 24 27 51
601607 17 32 49
601857 24 25 49
600795 30 18 48
600997 28 20 48
600153 27 20 47
600741 23 24 47
002006 21 26 47
002081 21 26 47
002007 25 21 46
000800 21 25 46
600496 18 28 46
600208 26 19 45
600582 27 18 45
601398 23 22 45
600141 20 25 45
002129 17 28 45
002375 26 18 44
002029 27 17 44
601106 22 22 44
002422 25 18 43
600060 24 18 42
600426 21 21 42
000887 17 25 42
600266 23 19 42
600489 19 23 42
000417 24 17 41
601678 19 22 41
000400 23 18 41
000961 20 21 41
600900 24 17 41
000623 22 18 40
601717 21 19 40
002230 17 23 40
000060 16 24 40
002241 23 17 40
002415 25 15 40
600252 16 23 39
600750 19 20 39
000826 21 18 39
600261 18 21 39
601168 16 23 39
000926 18 20 38
000550 19 19 38
601377 20 18 38
600729 24 13 37
000402 24 13 37
600316 20 16 36
600416 17 19 36
000758 15 21 36
600660 17 18 35
600664 8 27 35
000778 18 17 35
600880 20 15 35
601998 18 17 35
601898 19 16 35
000848 16 19 35
600881 18 17 35
002344 18 17 35
000061 16 19 35
600038 17 17 34
000968 16 18 34
000823 18 16 34
600160 11 23 34
600583 13 20 33
000635 15 18 33
601818 16 17 33
000650 14 19 33
600502 13 20 33
000807 16 17 33
601186 13 19 32
002140 17 15 32
600240 13 19 32
000969 14 18 32
600516 12 20 32
000759 16 16 32
002086 18 14 32
600166 10 22 32
600118 19 13 32
600337 15 17 32
600239 19 13 32
600893 13 18 31
600157 15 16 31
300070 19 12 31
002244 19 12 31
000709 16 15 31
601328 13 18 31
601566 21 10 31
600318 17 14 31
600636 12 19 31
600546 18 13 31
600388 13 17 30
600298 15 15 30
002091 13 17 30
002564 20 10 30
300115 19 11 30
600702 15 15 30
600199 15 15 30
600456 16 14 30
002167 12 18 30
600467 15 15 30
600231 16 14 30
000718 14 16 30
600815 14 15 29
300027 19 10 29
600352 14 15 29
600331 17 12 29
002202 6 22 28
601666 11 17 28
601688 15 13 28
601939 11 17 28
600765 15 13 28
600339 14 14 28
600823 16 11 27
600221 11 16 27
002273 15 11 26
000028 15 11 26
000566 14 12 26
002293 16 10 26
600366 12 14 26
000501 13 13 26
601333 20 6 26
600511 14 12 26
002154 13 13 26
000970 14 12 26
002065 16 9 25
000799 15 10 25
600449 15 10 25
002475 15 10 25
600557 15 10 25
300124 17 8 25
600303 10 15 25
600085 12 13 25
000932 15 10 25
600594 17 8 25
600761 12 13 25
600570 13 11 24
000612 12 12 24
000597 15 9 24
002410 14 10 24
600963 9 15 24
002011 11 13 24
601992 13 11 24
600770 10 14 24
600428 10 14 24
601118 11 13 24
600637 15 9 24
002161 10 14 24
600703 9 15 24
000811 13 10 23
000783 12 11 23
600284 13 10 23
600499 9 14 23
600115 10 13 23
600195 16 7 23
002430 13 10 23
002299 11 12 23
600251 8 14 22
601179 9 13 22
002063 12 10 22
600100 9 13 22
002099 16 6 22
600320 13 9 22
002583 14 8 22
601669 20 2 22
600888 12 10 22
601208 11 11 22
600521 19 3 22
002152 16 6 22
000860 9 13 22
600835 11 11 22
000939 10 12 22
600482 10 12 22
000999 10 11 21
600858 12 9 21
600812 9 12 21
600971 9 12 21
002179 15 6 21
600559 12 9 21
600067 11 10 21
002249 13 7 20
002055 10 10 20
000698 10 10 20
601958 7 13 20
000513 6 14 20
600315 16 4 20
002450 10 10 20
600778 12 8 20
002310 10 10 20
600062 10 10 20
600169 6 14 20
600595 11 9 20
300216 14 6 20
600802 10 10 20
002277 12 7 19
600723 10 9 19
601866 8 11 19
000562 10 9 19
000963 13 6 19
002122 11 8 19
300020 16 3 19
600138 16 3 19
600673 7 12 19
600631 8 11 19
600697 16 3 19
000656 10 9 19
000893 9 10 19
002056 8 10 18
300101 10 8 18
600612 11 7 18
000639 12 6 18
600967 8 10 18
002601 10 8 18
002353 14 4 18
002436 10 8 18
002269 10 8 18
002261 7 11 18
002535 12 6 18
000878 6 12 18
600804 10 8 18
000530 10 7 17
600580 5 12 17
000708 9 8 17
600785 12 5 17
000988 6 11 17
002254 9 8 17
600522 4 13 17
300058 12 5 17
601933 10 7 17
002013 7 10 17
002482 12 4 16
600403 11 5 16
600816 9 7 16
600373 6 10 16
002033 6 10 16
000598 5 11 16
300068 10 6 16
600827 12 4 16
002177 9 7 16
600525 5 11 16
600485 8 8 16
600132 10 6 16
600550 9 7 16
600685 8 8 16
600058 6 10 16
000888 12 4 16
002223 9 7 16
300105 10 6 16
601919 8 8 16
000099 7 8 15
002118 4 11 15
600475 5 10 15
002060 6 9 15
600693 6 9 15
601369 8 7 15
601788 7 8 15
600027 10 5 15
002176 7 8 15
600528 8 7 15
000551 7 8 15
000780 9 6 15
600268 6 9 15
000059 5 10 15
002400 9 6 15
300257 12 2 14
600010 7 7 14
601002 7 7 14
600290 7 7 14
002050 5 9 14
300080 7 7 14
000987 8 6 14
002250 10 4 14
002474 10 4 14
002408 6 8 14
002214 6 8 14
600686 9 5 14
600172 7 7 14
000762 4 10 14
002385 9 5 14
601390 8 6 14
600995 8 6 14
600644 7 7 14
000837 4 10 14
000755 5 9 14
000898 8 6 14
300134 8 6 14
300253 10 3 13
000911 6 7 13
300102 7 6 13
600479 6 7 13
000880 7 6 13
002069 6 7 13
300203 10 3 13
600869 3 10 13
600863 5 8 13
000927 9 4 13
600523 7 6 13
000825 8 5 13
600707 4 9 13
600688 9 4 13
600773 6 7 13
600295 8 5 13
002266 7 6 13
002042 5 8 13
002049 7 6 13
002089 8 5 13
002158 6 7 13
600117 7 6 13
601886 5 7 12
600655 7 5 12
300170 9 3 12
002485 9 3 12
600587 7 5 12
002068 6 6 12
300204 6 6 12
002092 5 7 12
600101 7 5 12
601988 6 6 12
300159 6 6 12
600327 5 7 12
600146 7 5 12
002035 6 6 12
601311 6 6 12
600072 5 7 12
000861 7 5 12
002079 5 7 12
002078 6 6 12
600468 6 6 12
002215 4 8 12
600439 5 7 12
000602 8 4 12
300228 7 5 12
002139 7 5 12
002503 6 6 12
002431 7 5 12
600517 7 5 12
600223 6 6 12
300022 6 6 12
600292 6 6 12
000559 1 11 12
000951 5 7 12
600121 8 4 12
600436 5 7 12
600063 6 6 12
300006 5 7 12
300048 7 5 12
000973 5 7 12
601216 6 5 11
300171 9 2 11
002233 4 7 11
600589 6 5 11
300142 6 5 11
002563 7 4 11
600866 5 6 11
300245 7 4 11
601718 8 3 11
002037 3 8 11
600563 6 5 11
000590 5 6 11
000850 6 5 11
300029 5 6 11
600469 6 5 11
600529 7 4 11
600139 5 6 11
601336 10 1 11
000415 4 7 11
300157 7 4 11
600056 5 6 11
002009 6 5 11
600236 6 5 11
600422 6 5 11
600884 5 6 11
600495 5 6 11
000426 3 8 11
000686 6 5 11
600011 7 4 11
002121 2 9 11
600332 3 8 11
000972 7 4 11
002051 6 4 10
300087 5 5 10
600724 6 4 10
300077 5 5 10
600392 5 5 10
000661 7 3 10
002480 3 7 10
600831 6 4 10
600754 8 2 10
002414 6 4 10
300039 7 3 10
002096 6 4 10
600108 3 7 10
600718 5 5 10
600325 7 3 10
600787 6 4 10
600069 3 7 10
300183 4 6 10
600375 5 5 10
000962 3 7 10
000671 4 6 10
300015 5 5 10
601799 7 3 10
002132 5 5 10
002138 3 7 10
300054 6 4 10
600307 4 6 10
300005 8 2 10
600844 2 8 10
600487 3 7 10
300035 6 4 10
000418 4 5 9
002117 2 7 9
000026 5 4 9
002458 5 4 9
002234 4 5 9
000666 3 6 9
002528 5 4 9
000420 3 6 9
300146 5 4 9
300144 5 4 9
600598 6 3 9
002298 5 4 9
002151 4 5 9
000915 5 4 9
002638 6 3 9
002325 7 2 9
002327 7 2 9
000777 4 5 9
300083 4 5 9
002490 5 4 9
600187 6 3 9
002253 5 4 9
601618 6 3 9
300088 7 2 9
002477 6 3 9
000786 4 5 9
600088 5 4 9
002185 4 5 9
600054 5 4 9
600226 4 5 9
601001 4 5 9
600999 5 4 9
600991 2 7 9
300090 4 5 9
000727 4 5 9
002308 6 3 9
600460 5 4 9
002080 1 8 9
002153 5 4 9
600806 4 5 9
600258 2 6 8
002376 4 4 8
600895 4 4 8
600784 4 4 8
300251 7 1 8
000503 4 4 8
000625 4 4 8
002021 4 4 8
002028 4 4 8
002457 5 3 8
600572 1 7 8
300074 6 2 8
000669 4 4 8
000046 4 4 8
600378 4 4 8
002094 2 6 8
002093 3 5 8
000816 2 6 8
002469 3 5 8
002206 5 3 8
601901 4 4 8
002251 4 4 8
002108 5 3 8
600326 4 4 8
002296 4 4 8
600280 4 4 8
002321 4 4 8
600828 4 4 8
600737 3 5 8
300111 4 4 8
002392 3 5 8
600386 3 5 8
600432 4 4 8
000822 4 4 8
600380 2 6 8
300274 5 3 8
600196 2 6 8
300229 4 4 8
600170 4 4 8
000768 5 3 8
600270 4 4 8
002264 3 5 8
600886 5 3 8
300223 4 4 8
002168 2 6 8
601877 6 2 8
002573 4 4 8
600642 5 3 8
000725 4 4 8
002226 5 3 8
300002 1 7 8
002128 3 5 8
600597 5 3 8
002405 6 2 8
600527 5 3 8
000978 3 5 8
600409 4 4 8
601918 4 4 8
000715 3 5 8
000410 4 4 8
600248 2 5 7
002115 4 3 7
002283 3 4 7
002025 5 2 7
002022 4 3 7
600387 3 4 7
002282 3 4 7
300018 3 4 7
002334 3 4 7
002232 2 5 7
600005 3 4 7
300104 4 3 7
002526 3 4 7
002484 4 3 7
002417 6 1 7
600531 2 5 7
600107 3 4 7
600323 3 4 7
600322 4 3 7
000561 4 3 7
600710 4 3 7
600782 4 3 7
000522 3 4 7
002582 5 2 7
300187 5 2 7
600289 1 6 7
002320 3 4 7
002551 5 2 7
002172 3 4 7
600481 4 3 7
600486 4 3 7
600586 3 4 7
601991 5 2 7
600879 5 2 7
600704 4 3 7
002082 4 3 7
002501 3 4 7
600177 4 3 7
000707 3 4 7
300050 5 2 7
002311 4 3 7
002541 4 3 7
002384 3 4 7
600198 4 3 7
600990 3 4 7
002612 5 2 7
300004 6 1 7
600183 3 4 7
600021 4 3 7
002017 2 5 7
002012 4 3 7
002303 2 5 7
002271 2 4 6
600086 3 3 6
002110 3 3 6
002281 4 2 6
600095 3 3 6
002285 4 2 6
002023 5 1 6
002456 2 4 6
300174 4 2 6
300079 4 2 6
300072 4 2 6
002238 2 4 6
600555 3 3 6
000610 3 3 6
600037 3 3 6
002061 3 3 6
300207 4 2 6
000543 4 2 6
600102 3 3 6
600976 2 4 6
002157 4 2 6
600811 3 3 6
600674 3 3 6
002518 3 3 6
002297 2 4 6
600668 3 3 6
002424 3 3 6
600288 2 4 6
300082 4 2 6
002557 5 1 6
002397 4 2 6
002479 1 5 6
600007 4 2 6
002603 5 1 6
002131 4 2 6
002506 3 3 6
600193 1 5 6
002004 3 3 6
300025 3 3 6
300198 3 3 6
300059 4 2 6
002268 3 3 6
002045 3 3 6
000930 3 3 6
600461 6 0 6
600713 1 5 6
000830 3 3 6
002340 5 1 6
002170 2 4 6
600018 3 3 6
002126 3 3 6
600161 3 3 6
601268 4 2 6
600763 5 1 6
600184 3 3 6
600257 3 3 6
300217 4 2 6
600098 1 5 6
600116 2 4 6
600503 1 5 6
300041 4 2 6
300168 3 3 6
600808 2 4 6
002290 2 4 6
300133 2 4 6
002571 4 1 5
002572 4 1 5
002052 4 1 5
000027 4 1 5
000536 2 3 5
002595 3 2 5
601003 4 1 5
601727 3 2 5
000100 3 2 5
002465 2 3 5
002292 1 4 5
002195 2 3 5
002039 3 2 5
002589 3 2 5
000089 3 2 5
300182 2 3 5
002322 3 2 5
002326 3 2 5
000679 2 3 5
002554 3 2 5
600628 2 3 5
002074 3 2 5
600961 3 2 5
002470 3 2 5
002010 1 4 5
002182 3 2 5
600779 4 1 5
600825 1 4 5
600340 2 3 5
002439 3 2 5
300024 2 3 5
300197 1 4 5
000541 2 3 5
000936 1 4 5
002549 3 2 5
601600 2 3 5
002368 3 2 5
002048 3 2 5
300222 4 1 5
000516 4 1 5
002449 1 4 5
600717 2 3 5
002309 3 2 5
600262 4 1 5
600246 2 3 5
600843 1 4 5
000713 2 3 5
300241 3 2 5
002432 2 3 5
002127 2 3 5
600803 3 2 5
600760 2 3 5
000507 1 4 5
002156 3 2 5
300219 3 2 5
600509 2 3 5
600360 3 2 5
002032 1 4 5
000430 3 2 5
300044 3 2 5
002104 1 4 5
000655 1 4 5
002302 3 2 5
000659 3 2 5
000050 1 4 5
601126 3 2 5
002336 0 5 5
002574 3 1 4
002294 3 1 4
600725 3 1 4
600780 2 2 4
300169 2 2 4
300256 3 1 4
300199 1 3 4
600790 1 3 4
000537 2 2 4
000925 1 3 4
300190 2 2 4
300086 1 3 4
002454 3 1 4
600576 1 3 4
600551 2 2 4
002242 2 2 4
600614 1 3 4
600616 1 3 4
002144 1 3 4
600536 2 2 4
300209 2 2 4
600106 3 1 4
002466 2 2 4
300003 2 2 4
002097 2 2 4
002369 4 0 4
300267 3 1 4
000919 2 2 4
600367 3 1 4
002034 2 2 4
000901 1 3 4
002584 2 2 4
000903 1 3 4
600219 2 2 4
600218 2 2 4
000592 2 2 4
000982 1 3 4
600978 2 2 4
002635 2 2 4
600282 2 2 4
002324 2 2 4
300064 1 3 4
002252 2 2 4
600626 2 2 4
600749 3 1 4
600983 2 2 4
000006 2 2 4
000419 2 2 4
600478 2 2 4
601100 4 0 4
000761 1 3 4
300010 3 1 4
300150 2 2 4
002217 2 2 4
002216 2 2 4
601098 3 1 4
600684 2 2 4
000021 2 2 4
600173 3 1 4
002181 3 1 4
002003 3 1 4
002437 1 3 4
000797 3 1 4
000589 3 1 4
600797 2 2 4
002313 2 2 4
600839 4 0 4
002212 1 3 4
600736 3 1 4
002163 1 3 4
000935 2 2 4
600993 4 0 4
002444 2 2 4
300096 3 1 4
002085 2 2 4
000721 2 2 4
600545 2 2 4
002345 2 2 4
002341 3 1 4
002349 3 1 4
000750 2 2 4
000049 2 2 4
002019 2 2 4
002014 3 1 4
300212 2 2 4
600507 2 2 4
600232 2 2 4
000875 2 2 4
002306 2 2 4
300136 2 2 4
002062 1 3 4
300036 3 1 4
300139 2 2 4
600410 0 4 4
600259 1 2 3
600894 2 1 3
600491 1 2 3
002054 2 1 3
300259 2 1 3
002407 1 2 3
600651 1 2 3
600075 1 2 3
002020 2 1 3
600260 2 1 3
000917 1 2 3
600055 2 1 3
600263 2 1 3
300108 1 2 3
002527 2 1 3
002522 1 2 3
002481 3 0 3
600039 3 0 3
002413 2 1 3
002066 2 1 3
002148 1 2 3
000563 2 1 3
002467 1 2 3
600571 1 2 3
002111 1 2 3
300026 2 1 3
300021 1 2 3
300143 2 1 3
002205 1 2 3
002036 1 2 3
002581 2 1 3
600798 2 1 3
002398 2 1 3
300186 1 2 3
600343 1 2 3
600488 1 2 3
300084 2 1 3
002550 2 1 3
002493 1 2 3
002497 2 1 3
600889 1 2 3
002396 1 2 3
600120 1 2 3
000921 1 2 3
002328 1 2 3
600151 1 2 3
600783 1 2 3
002511 2 1 3
600310 2 1 3
000829 2 1 3
600871 2 1 3
000779 2 1 3
000554 2 1 3
600006 1 2 3
300012 2 1 3
300152 2 1 3
300154 2 1 3
002136 2 1 3
000608 2 1 3
601798 3 0 3
600677 1 2 3
600776 2 1 3
600197 1 2 3
600059 2 1 3
600061 2 1 3
600051 2 1 3
300055 2 1 3
300195 1 2 3
601113 2 1 3
300122 2 1 3
002546 2 1 3
002218 2 1 3
002262 2 1 3
002165 2 1 3
002164 1 2 3
600064 3 0 3
002448 2 1 3
600862 1 2 3
000795 1 2 3
000683 2 1 3
002613 2 1 3
601010 3 0 3
300007 2 1 3
002221 1 2 3
000616 2 1 3
002401 1 2 3
600596 1 2 3
300260 2 1 3
600168 3 0 3
600163 1 2 3
600022 2 1 3
600833 1 2 3
002015 1 2 3
002159 2 1 3
300210 2 1 3
600508 1 2 3
600505 1 2 3
600335 1 2 3
600233 3 0 3
300046 3 0 3
300049 2 1 3
600283 1 2 3
002307 2 1 3
300135 1 2 3
300130 2 1 3
600420 0 3 3
600850 0 3 3
002428 0 3 3
300065 0 3 3
600740 0 3 3
001696 0 3 3
600178 0 3 3
300078 0 3 3
300034 0 3 3
002575 1 1 2
000627 1 1 2
000159 1 1 2
601555 1 1 2
600328 1 1 2
600657 1 1 2
601258 1 1 2
600966 1 1 2
300196 1 1 2
000534 1 1 2
002228 1 1 2
002594 2 0 2
002455 1 1 2
600389 1 1 2
000910 1 1 2
600578 1 1 2
600350 1 1 2
600202 1 1 2
600390 1 1 2
300215 1 1 2
000995 1 1 2
300179 2 0 2
601000 2 0 2
600663 1 1 2
000428 1 1 2
600552 2 0 2
002500 1 1 2
600584 2 0 2
300008 1 1 2
002421 1 1 2
600035 1 1 2
002258 1 1 2
000810 1 1 2
000813 1 1 2
002460 1 1 2
002088 2 0 2
600814 1 1 2
600351 1 1 2
002529 1 1 2
002562 1 1 2
002565 1 1 2
000632 1 1 2
601890 1 1 2
600712 1 1 2
002098 1 1 2
600090 1 1 2
300246 1 1 2
300127 1 1 2
600363 2 0 2
600365 1 1 2
002031 1 1 2
002211 1 1 2
600210 1 1 2
000022 1 1 2
002632 1 1 2
000594 1 1 2
600070 1 1 2
600435 1 1 2
600826 1 1 2
601199 1 1 2
002259 1 1 2
002255 1 1 2
601158 1 1 2
600620 1 1 2
600621 1 1 2
600748 1 1 2
601616 1 1 2
600311 1 1 2
600026 1 1 2
300230 1 1 2
600137 1 1 2
600969 1 1 2
600238 1 1 2
600008 1 1 2
000738 1 1 2
002607 1 1 2
600962 1 1 2
002600 1 1 2
600189 1 1 2
601028 1 1 2
600872 1 1 2
000785 1 1 2
300156 1 1 2
002210 1 1 2
002219 1 1 2
000600 1 1 2
000609 1 1 2
002419 2 0 2
002222 1 1 2
600870 1 1 2
600873 1 1 2
300011 1 1 2
600683 1 1 2
000839 1 1 2
600306 1 1 2
002614 1 1 2
600122 1 1 2
600675 1 1 2
000043 2 0 2
000518 1 1 2
002005 1 1 2
002433 1 1 2
600109 1 1 2
600512 1 1 2
600510 1 1 2
600220 1 1 2
601008 1 1 2
300056 1 1 2
300053 1 1 2
002643 1 1 2
002641 1 1 2
300193 1 1 2
000905 1 1 2
300178 1 1 2
002070 1 1 2
000883 1 1 2
300275 1 1 2
300126 1 1 2
002208 1 1 2
002540 2 0 2
002209 1 1 2
002187 1 1 2
002547 1 1 2
002186 1 1 2
002566 1 1 2
000631 1 1 2
300224 1 1 2
002169 1 1 2
000407 1 1 2
300180 1 1 2
000517 1 1 2
002441 1 1 2
002445 1 1 2
002446 1 1 2
002447 1 1 2
300093 1 1 2
000723 2 0 2
000726 2 0 2
601599 1 1 2
002301 1 1 2
002610 1 1 2
002220 2 0 2
300161 1 1 2
000617 1 1 2
600459 1 1 2
002539 1 1 2
300264 1 1 2
600606 1 1 2
600408 1 1 2
600830 1 1 2
600768 2 0 2
002291 2 0 2
002109 1 1 2
600237 1 1 2
000578 1 1 2
300045 1 1 2
002597 1 1 2
002147 1 1 2
600433 1 1 2
300282 1 1 2
000065 1 1 2
300137 1 1 2
000413 0 2 2
002247 0 2 2
000558 0 2 2
600078 0 2 2
002386 0 2 2
300206 0 2 2
002367 0 2 2
002100 0 2 2
002102 0 2 2
000989 0 2 2
600071 0 2 2
600738 0 2 2
002494 0 2 2
002399 0 2 2
600400 0 2 2
300155 0 2 2
002315 0 2 2
002043 0 2 2
000712 0 2 2
600185 0 2 2
600346 0 2 2
000716 0 2 2
300033 0 2 2
000062 1 0 1
000626 1 0 1
002378 1 0 1
601633 1 0 1
002116 1 0 1
600152 1 0 1
300258 1 0 1
002286 1 0 1
600791 1 0 1
000520 1 0 1
300191 1 0 1
000923 1 0 1
600987 1 0 1
600981 1 0 1
002371 1 0 1
300099 1 0 1
601007 1 0 1
600277 1 0 1
002338 1 0 1
000667 1 0 1
002486 1 0 1
002240 1 0 1
600033 1 0 1
300205 1 0 1
000815 1 0 1
300109 1 0 1
300202 1 0 1
300189 1 0 1
300140 1 0 1
600099 1 0 1
000637 1 0 1
000636 1 0 1
600592 1 0 1
600865 1 0 1
300244 1 0 1
000031 1 0 1
000037 1 0 1
002197 1 0 1
600665 1 0 1
600667 1 0 1
000918 1 0 1
000525 1 0 1
000788 1 0 1
002587 1 0 1
000548 1 0 1
600561 1 0 1
300181 1 0 1
300188 1 0 1
002631 1 0 1
002630 1 0 1
300062 1 0 1
600639 1 0 1
002358 1 0 1
300113 1 0 1
300118 1 0 1
002556 1 0 1
600744 1 0 1
300017 1 0 1
600960 1 0 1
000952 1 0 1
002604 1 0 1
000603 1 0 1
000606 1 0 1
002355 1 0 1
300271 1 0 1
002184 1 0 1
600053 1 0 1
000582 1 0 1
000584 1 0 1
000906 1 0 1
002317 1 0 1
000886 1 0 1
000429 1 0 1
601801 1 0 1
002260 1 0 1
600885 1 0 1
600882 1 0 1
002040 1 0 1
600129 1 0 1
600648 1 0 1
002440 1 0 1
600398 1 0 1
601928 1 0 1
600391 1 0 1
600287 1 0 1
300164 1 0 1
300167 1 0 1
000833 1 0 1
002343 1 0 1
600543 1 0 1
600841 1 0 1
600300 1 0 1
000720 1 0 1
002534 1 0 1
002622 1 0 1
300213 1 0 1
000016 1 0 1
000572 1 0 1
002651 1 0 1
300031 1 0 1
002559 1 0 1
300037 1 0 1
300132 1 0 1
300131 1 0 1
002279 0 1 1
002278 0 1 1
000151 0 1 1
002372 0 1 1
000090 0 1 1
600845 0 1 1
002245 0 1 1
002190 0 1 1
002243 0 1 1
000821 0 1 1
300255 0 1 1
600794 0 1 1
600379 0 1 1
300081 0 1 1
600985 0 1 1
600382 0 1 1
000913 0 1 1
000996 0 1 1
000997 0 1 1
300172 0 1 1
300177 0 1 1
600273 0 1 1
002333 0 1 1
002330 0 1 1
002335 0 1 1
002235 0 1 1
600855 0 1 1
601177 0 1 1
300103 0 1 1
002488 0 1 1
002411 0 1 1
000045 0 1 1
600321 0 1 1
600973 0 1 1
300148 0 1 1
002463 0 1 1
600533 0 1 1
002468 0 1 1
000965 0 1 1
600329 0 1 1
600819 0 1 1
002225 0 1 1
600372 0 1 1
600573 0 1 1
002204 0 1 1
000519 0 1 1
000521 0 1 1
000916 0 1 1
002586 0 1 1
000591 0 1 1
002229 0 1 1
300066 0 1 1
002464 0 1 1
300112 0 1 1
300119 0 1 1
002491 0 1 1
002412 0 1 1
002256 0 1 1
002438 0 1 1
002618 0 1 1
002077 0 1 1
600480 0 1 1
600255 0 1 1
002409 0 1 1
600553 0 1 1
600577 0 1 1
300051 0 1 1
000301 0 1 1
300158 0 1 1
601677 0 1 1
000700 0 1 1
002351 0 1 1
600269 0 1 1
600877 0 1 1
002418 0 1 1
002133 0 1 1
002507 0 1 1
600113 0 1 1
600774 0 1 1
000793 0 1 1
002435 0 1 1
002434 0 1 1
300141 0 1 1
300052 0 1 1
000900 0 1 1
600297 0 1 1
000885 0 1 1
000881 0 1 1
000767 0 1 1
000889 0 1 1
300120 0 1 1
300125 0 1 1
000571 0 1 1
600746 0 1 1
002053 0 1 1
002381 0 1 1
002387 0 1 1
600629 0 1 1
300225 0 1 1
600081 0 1 1
002362 0 1 1
600992 0 1 1
000979 0 1 1
600438 0 1 1
300151 0 1 1
002342 0 1 1
000753 0 1 1
000619 0 1 1
000751 0 1 1
000897 0 1 1
600186 0 1 1
002084 0 1 1
300240 0 1 1
600279 0 1 1
002404 0 1 1
300218 0 1 1
601588 0 1 1
600112 0 1 1
002188 0 1 1
002489 0 1 1
002300 0 1 1
000711 0 1 1
600135 0 1 1
002192 0 1 1
