601166 276 335 611
000002 276 315 591
600016 250 298 548
601318 248 292 540
600048 234 300 534
600837 245 278 523
600030 216 246 462
600000 210 252 462
600887 236 210 446
600383 197 217 414
000024 189 218 407
000651 196 210 406
000001 200 202 402
600519 161 233 394
002241 206 185 391
600585 179 185 364
000625 187 170 357
002415 190 156 346
600104 148 184 332
601601 133 177 310
600036 134 168 302
300027 124 160 284
600637 142 140 282
600406 147 134 281
600518 132 140 272
600315 132 138 270
000423 127 140 267
600703 156 106 262
000063 130 130 260
002236 134 119 253
300070 122 111 233
601117 100 128 228
600276 110 107 217
000895 104 109 213
600535 100 111 211
000581 112 98 210
002081 101 109 210
300058 113 89 202
002038 102 100 202
002570 104 96 200
600089 117 80 197
000800 102 95 197
000538 93 103 196
000069 83 112 195
600079 95 95 190
601628 64 126 190
600332 99 91 190
300251 93 96 189
000049 97 92 189
600690 98 90 188
002146 87 100 187
002375 95 92 187
000826 94 92 186
601169 71 114 185
000400 98 85 183
002353 97 85 182
300115 96 84 180
300088 77 101 178
600809 75 102 177
000100 83 93 176
002230 80 91 171
600880 83 88 171
600597 92 79 171
600028 74 97 171
600418 87 83 170
600352 99 70 169
600309 85 82 167
601788 77 90 167
600108 81 84 165
300133 88 77 165
002273 74 86 160
002400 89 70 159
300315 77 82 159
600196 92 66 158
002024 76 78 154
600261 77 71 148
002450 75 72 147
601668 62 84 146
600804 75 69 144
002456 68 76 144
002482 66 77 143
600066 65 77 142
600557 67 73 140
300017 65 74 139
601633 66 72 138
601299 70 67 137
603000 72 65 137
600060 65 71 136
600256 66 69 135
600801 67 67 134
601607 70 64 134
002005 74 60 134
600067 64 69 133
601288 65 68 133
600594 62 71 133
600498 59 73 132
002385 63 69 132
300074 68 63 131
300090 70 60 130
002140 60 70 130
000157 54 74 128
300168 66 61 127
601901 65 62 127
600867 70 57 127
300273 71 55 126
000661 64 62 126
601928 59 66 125
600596 63 62 125
600583 63 61 124
600031 48 76 124
600252 70 54 124
300228 56 68 124
600372 72 51 123
300104 63 59 122
002022 66 56 122
300059 62 59 121
600085 63 58 121
002148 60 60 120
000963 59 61 120
300113 59 60 119
002106 55 64 119
000848 62 56 118
601699 49 68 117
600388 54 63 117
000671 56 61 117
600422 61 54 115
000568 44 71 115
300136 57 57 114
000999 44 70 114
300026 60 54 114
601888 48 66 114
600011 44 69 113
000917 59 54 113
002292 62 51 113
002138 57 55 112
601006 55 55 110
002310 46 63 109
600157 52 57 109
600570 49 60 109
000333 75 31 106
300146 57 48 105
601766 58 47 105
000525 51 54 105
600292 61 44 105
002055 49 55 104
000028 50 54 104
300024 54 50 104
600340 48 54 102
601328 45 56 101
002065 53 47 100
002431 48 52 100
600741 40 60 100
002104 51 49 100
300079 51 48 99
300124 51 48 99
600199 43 56 99
600073 53 45 98
000527 43 55 98
300303 53 45 98
002475 54 43 97
600795 45 52 97
600718 51 46 97
300014 51 46 97
300005 50 47 97
300071 51 45 96
600805 39 56 95
002008 56 38 94
601336 48 45 93
000937 42 51 93
002007 52 41 93
000401 45 47 92
002049 47 45 92
600062 41 51 92
601377 37 55 92
300002 52 40 92
000970 48 43 91
300205 46 44 90
300291 42 47 89
600587 45 43 88
002063 45 43 88
000012 40 48 88
000858 30 58 88
002325 38 49 87
601398 38 49 87
600376 33 53 86
600705 48 38 86
300157 45 41 86
002223 52 34 86
300182 39 47 86
002368 46 40 86
000776 35 50 85
600111 42 43 85
601688 41 43 84
300274 45 39 84
600109 49 34 83
600886 39 44 83
300207 40 43 83
600118 47 36 83
000656 37 46 83
002440 40 42 82
600633 39 42 81
600999 44 36 80
300336 39 41 80
600312 39 40 79
002294 32 47 79
000562 31 47 78
600859 37 40 77
601998 33 44 77
000338 35 42 77
600511 37 40 77
300083 40 37 77
000731 39 38 77
600728 41 36 77
002635 34 43 77
002064 40 36 76
600009 31 45 76
002317 38 38 76
600369 38 38 76
002594 38 38 76
000998 40 36 76
600720 35 40 75
600702 34 40 74
600521 33 41 74
600015 27 46 73
300039 30 43 73
300020 36 37 73
000915 38 33 71
300212 36 35 71
000961 28 42 70
002638 34 36 70
000977 39 31 70
600366 36 33 69
002041 36 33 69
600050 29 40 69
000725 32 37 69
002422 28 40 68
601808 43 25 68
601009 25 43 68
002250 31 36 67
600153 32 35 67
002185 36 31 67
002439 34 33 67
300197 33 34 67
600267 31 36 67
600389 36 31 67
002573 32 34 66
002465 43 22 65
600559 30 35 65
600549 27 38 65
002304 20 45 65
002646 38 27 65
600872 45 19 64
601088 22 42 64
300253 32 31 63
300105 27 36 63
002477 29 34 63
002305 32 31 63
002271 34 29 63
601886 24 39 63
300075 34 28 62
002244 27 35 62
000783 29 33 62
600832 33 29 62
600649 37 25 62
000888 28 33 61
600362 26 34 60
600739 29 31 60
300072 28 31 59
002311 28 31 59
600316 30 29 59
600208 26 33 59
000050 29 30 59
002028 25 34 59
000860 37 22 59
600827 33 25 58
600138 26 32 58
300057 27 31 58
600547 21 36 57
002309 32 25 57
601222 31 26 57
600976 28 29 57
600436 27 30 57
002554 28 29 57
600893 30 27 57
601231 29 27 56
600123 21 35 56
002410 33 23 56
002653 28 28 56
002073 22 33 55
600835 36 19 55
600151 31 24 55
002630 31 24 55
600761 28 26 54
002405 26 28 54
300015 31 23 54
600600 39 15 54
600588 30 23 53
300241 23 30 53
002313 26 27 53
300128 29 24 53
002429 26 27 53
600967 24 29 53
002508 28 25 53
601933 32 21 53
002663 28 24 52
601989 24 28 52
300055 30 22 52
300164 28 24 52
600184 27 25 52
300177 26 26 52
002690 26 25 51
600166 23 28 51
002152 30 21 51
000669 28 23 51
601877 26 25 51
600900 21 30 51
600612 27 23 50
600329 23 27 50
600486 22 28 50
601311 27 23 50
000596 23 27 50
601012 28 22 50
600750 23 27 50
601555 24 25 49
002091 25 24 49
002376 26 23 49
000513 18 31 49
000876 29 20 49
601992 26 22 48
002153 26 22 48
002179 24 24 48
300037 23 25 48
002023 30 18 48
300101 23 24 47
300054 24 23 47
600546 20 27 47
300144 26 20 46
000712 28 18 46
601939 23 23 46
600027 22 24 46
601186 22 23 45
600395 18 27 45
300287 24 21 45
600572 20 25 45
601965 25 20 45
600517 20 25 45
600162 23 22 45
600763 25 20 45
600348 22 23 45
300170 22 23 45
000831 22 22 44
000938 23 21 44
002421 18 26 44
600161 24 20 44
600387 23 21 44
002565 23 21 44
002202 27 16 43
300006 19 24 43
601669 12 30 42
002672 17 25 42
002261 20 22 42
600499 24 18 42
000718 16 26 42
600527 19 23 42
002293 20 22 42
601098 20 22 42
000786 19 22 41
300045 26 15 41
002219 22 19 41
002618 17 24 41
002051 14 26 40
002080 22 18 40
600694 11 29 40
000630 16 24 40
600525 26 14 40
600729 21 19 40
002344 14 26 40
601988 22 17 39
600571 21 18 39
300147 21 18 39
000598 15 24 39
002557 21 18 39
600420 23 16 39
000789 19 19 38
300288 20 18 38
600373 16 22 38
000006 21 17 38
002437 20 18 38
300347 20 18 38
600086 16 22 38
600271 17 21 38
002255 19 18 37
601333 20 17 37
300271 21 16 37
600993 19 18 37
000550 19 18 37
000540 19 18 37
600266 16 21 37
300257 16 20 36
300077 21 15 36
002262 19 17 36
600125 14 22 36
002142 11 25 36
601818 16 20 36
600686 20 16 36
002234 20 16 36
002029 15 21 36
300295 17 18 35
600150 26 9 35
600197 16 19 35
002226 18 17 35
000816 20 15 35
600522 19 16 35
000553 19 16 35
002603 18 17 35
002620 16 19 35
601139 15 20 35
600446 19 16 35
000516 19 16 35
002649 18 17 35
300255 20 14 34
002327 17 17 34
600426 17 17 34
600536 18 16 34
300199 22 12 34
300198 16 18 34
300322 16 18 34
002035 16 18 34
600858 12 21 33
600616 18 15 33
300155 19 14 33
600765 13 20 33
002550 17 16 33
300196 17 16 33
601118 15 18 33
002296 16 17 33
002648 19 14 33
300267 11 21 32
300284 15 17 32
300289 15 17 32
002416 16 16 32
002436 15 17 32
002701 22 10 32
600403 16 16 32
300183 17 15 32
002161 17 15 32
000728 12 20 32
600894 19 13 32
601258 19 13 32
002299 15 17 32
300012 16 16 32
600879 19 13 32
002017 17 15 32
600038 18 13 31
600489 11 20 31
600318 13 18 31
300043 12 19 31
300178 14 17 31
002396 15 16 31
300310 15 16 31
000726 17 14 31
002285 19 12 31
002358 18 13 31
000887 13 18 31
600335 14 17 31
002658 15 16 31
300298 15 15 30
600305 16 14 30
000413 16 14 30
000639 14 16 30
300032 14 16 30
002567 17 13 30
000522 16 14 30
002013 16 14 30
000650 12 18 30
002462 15 14 29
600495 13 16 29
002683 19 10 29
300047 15 14 29
300145 18 11 29
600143 11 18 29
600563 16 13 29
002216 15 14 29
002551 18 11 29
002398 13 16 29
000729 20 9 29
002020 13 16 29
000997 16 13 29
300337 15 14 29
600660 14 15 29
600056 17 12 29
002001 13 16 29
002004 14 15 29
600021 13 16 29
002191 20 8 28
002466 15 13 28
601857 13 15 28
002254 15 13 28
000430 14 14 28
600645 15 13 28
002571 14 14 28
300334 16 12 28
600675 12 16 28
300244 14 13 27
300118 16 11 27
601238 17 10 27
000417 9 18 27
002470 19 8 27
300048 15 12 27
002308 13 14 27
600401 17 10 27
600428 11 16 27
300166 16 11 27
600983 15 12 27
600537 15 12 27
002566 14 13 27
000521 16 11 27
300001 15 12 27
600029 12 15 27
000503 16 11 27
300110 11 15 26
300052 11 15 26
300137 13 13 26
002501 12 14 26
002221 12 14 26
000811 13 13 26
300323 14 12 26
000060 14 12 26
000061 15 11 26
300206 17 9 26
002157 14 12 26
300171 11 14 25
600639 12 13 25
600216 11 14 25
000768 14 11 25
002085 17 8 25
300349 12 13 25
002572 13 12 25
600699 14 11 25
002037 10 15 25
002583 15 10 25
600280 9 16 25
300301 13 12 25
600458 7 18 25
600978 13 11 24
600429 13 11 24
600509 9 15 24
600500 11 13 24
300188 13 11 24
000043 11 13 24
300219 13 11 24
002588 7 17 24
300309 11 13 24
600704 14 10 24
002664 12 11 23
002251 12 11 23
300050 10 13 23
601233 12 11 23
000748 13 10 23
002509 10 13 23
600990 12 11 23
600697 11 12 23
000960 11 12 23
601918 9 14 23
000039 12 11 23
000926 4 19 23
300030 13 10 23
600270 11 12 23
600059 11 12 23
002018 13 10 23
002331 10 12 22
000402 8 14 22
300270 9 13 22
600497 15 7 22
600185 12 10 22
000732 11 11 22
002604 14 8 22
002612 9 13 22
601126 13 9 22
000530 12 10 22
002129 8 14 22
002011 14 8 22
600323 11 10 21
600201 12 9 21
600325 7 14 21
600787 9 12 21
600479 10 11 21
002589 9 12 21
300010 13 8 21
600674 10 11 21
300003 13 8 21
000501 10 11 21
002019 16 5 21
603008 14 7 21
000793 11 9 20
002253 11 9 20
600481 11 9 20
000418 12 8 20
000933 11 9 20
300041 11 9 20
000716 11 9 20
600240 10 10 20
002390 14 6 20
601111 9 11 20
600889 11 9 20
600640 10 10 20
300326 11 9 20
002628 11 9 20
002563 10 10 20
601390 8 12 20
002367 11 9 20
300229 10 10 20
300263 11 8 19
300134 9 10 19
002249 10 9 19
000629 5 14 19
600754 12 7 19
600757 9 10 19
300215 11 8 19
002281 11 8 19
002030 11 8 19
300226 11 8 19
002480 10 8 18
002242 14 4 18
601991 9 9 18
002052 7 11 18
000690 5 13 18
600783 10 8 18
002433 7 11 18
600259 10 8 18
300352 9 9 18
300351 8 10 18
600884 9 9 18
600643 9 9 18
002371 9 9 18
300332 11 7 18
300335 13 5 18
000528 7 11 18
000983 5 13 18
600598 8 10 18
600337 11 7 18
300256 8 9 17
300259 12 5 17
002069 9 8 17
002467 8 9 17
002497 6 11 17
002587 7 10 17
002444 10 7 17
000750 8 9 17
300150 9 8 17
002215 11 6 17
002507 9 8 17
002503 5 12 17
002408 6 11 17
000869 6 11 17
002524 9 8 17
002172 7 10 17
000733 11 6 17
600467 6 11 17
000830 9 8 17
002118 9 8 17
002117 9 8 17
300339 9 8 17
600863 8 9 17
601717 9 8 17
300078 7 9 16
002665 8 8 16
300066 11 5 16
002324 8 8 16
002474 6 10 16
002269 10 6 16
000686 8 8 16
300285 7 9 16
002056 8 8 16
000920 8 8 16
600812 7 9 16
002511 6 10 16
002199 6 10 16
002412 5 11 16
300187 11 5 16
002174 10 6 16
000829 9 7 16
000046 5 11 16
300034 10 6 16
300202 7 9 16
002364 9 7 16
300227 7 9 16
300314 7 9 16
300004 8 8 16
000655 6 10 16
600582 7 8 15
600825 8 7 15
600139 8 7 15
300275 9 6 15
300296 7 8 15
002266 4 11 15
000680 8 7 15
002303 8 7 15
300142 9 6 15
000590 10 5 15
300159 7 8 15
600770 8 7 15
002414 8 7 15
300346 8 7 15
002549 9 6 15
300218 8 7 15
300038 9 6 15
000537 7 8 15
600284 7 8 15
300232 8 7 15
300223 8 7 15
002656 4 11 15
300252 8 6 14
600100 7 7 14
600552 8 6 14
002312 8 6 14
601058 7 7 14
002050 7 7 14
600791 9 5 14
002458 7 7 14
300148 7 7 14
600177 8 6 14
600171 9 5 14
000566 5 9 14
600409 7 7 14
002391 9 5 14
002496 6 8 14
000059 5 9 14
300210 7 7 14
300009 7 7 14
601216 6 7 13
002469 6 7 13
601208 7 6 13
002447 6 7 13
600018 6 7 13
002277 6 7 13
002154 4 9 13
000916 7 6 13
601566 6 7 13
600566 10 3 13
600195 10 3 13
600187 7 6 13
000925 8 5 13
002609 7 6 13
000608 6 7 13
600885 10 3 13
000996 6 7 13
002568 7 6 13
002032 8 5 13
002586 5 8 13
000673 8 5 13
300300 5 8 13
300224 7 6 13
601515 6 7 13
600855 7 5 12
600584 7 5 12
600731 4 8 12
002079 6 6 12
000415 5 7 12
300299 6 6 12
002268 7 5 12
000425 6 6 12
000759 5 7 12
600141 7 5 12
000919 5 7 12
600562 8 4 12
600351 6 6 12
601800 4 8 12
600998 9 3 12
600180 7 5 12
002155 3 9 12
600438 7 5 12
300085 7 5 12
300181 6 6 12
000921 5 7 12
600416 8 4 12
300353 8 4 12
600648 7 5 12
300217 8 4 12
300328 5 7 12
300324 6 6 12
300033 6 6 12
002116 5 7 12
002284 7 5 12
600655 5 7 12
000536 6 6 12
000539 3 9 12
002025 5 7 12
002021 6 6 12
603077 7 5 12
300204 6 6 12
300021 7 5 12
000989 6 6 12
000987 6 6 12
000885 7 5 12
002340 6 6 12
002010 7 5 12
600580 6 5 11
300246 6 5 11
300119 5 6 11
002078 5 6 11
300122 6 5 11
002042 4 7 11
000758 6 5 11
002698 7 4 11
600970 6 5 11
002428 5 6 11
000778 6 5 11
601801 5 6 11
300096 5 6 11
002229 6 5 11
600439 7 4 11
300086 4 7 11
300080 8 3 11
600526 6 5 11
600642 5 6 11
600391 6 5 11
300036 6 5 11
600475 7 4 11
002564 5 6 11
002369 5 6 11
002643 6 5 11
600298 6 5 11
000861 3 8 11
600845 6 5 11
600039 6 4 10
002460 6 4 10
603366 6 4 10
002259 5 5 10
600135 5 5 10
002315 5 5 10
600010 5 5 10
300261 4 6 10
002518 5 5 10
600149 5 5 10
601028 6 4 10
601158 5 5 10
600688 3 7 10
600198 5 5 10
600221 3 7 10
300175 6 4 10
002520 6 4 10
002419 5 5 10
000561 5 5 10
000709 5 5 10
002287 5 5 10
300342 5 5 10
300348 5 5 10
600742 5 5 10
600523 6 4 10
600410 5 5 10
000735 5 5 10
002601 6 4 10
300190 6 4 10
600072 6 4 10
300025 5 5 10
002298 3 7 10
000982 5 5 10
300016 4 6 10
000883 5 5 10
000979 4 6 10
300316 5 5 10
002342 5 5 10
600115 3 7 10
002655 4 6 10
002334 5 4 9
002339 4 5 9
601678 5 4 9
002660 5 4 9
002463 5 4 9
000792 4 5 9
000799 2 7 9
300068 3 6 9
600820 5 4 9
600824 5 4 9
002258 4 5 9
002479 4 5 9
300125 5 4 9
000428 4 5 9
600019 5 4 9
600803 6 3 9
300139 4 5 9
600158 5 4 9
601313 6 3 9
600176 2 7 9
600778 3 6 9
600055 5 4 9
600345 5 4 9
601908 5 4 9
300087 6 3 9
601179 5 4 9
600098 1 8 9
601100 5 4 9
600748 5 4 9
000951 4 5 9
000739 4 5 9
600088 4 5 9
002610 6 3 9
600895 5 4 9
000666 4 5 9
300331 5 4 9
600661 7 2 9
300307 6 3 9
600873 5 4 9
002650 5 4 9
002332 5 3 8
000407 4 4 8
002322 3 5 8
002491 4 4 8
300293 5 3 8
002318 5 3 8
600839 4 4 8
002048 4 4 8
000422 1 7 8
300049 4 4 8
600375 4 4 8
002699 4 4 8
300149 6 2 8
002207 6 2 8
002505 4 4 8
002500 3 5 8
600775 4 4 8
600223 4 4 8
600425 3 5 8
600239 1 7 8
600231 2 6 8
600230 4 4 8
600354 4 4 8
601369 2 6 8
002095 4 4 8
002092 4 4 8
601101 4 4 8
600529 4 4 8
002605 6 2 8
601929 4 4 8
300194 4 4 8
002614 6 2 8
300216 4 4 8
600478 6 2 8
300022 4 4 8
002100 5 3 8
600668 4 4 8
002031 4 4 8
300233 4 4 8
300302 4 4 8
300222 3 5 8
300007 5 3 8
002349 5 3 8
603001 4 4 8
002123 2 6 8
000893 4 4 8
000898 5 3 8
600068 0 8 8
000099 4 3 7
601866 2 5 7
002335 4 3 7
300106 4 3 7
002481 3 4 7
600823 2 5 7
600628 4 3 7
600004 3 4 7
600008 3 4 7
000788 3 4 7
300297 4 3 7
000426 4 3 7
002302 3 4 7
002275 1 6 7
600794 5 2 7
002457 3 4 7
600578 2 5 7
601958 4 3 7
600979 4 3 7
002516 4 3 7
000592 2 5 7
002214 3 4 7
600683 4 3 7
002158 5 2 7
002159 5 2 7
000807 4 3 7
000572 5 2 7
000156 4 3 7
000623 2 5 7
002522 3 4 7
002528 4 3 7
002411 5 2 7
000031 3 4 7
600077 4 3 7
000559 4 3 7
600415 3 4 7
000738 4 3 7
002107 4 3 7
600664 3 4 7
002033 3 4 7
002582 3 4 7
600285 3 4 7
600817 4 3 7
300238 5 2 7
600874 4 3 7
600707 2 5 7
002131 4 3 7
002126 4 3 7
002014 4 3 7
600114 3 4 7
002338 3 3 6
002068 4 2 6
600101 3 3 6
002661 1 5 6
600626 3 3 6
300126 4 2 6
002267 4 2 6
600128 3 3 6
002689 3 3 6
600392 3 3 6
600343 4 2 6
300135 3 3 6
002695 2 4 6
601038 3 3 6
600780 2 4 6
002426 3 3 6
000009 3 3 6
300154 3 3 6
600771 2 4 6
002438 3 3 6
600515 3 3 6
000584 3 3 6
300091 3 3 6
002089 3 3 6
002535 3 3 6
600169 3 3 6
600237 2 4 6
000153 3 3 6
600248 4 2 6
000966 3 3 6
002553 4 2 6
600528 2 4 6
000603 4 2 6
000609 3 3 6
300193 3 3 6
300355 4 2 6
002544 3 3 6
002382 3 3 6
601600 4 2 6
002168 3 3 6
600398 5 1 6
600468 2 4 6
000948 3 3 6
600268 3 3 6
000612 4 2 6
300031 3 3 6
002378 3 3 6
002111 3 3 6
002595 2 4 6
002623 3 3 6
002626 3 3 6
600695 3 3 6
002637 5 1 6
002350 3 3 6
600708 3 3 6
600459 3 3 6
000801 3 3 6
000868 3 3 6
601898 3 3 6
601899 2 4 6
300312 3 3 6
300311 3 3 6
600604 3 3 6
000877 2 4 6
300107 3 2 5
000797 2 3 5
600826 3 2 5
600881 1 4 5
002671 3 2 5
002674 2 3 5
600551 4 1 5
600838 3 2 5
600496 2 3 5
002443 2 3 5
002449 3 2 5
300044 3 2 5
002279 3 2 5
600200 2 3 5
000591 3 2 5
600969 2 3 5
300156 1 4 5
601798 2 3 5
600175 3 2 5
600776 3 2 5
300098 3 2 5
600449 2 3 5
600167 3 2 5
600507 3 2 5
300082 2 3 5
000901 3 2 5
601007 3 2 5
002239 3 2 5
002521 2 3 5
600755 2 3 5
002700 3 2 5
000700 2 3 5
300127 2 3 5
000927 2 3 5
002556 2 3 5
002393 1 4 5
002176 3 2 5
002178 3 2 5
600251 2 3 5
000602 1 4 5
002547 2 3 5
000547 3 2 5
000543 1 4 5
002283 3 2 5
600658 1 4 5
600380 1 4 5
000990 2 3 5
000062 3 2 5
300201 1 4 5
600860 3 2 5
002108 3 2 5
600666 3 2 5
002034 3 2 5
002631 3 2 5
300235 3 2 5
300019 1 4 5
600875 3 2 5
000088 2 3 5
002345 3 2 5
002124 3 2 5
000878 3 2 5
000652 4 1 5
600502 0 5 5
000090 2 2 4
600851 2 2 4
002484 3 1 4
600581 2 2 4
600617 4 0 4
600037 2 2 4
002668 2 2 4
002320 2 2 4
002329 2 2 4
600289 1 3 4
002499 2 2 4
002252 1 3 4
600485 3 1 4
600006 2 2 4
600550 2 2 4
300294 2 2 4
600836 2 2 4
300123 2 2 4
601519 2 2 4
600636 2 2 4
600129 3 1 4
603167 2 2 4
600463 2 2 4
300266 2 2 4
300281 2 2 4
300282 2 2 4
002307 2 2 4
002697 2 2 4
600206 2 2 4
600209 2 2 4
600811 2 2 4
600782 2 2 4
600360 2 2 4
002424 3 1 4
000597 2 2 4
300158 2 2 4
600685 4 0 4
002181 1 3 4
002183 1 3 4
002430 1 3 4
002434 1 3 4
600693 2 2 4
002531 2 2 4
002532 2 2 4
002406 2 2 4
002402 2 2 4
002151 2 2 4
000026 1 3 4
000027 2 2 4
601388 1 3 4
002238 2 2 4
002231 2 2 4
002237 2 2 4
002526 2 2 4
002529 2 2 4
600759 4 0 4
600756 2 2 4
000563 2 2 4
000707 2 2 4
002392 1 3 4
000551 2 2 4
600469 2 2 4
000957 2 2 4
002607 2 2 4
000045 2 2 4
300192 2 2 4
002540 2 2 4
002167 1 3 4
000839 2 2 4
300327 2 2 4
601010 1 3 4
600724 1 3 4
002115 2 2 4
002289 2 2 4
600657 2 2 4
002297 2 2 4
601718 1 3 4
002581 2 2 4
000988 2 2 4
600288 2 2 4
002404 2 2 4
002351 2 2 4
002139 2 2 4
600677 2 2 4
600456 2 2 4
300313 2 2 4
600712 1 3 4
002348 2 2 4
001696 2 2 4
600330 2 2 4
000897 2 2 4
002341 0 4 4
002061 2 1 3
002666 1 2 3
002662 1 2 3
000796 2 1 3
002321 2 1 3
600828 2 1 3
600829 1 2 3
600629 2 1 3
600487 1 2 3
002673 1 2 3
002678 1 2 3
000780 1 2 3
600635 2 1 3
600303 2 1 3
002441 1 2 3
600017 1 2 3
300262 1 2 3
002301 1 2 3
002247 1 2 3
002054 2 1 3
600818 2 1 3
600810 2 1 3
600816 2 1 3
002514 3 0 3
002190 1 2 3
600871 1 2 3
600963 1 2 3
002213 2 1 3
601799 1 2 3
600516 2 1 3
000582 1 2 3
000586 1 2 3
000761 1 2 3
300094 2 1 3
601018 1 2 3
300161 2 1 3
002227 2 1 3
002084 2 1 3
002536 1 2 3
600188 1 2 3
600435 1 2 3
601001 2 1 3
002527 2 1 3
002149 2 1 3
600405 2 1 3
000708 1 2 3
000705 2 1 3
601616 2 1 3
002171 2 1 3
002173 3 0 3
000952 2 1 3
601002 1 2 3
300195 2 1 3
002543 2 1 3
600737 2 1 3
000545 2 1 3
000541 2 1 3
000722 2 1 3
600262 1 2 3
300214 1 2 3
300213 1 2 3
002379 1 2 3
300203 2 1 3
600716 1 2 3
600717 2 1 3
002105 1 2 3
600026 1 2 3
300011 1 2 3
002355 2 1 3
600706 1 2 3
601099 3 0 3
002642 2 1 3
600713 2 1 3
300008 1 2 3
002120 2 1 3
600333 1 2 3
603002 1 2 3
300167 0 3 3
002397 0 3 3
600781 1 1 2
000918 2 0 2
600850 1 1 2
601677 1 1 2
600586 1 1 2
600611 1 1 2
002066 1 1 2
002067 1 1 2
600107 1 1 2
002461 1 1 2
000795 1 1 2
300245 1 1 2
600822 1 1 2
601666 2 0 2
002070 1 1 2
600482 1 1 2
600132 1 1 2
600133 1 1 2
000411 1 1 2
000785 1 1 2
601999 1 1 2
300272 2 0 2
601008 1 1 2
600831 1 1 2
600830 1 1 2
600833 1 1 2
300121 1 1 2
300129 1 1 2
002264 1 1 2
600638 2 0 2
002045 1 1 2
600120 1 1 2
000939 1 1 2
600307 1 1 2
600302 1 1 2
002681 1 1 2
002448 1 1 2
000681 1 1 2
300264 1 1 2
603766 1 1 2
300286 1 1 2
600802 1 1 2
002276 1 1 2
600159 1 1 2
600378 2 0 2
000929 1 1 2
600371 1 1 2
000923 1 1 2
002693 1 1 2
002455 1 1 2
002454 1 1 2
600573 1 1 2
600577 1 1 2
000697 2 0 2
002144 1 1 2
002143 1 1 2
600971 1 1 2
600973 1 1 2
300140 1 1 2
002200 1 1 2
002206 2 0 2
002205 1 1 2
002208 1 1 2
002515 1 1 2
002512 1 1 2
002197 1 1 2
600365 1 1 2
002427 1 1 2
600215 1 1 2
600217 1 1 2
600212 1 1 2
000595 1 1 2
000593 1 1 2
000968 1 1 2
000007 1 1 2
600962 1 1 2
600064 1 1 2
300151 2 0 2
600684 1 1 2
600178 1 1 2
600170 1 1 2
002184 1 1 2
002186 1 1 2
600773 1 1 2
600192 1 1 2
600193 1 1 2
002432 1 1 2
002435 1 1 2
000587 1 1 2
000589 1 1 2
600355 1 1 2
600353 1 1 2
000767 1 1 2
000766 1 1 2
000762 1 1 2
002189 1 1 2
000016 1 1 2
300095 1 1 2
002228 1 1 2
002088 1 1 2
600160 1 1 2
601588 2 0 2
000573 1 1 2
000975 1 1 2
000719 1 1 2
000713 1 1 2
000711 1 1 2
000488 1 1 2
000620 2 0 2
000020 1 1 2
300084 1 1 2
000906 1 1 2
300172 1 1 2
300176 1 1 2
600291 1 1 2
002235 1 1 2
002145 1 1 2
002417 1 1 2
600530 1 1 2
002094 1 1 2
600249 1 1 2
600243 1 1 2
000564 1 1 2
000702 1 1 2
601919 1 1 2
000037 1 1 2
000034 1 1 2
300186 1 1 2
300180 1 1 2
601107 1 1 2
002555 1 1 2
002399 1 1 2
601618 1 1 2
000821 1 1 2
000825 1 1 2
000552 1 1 2
600419 1 1 2
002541 1 1 2
002546 1 1 2
002169 1 1 2
002166 1 1 2
600080 1 1 2
000546 1 1 2
600460 1 1 2
000721 1 1 2
002615 1 1 2
002613 1 1 2
000837 1 1 2
000619 1 1 2
300035 1 1 2
002377 1 1 2
002373 1 1 2
002370 1 1 2
600725 1 1 2
601636 2 0 2
000823 1 1 2
002119 1 1 2
002110 1 1 2
600096 1 1 2
601700 1 1 2
002027 1 1 2
600477 1 1 2
000993 1 1 2
600272 1 1 2
000663 1 1 2
300209 1 1 2
300330 1 1 2
300023 1 1 2
002365 1 1 2
002363 1 1 2
600866 1 1 2
002295 1 1 2
000524 1 1 2
002039 1 1 2
000980 1 1 2
002633 1 1 2
000851 1 1 2
000852 1 1 2
000859 1 1 2
000078 1 1 2
002401 1 1 2
002150 1 1 2
002134 1 1 2
002136 1 1 2
002132 1 1 2
600676 1 1 2
600058 1 1 2
600057 1 1 2
600054 1 1 2
600051 1 1 2
002003 1 1 2
002644 1 1 2
000886 1 1 2
000880 1 1 2
603128 1 1 2
300221 1 1 2
002362 1 1 2
600848 1 1 2
002121 1 1 2
600593 1 1 2
000507 1 1 2
600112 1 1 2
600339 1 1 2
002657 1 1 2
601880 1 1 2
600784 0 2 2
300062 0 2 2
600131 0 2 2
300132 0 2 2
002195 0 2 2
600560 0 2 2
600997 0 2 2
600163 0 2 2
600183 0 2 2
002407 0 2 2
000715 0 2 2
002096 0 2 2
000635 0 2 2
600396 0 2 2
600310 0 2 2
002291 0 2 2
002632 0 2 2
300234 0 2 2
600233 0 2 2
600117 0 2 2
300102 1 0 1
600589 1 0 1
002243 1 0 1
002062 1 0 1
000403 1 0 1
300240 1 0 1
000902 1 0 1
300065 1 0 1
002494 1 0 1
002076 1 0 1
601339 1 0 1
002473 1 0 1
002044 1 0 1
002442 1 0 1
002483 1 0 1
600370 1 0 1
002452 1 0 1
002141 1 0 1
600975 1 0 1
002209 1 0 1
600219 1 0 1
600218 1 0 1
000599 1 0 1
601777 1 0 1
600172 1 0 1
600173 1 0 1
002180 1 0 1
002182 1 0 1
002188 1 0 1
600510 1 0 1
600356 1 0 1
600779 1 0 1
000011 1 0 1
000517 1 0 1
600992 1 0 1
002222 1 0 1
601168 1 0 1
002534 1 0 1
600168 1 0 1
600760 1 0 1
002156 1 0 1
600508 1 0 1
600235 1 0 1
600346 1 0 1
600987 1 0 1
002233 1 0 1
002418 1 0 1
000812 1 0 1
000965 1 0 1
000534 1 0 1
601106 1 0 1
600747 1 0 1
000558 1 0 1
300114 1 0 1
002383 1 0 1
600084 1 0 1
600644 1 0 1
600461 1 0 1
300329 1 0 1
002577 1 0 1
002372 1 0 1
600099 1 0 1
600386 1 0 1
600476 1 0 1
600278 1 0 1
600005 1 0 1
002082 1 0 1
600662 1 0 1
000526 1 0 1
000856 1 0 1
600876 1 0 1
600673 1 0 1
000519 1 0 1
000089 1 0 1
300225 1 0 1
600715 1 0 1
600711 1 0 1
002343 1 0 1
600847 1 0 1
600592 1 0 1
600602 1 0 1
600331 1 0 1
300258 0 1 1
300100 0 1 1
002489 0 1 1
002485 0 1 1
300067 0 1 1
600480 0 1 1
600663 0 1 1
601000 0 1 1
000932 0 1 1
000421 0 1 1
002306 0 1 1
600792 0 1 1
300141 0 1 1
002517 0 1 1
600785 0 1 1
600361 0 1 1
600569 0 1 1
002217 0 1 1
002502 0 1 1
600513 0 1 1
300099 0 1 1
002224 0 1 1
002086 0 1 1
002087 0 1 1
002538 0 1 1
002409 0 1 1
000809 0 1 1
000570 0 1 1
000978 0 1 1
000021 0 1 1
600751 0 1 1
600070 0 1 1
000554 0 1 1
000736 0 1 1
002381 0 1 1
002388 0 1 1
601608 0 1 1
600081 0 1 1
000617 0 1 1
000616 0 1 1
002374 0 1 1
002280 0 1 1
600097 0 1 1
600277 0 1 1
300028 0 1 1
300306 0 1 1
300018 0 1 1
002133 0 1 1
002640 0 1 1
600297 0 1 1
000882 0 1 1
000889 0 1 1
002127 0 1 1
600595 0 1 1
600110 0 1 1
002651 0 1 1
