601318 144 180 324
600036 146 158 304
601166 126 152 278
600000 125 115 240
601601 113 116 229
000983 82 123 205
600016 90 107 197
000063 83 94 177
000001 80 89 169
600030 42 116 158
601169 68 89 157
600519 63 87 150
600050 69 65 134
600028 46 80 126
600019 32 91 123
601111 74 48 122
000858 68 49 117
600739 44 71 115
600031 45 69 114
000937 54 60 114
600348 36 78 114
002024 42 60 102
000338 49 51 100
000651 42 57 99
601328 41 57 98
000060 45 49 94
601628 34 60 94
600048 41 52 93
601398 37 55 92
600837 23 68 91
600383 46 44 90
000933 35 53 88
600015 47 40 87
000024 35 46 81
000568 34 43 77
002202 42 33 75
000157 25 48 73
600900 41 32 73
601088 16 57 73
601699 28 44 72
000898 23 49 72
600887 45 25 70
600029 39 30 69
600111 38 30 68
600123 33 33 66
600104 22 43 65
000400 42 22 64
000527 28 36 64
600309 30 34 64
000792 29 34 63
000069 23 39 62
601939 29 33 62
600690 32 30 62
600037 34 27 61
000800 27 34 61
600100 37 23 60
002106 28 31 59
000401 33 24 57
600585 18 39 57
600489 37 19 56
600089 21 35 56
000623 18 37 55
601006 25 30 55
600581 25 30 55
600068 35 20 55
600256 29 24 53
600547 27 26 53
000422 19 33 52
600660 17 34 51
000061 32 18 50
000002 16 34 50
600406 25 24 49
601788 19 29 48
000423 28 19 47
000612 19 28 47
002142 22 24 46
600518 33 13 46
601009 18 27 45
601001 18 26 44
600875 27 17 44
600664 29 14 43
601666 15 28 43
600166 23 20 43
600125 31 11 42
600352 20 21 41
600583 21 20 41
000960 20 21 41
000425 18 23 41
600694 21 20 41
600425 19 21 40
600060 17 23 40
600183 20 20 40
000878 17 23 40
600271 24 15 39
601857 22 17 39
002007 28 11 39
000581 23 16 39
600202 21 17 38
600580 21 17 38
000829 20 18 38
600195 27 11 38
600312 25 12 37
000917 23 14 37
002008 19 18 37
002092 18 18 36
601998 13 23 36
600879 24 12 36
600557 19 16 35
000823 21 14 35
000729 25 10 35
600115 22 13 35
601988 20 14 34
600481 19 15 34
600880 15 19 34
002041 15 19 34
000718 19 15 34
600276 17 16 33
601607 29 4 33
000012 14 19 33
600395 16 17 33
601989 24 8 32
002038 20 12 32
000009 17 15 32
000825 7 25 32
000951 17 15 32
000759 17 15 32
601919 13 19 32
000895 18 14 32
600809 16 16 32
000538 14 16 30
600570 13 17 30
600859 16 14 30
601299 22 8 30
002073 20 10 30
601899 10 20 30
601766 17 12 29
600216 17 12 29
600511 14 15 29
600600 23 6 29
002022 15 13 28
002028 15 13 28
000963 16 12 28
000969 16 12 28
601668 6 22 28
000826 13 15 28
002001 11 17 28
002123 18 10 28
600188 14 14 28
600655 11 16 27
600067 18 9 27
600546 11 16 27
600596 10 17 27
600582 13 13 26
600535 16 10 26
600537 15 11 26
600153 12 14 26
000528 13 13 26
600498 14 12 26
600267 14 12 26
600595 11 15 26
000877 14 12 26
002241 11 14 25
000402 9 16 25
600325 11 14 25
600704 12 13 25
600196 19 6 25
600795 11 13 24
000999 11 13 24
600812 11 13 24
600141 14 10 24
600062 13 11 24
600997 11 13 24
002155 15 9 24
600362 11 12 23
600456 13 10 23
600963 14 9 23
600303 16 7 23
300002 14 9 23
600858 10 12 22
600418 13 9 22
600707 11 11 22
600517 8 14 22
600221 12 10 22
000021 13 8 21
000537 9 12 21
000926 11 10 21
600588 12 9 21
600529 13 8 21
600410 12 9 21
600178 9 12 21
000762 15 6 21
002344 15 6 21
600590 13 8 21
600426 5 15 20
002148 10 10 20
600298 13 7 20
600415 9 11 20
600176 10 10 20
002304 14 6 20
600804 13 7 20
000848 14 5 19
601958 9 10 19
000961 8 11 19
600351 13 6 19
600563 9 10 19
601688 14 5 19
000786 10 9 19
600197 12 7 19
600884 10 9 19
600085 12 7 19
000625 8 11 19
600118 12 7 19
000028 9 9 18
600750 15 3 18
600035 12 6 18
600718 8 10 18
000039 13 5 18
600622 10 8 18
600316 9 9 18
600198 11 7 18
600231 3 15 18
002261 9 9 18
600252 9 9 18
600439 10 8 18
600765 10 8 18
002152 13 5 18
600079 15 2 17
000869 11 6 17
600208 9 8 17
000541 10 7 17
600628 10 7 17
600742 7 10 17
000778 7 10 17
600009 6 11 17
600805 8 9 17
600499 11 6 17
002194 7 10 17
600266 8 9 17
600594 10 7 17
600584 5 12 17
601186 9 7 16
600038 12 4 16
002064 4 12 16
002065 7 9 16
600329 8 8 16
600970 7 9 16
000630 9 7 16
002104 12 4 16
000776 9 7 16
000501 9 7 16
600521 6 10 16
600315 8 8 16
600005 2 14 16
601999 10 6 16
600239 7 9 16
600458 11 5 16
002310 12 4 16
000513 8 8 16
600549 10 6 16
600026 4 12 16
600487 9 7 16
000973 9 7 16
002091 8 7 15
600269 5 10 15
600331 4 11 15
600550 6 9 15
002215 7 8 15
600122 6 9 15
002005 11 4 15
002269 8 7 15
000016 4 11 15
600066 8 7 15
000680 4 11 15
000728 6 9 15
601888 10 5 15
002154 9 6 15
002153 12 3 15
600720 7 7 14
600380 4 10 14
600737 7 7 14
000418 6 8 14
002353 8 6 14
600354 7 7 14
000059 7 7 14
600161 10 4 14
600522 8 6 14
600509 7 7 14
002303 8 6 14
002249 11 2 13
600893 8 5 13
002056 7 6 13
600096 9 4 13
002236 7 6 13
002081 9 4 13
600866 6 7 13
000811 8 5 13
600785 9 4 13
000596 9 4 13
000988 10 3 13
000598 8 5 13
601106 12 1 13
000550 9 4 13
600416 11 2 13
600586 3 10 13
000602 11 2 13
600500 9 4 13
600778 8 5 13
000559 11 2 13
002250 9 4 13
000540 5 8 13
000930 8 5 13
000839 9 4 13
601168 7 6 13
002080 9 4 13
002019 5 8 13
000998 7 5 12
600983 6 6 12
000100 7 5 12
002146 6 6 12
600978 6 6 12
600693 8 4 12
600326 7 5 12
600485 7 5 12
600770 7 5 12
000860 10 2 12
600428 6 6 12
600830 5 7 12
300070 11 1 12
600087 4 8 12
600713 7 5 12
600268 8 4 12
002121 6 6 12
600597 9 3 12
002017 6 6 12
600117 6 6 12
000893 6 6 12
600157 7 4 11
600075 6 5 11
600273 7 4 11
002140 3 8 11
002415 11 0 11
002200 5 6 11
002293 7 4 11
600169 5 6 11
002422 10 1 11
000987 4 7 11
002254 4 7 11
600523 7 4 11
600058 4 7 11
600054 8 3 11
600831 4 7 11
601808 5 6 11
002045 7 4 11
600307 4 7 11
600545 6 5 11
600467 5 6 11
002089 6 5 11
002129 10 1 11
600508 4 7 11
600339 6 5 11
000713 5 6 11
000417 3 7 10
600657 4 6 10
600388 5 5 10
000887 6 4 10
002230 7 3 10
002063 5 5 10
601390 1 9 10
600327 5 5 10
601918 4 6 10
600289 7 3 10
000927 3 7 10
600825 5 5 10
000783 4 6 10
002252 6 4 10
600525 5 5 10
600872 4 6 10
600703 5 5 10
002315 9 1 10
600631 7 3 10
002048 4 6 10
600649 4 6 10
600468 5 5 10
000655 5 5 10
002238 3 6 9
002336 7 2 9
600616 4 5 9
000566 8 1 9
600143 3 6 9
002326 5 4 9
600376 5 4 9
002251 5 4 9
000650 5 4 9
600502 4 5 9
600138 5 4 9
600571 4 5 9
002158 5 4 9
600308 2 7 9
600960 4 5 9
600193 5 4 9
000547 6 3 9
600881 6 3 9
601600 6 3 9
600993 6 3 9
000726 2 7 9
000652 8 1 9
600261 4 5 9
002340 6 3 9
000055 5 4 9
002157 7 2 9
600432 4 5 9
000656 5 4 9
000667 0 9 9
002110 1 7 8
002115 3 5 8
002025 3 5 8
600475 5 3 8
600366 5 3 8
000661 4 4 8
600106 3 5 8
002088 5 3 8
300027 7 1 8
600368 3 5 8
600967 5 3 8
000551 6 2 8
600479 3 5 8
000608 5 3 8
001696 4 4 8
000046 3 5 8
600779 6 2 8
600227 4 4 8
300058 7 1 8
601898 2 6 8
600832 5 3 8
600839 4 4 8
600497 2 6 8
002165 3 5 8
600055 6 2 8
600999 6 2 8
600017 5 3 8
600396 6 2 8
000837 3 5 8
002220 6 2 8
600844 4 4 8
000717 1 7 8
600460 4 4 8
002375 6 1 7
600897 4 3 7
600895 4 3 7
601866 5 2 7
600797 2 5 7
600379 6 1 7
600078 4 3 7
600575 5 2 7
600754 3 4 7
002067 4 3 7
002094 5 2 7
600102 2 5 7
600816 5 2 7
600820 2 5 7
002255 4 3 7
002214 5 2 7
002351 5 2 7
002138 3 4 7
600675 3 4 7
002185 3 4 7
000514 3 4 7
600056 2 5 7
600223 4 3 7
300055 6 1 7
600423 4 3 7
000888 4 3 7
000939 4 3 7
600697 3 4 7
600598 3 4 7
600761 2 5 7
600507 4 3 7
600808 0 7 7
002273 4 2 6
002376 6 0 6
002051 5 1 6
002050 5 1 6
600150 5 1 6
300003 4 2 6
002029 4 2 6
600576 4 2 6
600270 3 3 6
300077 5 1 6
601678 4 2 6
601179 5 1 6
002248 3 3 6
002122 2 4 6
002296 4 2 6
600219 3 3 6
000536 3 3 6
600280 5 1 6
002322 4 2 6
600741 2 4 6
600486 2 4 6
600251 4 2 6
002225 4 2 6
000952 4 2 6
600877 3 3 6
600088 3 3 6
002003 4 2 6
600673 4 2 6
300059 5 1 6
000901 4 2 6
002262 4 2 6
002163 4 2 6
002362 4 2 6
300004 3 3 6
000712 5 1 6
600185 5 1 6
002013 4 2 6
002011 3 3 6
002159 5 1 6
600528 2 4 6
600330 4 2 6
300048 5 1 6
000876 2 4 6
600725 0 6 6
000533 2 3 5
600373 3 2 5
600375 3 2 5
600572 3 2 5
600850 4 1 5
000428 4 1 5
000948 2 3 5
002068 1 4 5
002066 3 2 5
000708 4 1 5
600478 1 4 5
300026 3 2 5
000635 1 4 5
000639 4 1 5
600869 3 2 5
600717 2 3 5
002294 2 3 5
000918 3 2 5
000522 4 1 5
600446 1 4 5
000989 2 3 5
002327 4 1 5
000671 3 2 5
000677 1 4 5
002399 5 0 5
000962 3 2 5
000862 3 2 5
601618 2 3 5
600386 3 2 5
600132 4 1 5
600420 2 3 5
000788 4 1 5
002358 4 1 5
002139 2 3 5
600059 5 0 5
000903 3 2 5
600835 3 2 5
000932 2 3 5
002384 5 0 5
600888 3 2 5
600496 3 2 5
000972 3 2 5
600081 3 2 5
600990 2 3 5
600391 3 2 5
002223 4 1 5
000616 3 2 5
600168 2 3 5
600332 4 1 5
600361 2 3 5
000488 1 4 5
300039 3 2 5
002244 0 5 5
600259 2 2 4
600587 3 1 4
600894 3 1 4
000821 2 2 4
002114 2 2 4
600650 4 0 4
000919 2 2 4
600573 4 0 4
600360 2 2 4
600201 1 3 4
000990 2 2 4
002318 3 1 4
600551 3 1 4
600033 2 2 4
002097 2 2 4
002099 4 0 4
600322 2 2 4
000562 1 3 4
000965 1 3 4
600409 1 3 4
600350 2 2 4
000709 1 3 4
600810 3 1 4
600863 2 2 4
000519 2 2 4
002109 3 1 4
002292 3 1 4
600789 3 1 4
600666 3 1 4
600363 2 2 4
600377 3 1 4
002032 3 1 4
600824 2 2 4
600569 4 0 4
600560 3 1 4
600827 3 1 4
600736 3 1 4
600828 3 1 4
600738 3 1 4
002328 3 1 4
002078 1 3 4
000968 1 3 4
002179 3 1 4
600137 2 2 4
600961 1 3 4
600966 2 2 4
600829 3 1 4
300015 3 1 4
600874 2 2 4
600873 2 2 4
002004 3 1 4
002009 2 2 4
600236 2 2 4
600510 2 2 4
000900 1 3 4
600295 2 2 4
002187 1 3 4
002042 3 1 4
600991 3 1 4
000665 3 1 4
002345 2 2 4
000758 1 3 4
600592 3 1 4
600199 2 2 4
002324 2 2 4
600337 3 1 4
300041 2 2 4
600139 3 1 4
300049 2 2 4
600806 1 3 4
000715 3 1 4
002274 2 1 3
000032 2 1 3
002193 2 1 3
000158 2 1 3
000629 3 0 3
600723 2 1 3
002267 1 2 3
600158 1 2 3
002285 3 0 3
600658 1 2 3
600071 1 2 3
002020 2 1 3
600987 1 2 3
000910 2 1 3
000915 1 2 3
000996 2 1 3
000997 3 0 3
601003 3 0 3
600359 1 2 3
300072 3 0 3
002232 1 2 3
000959 1 2 3
600536 2 1 3
002095 2 1 3
002093 1 2 3
000404 2 1 3
600815 2 1 3
000796 2 1 3
000636 2 1 3
600867 2 1 3
600710 2 1 3
600323 2 1 3
600782 3 0 3
002191 2 1 3
600787 1 2 3
002197 2 1 3
000524 1 2 3
002036 2 1 3
000548 2 1 3
600077 2 1 3
002266 2 1 3
600285 1 2 3
600281 1 2 3
002325 3 0 3
000679 1 2 3
600823 2 1 3
600748 1 2 3
000921 1 2 3
000698 1 2 3
000413 3 0 3
000683 2 1 3
600004 2 1 3
600007 2 1 3
000735 1 2 3
600470 1 2 3
000301 1 2 3
300012 2 1 3
600676 2 1 3
000049 3 0 3
000042 2 1 3
600177 3 0 3
600053 2 1 3
600543 2 1 3
002437 3 0 3
000861 1 2 3
000546 2 1 3
002316 2 1 3
600838 2 1 3
002268 1 2 3
002385 3 0 3
600129 2 1 3
600436 2 1 3
600305 2 1 3
002309 2 1 3
002226 1 2 3
000755 1 2 3
600607 2 1 3
601268 2 1 3
002014 1 2 3
600482 2 1 3
000807 1 2 3
600435 2 1 3
000970 2 1 3
600345 1 2 3
000978 2 1 3
002301 1 2 3
000066 1 2 3
000539 0 3 3
600186 0 3 3
002217 0 3 3
000584 0 3 3
002208 0 3 3
600112 0 3 3
002277 1 1 2
002271 1 1 2
600258 1 1 2
000090 1 1 2
600729 1 1 2
000419 1 1 2
600253 1 1 2
002054 2 0 2
002118 1 1 2
300044 2 0 2
000026 1 1 2
002281 2 0 2
600095 1 1 2
600790 2 0 2
000530 1 1 2
000925 1 1 2
600986 1 1 2
600382 1 1 2
600299 1 1 2
600206 1 1 2
600272 1 1 2
002334 2 0 2
002233 2 0 2
000748 1 1 2
002242 2 0 2
600558 1 1 2
002416 2 0 2
600822 1 1 2
002060 1 1 2
600531 1 1 2
600240 2 0 2
600565 1 1 2
000911 1 1 2
002085 1 1 2
600712 1 1 2
000868 1 1 2
002291 1 1 2
002297 2 0 2
002192 1 1 2
002031 2 0 2
600449 1 1 2
000531 1 1 2
000982 1 1 2
600284 2 0 2
002320 2 0 2
600638 1 1 2
600826 1 1 2
000777 1 1 2
002390 2 0 2
600020 1 1 2
000507 1 1 2
000544 1 1 2
002172 1 1 2
600480 1 1 2
000031 2 0 2
000415 1 1 2
600871 2 0 2
601101 2 0 2
300018 1 1 2
002216 1 1 2
002352 1 1 2
002355 1 1 2
600708 1 1 2
600870 1 1 2
600683 1 1 2
600685 1 1 2
600677 1 1 2
002183 2 0 2
002182 1 1 2
600777 1 1 2
000516 1 1 2
600452 2 0 2
600455 1 1 2
002431 2 0 2
002430 2 0 2
600459 1 1 2
600226 1 1 2
000905 1 1 2
002311 2 0 2
002313 2 0 2
000768 1 1 2
002380 2 0 2
600629 1 1 2
600886 1 1 2
600735 2 0 2
002299 1 1 2
600495 1 1 2
002164 2 0 2
002339 2 0 2
600063 1 1 2
600438 2 0 2
600865 2 0 2
000727 2 0 2
000725 2 0 2
000686 1 1 2
000897 1 1 2
002018 1 1 2
600263 2 0 2
000752 1 1 2
000619 1 1 2
600279 1 1 2
000710 1 1 2
000050 1 1 2
600160 1 1 2
600803 1 1 2
000006 1 1 2
600971 2 0 2
002156 1 1 2
600527 1 1 2
600069 1 1 2
600503 1 1 2
000909 1 1 2
000977 1 1 2
000521 1 1 2
300030 2 0 2
002290 2 0 2
600159 0 2 2
000690 0 2 2
002062 0 2 2
000565 0 2 2
000564 0 2 2
000560 0 2 2
000707 0 2 2
002206 0 2 2
002035 0 2 2
000822 0 2 2
000088 0 2 2
000089 0 2 2
600422 0 2 2
600392 0 2 2
000685 0 2 2
002227 0 2 2
600018 0 2 2
002264 0 2 2
600780 1 0 1
002052 1 0 1
002055 1 0 1
600257 1 0 1
002117 1 0 1
000027 1 0 1
000534 1 0 1
300086 1 0 1
002023 1 0 1
600553 1 0 1
000554 1 0 1
600218 1 0 1
600277 1 0 1
600855 1 0 1
600619 1 0 1
000880 1 0 1
002096 1 0 1
000812 1 0 1
600976 1 0 1
600403 1 0 1
600405 1 0 1
600814 1 0 1
000420 1 0 1
000793 1 0 1
600098 1 0 1
002364 1 0 1
600665 1 0 1
600365 1 0 1
002033 1 0 1
002039 1 0 1
002421 1 0 1
002424 1 0 1
002329 1 0 1
000920 1 0 1
600283 1 0 1
600184 1 0 1
002256 1 0 1
600783 1 0 1
600310 1 0 1
002010 1 0 1
300011 1 0 1
601991 1 0 1
002212 1 0 1
600338 1 0 1
600688 1 0 1
002133 1 0 1
600171 1 0 1
600228 1 0 1
000582 1 0 1
300054 1 0 1
600643 1 0 1
600834 1 0 1
600170 1 0 1
002387 1 0 1
002043 1 0 1
600749 1 0 1
002167 1 0 1
600086 1 0 1
600128 1 0 1
600644 1 0 1
600461 1 0 1
002228 1 0 1
002342 1 0 1
600120 1 0 1
002221 1 0 1
600861 1 0 1
600842 1 0 1
600845 1 0 1
600163 1 0 1
002151 1 0 1
002012 1 0 1
600505 1 0 1
600238 1 0 1
000571 1 0 1
300040 1 0 1
002308 1 0 1
002306 1 0 1
000410 1 0 1
300036 1 0 1
300033 1 0 1
000828 0 1 1
002059 0 1 1
002286 0 1 1
600011 0 1 1
600356 0 1 1
600010 0 1 1
600724 0 1 1
601002 0 1 1
002337 0 1 1
002234 0 1 1
000662 0 1 1
000886 0 1 1
600755 0 1 1
002147 0 1 1
000407 0 1 1
600241 0 1 1
600973 0 1 1
000563 0 1 1
600539 0 1 1
600109 0 1 1
002365 0 1 1
000597 0 1 1
600091 0 1 1
000526 0 1 1
002034 0 1 1
600162 0 1 1
600566 0 1 1
600562 0 1 1
600995 0 1 1
600282 0 1 1
002321 0 1 1
600001 0 1 1
002258 0 1 1
002253 0 1 1
600189 0 1 1
600488 0 1 1
601333 0 1 1
600133 0 1 1
600317 0 1 1
600006 0 1 1
000601 0 1 1
000607 0 1 1
002356 0 1 1
002082 0 1 1
600306 0 1 1
000014 0 1 1
601872 0 1 1
600027 0 1 1
600173 0 1 1
600052 0 1 1
600469 0 1 1
600516 0 1 1
000766 0 1 1
002047 0 1 1
002049 0 1 1
600491 0 1 1
600641 0 1 1
600992 0 1 1
600012 0 1 1
002218 0 1 1
600862 0 1 1
600399 0 1 1
600262 0 1 1
002222 0 1 1
002126 0 1 1
002086 0 1 1
600022 0 1 1
000506 0 1 1
