600028 124 125 249
600036 127 119 246
600016 111 101 212
000002 106 105 211
600050 99 107 206
000063 92 94 186
600900 84 94 178
600019 93 83 176
600000 87 77 164
600009 68 92 160
600030 84 74 158
600519 69 77 146
000858 78 66 144
600887 64 74 138
000069 70 63 133
000402 60 65 125
601398 71 47 118
600005 68 46 114
000060 54 53 107
600320 51 55 106
600694 52 54 106
000039 56 48 104
601006 60 43 103
600037 54 49 103
002024 53 47 100
600583 42 58 100
600309 48 46 94
000898 50 44 94
600879 42 49 91
000792 43 46 89
600269 34 51 85
600331 40 43 83
000024 40 41 81
000157 42 38 80
000538 33 38 71
600547 35 35 70
600383 33 35 68
000825 41 25 66
600688 29 37 66
600348 27 38 65
000839 37 27 64
600361 32 30 62
000568 34 25 59
600489 27 32 59
000768 30 29 59
000869 28 30 58
000410 32 24 56
600183 26 29 55
600717 27 27 54
600316 28 26 54
600596 28 26 54
600026 27 27 54
000970 24 30 54
000625 29 23 52
600456 28 24 52
600296 29 23 52
600795 21 30 51
600271 23 28 51
600616 22 29 51
600415 19 32 51
600015 24 27 51
600761 25 26 51
000400 26 24 50
000528 26 24 50
000001 31 19 50
600123 23 27 50
600809 26 23 49
000807 28 20 48
600585 22 25 47
000061 27 20 47
600549 21 23 44
000623 25 18 43
600675 22 21 43
000423 23 20 43
000729 22 21 43
600033 14 28 42
600406 17 25 42
601988 23 19 42
600018 14 28 42
600104 23 18 41
000983 18 23 41
600219 22 19 41
600276 18 22 40
600497 16 24 40
600150 17 22 39
600048 21 18 39
000709 26 13 39
600660 20 18 38
600089 21 17 38
600031 21 16 37
600685 21 16 37
601111 22 15 37
600011 13 24 37
000651 18 19 37
600205 16 19 35
600832 14 21 35
600085 14 21 35
600029 18 17 35
000031 15 19 34
000900 13 21 34
000089 16 17 33
600362 15 17 32
000088 16 16 32
600438 15 17 32
600312 15 16 31
600428 18 13 31
600739 16 15 31
600636 14 17 31
000027 13 17 30
000927 15 15 30
600299 16 14 30
600855 16 14 30
600418 12 18 30
600631 18 12 30
600125 13 17 30
600628 12 17 29
000933 17 12 29
600118 16 13 29
000951 14 14 28
000629 14 13 27
600895 15 12 27
600859 16 11 27
600535 12 15 27
600808 18 9 27
600811 12 14 26
000006 18 8 26
000550 14 12 26
600875 14 12 26
002025 11 14 25
000987 14 11 25
600410 12 13 25
600161 14 11 25
600151 13 11 24
600970 10 14 24
600718 13 11 24
000878 15 9 24
600010 11 13 24
000758 13 11 24
600511 13 10 23
000930 12 11 23
000680 13 10 23
000617 11 12 23
600330 10 13 23
600584 13 10 23
600360 13 9 22
600472 13 9 22
600835 14 8 22
600143 11 11 22
600308 10 12 22
000895 10 12 22
600325 13 8 21
000630 9 12 21
600886 10 11 21
600642 10 11 21
600500 8 13 21
600423 10 10 20
600533 7 13 20
600550 10 10 20
600177 10 10 20
600426 10 10 20
000012 11 9 20
000619 11 9 20
600588 8 11 19
600973 11 8 19
000917 10 9 19
600350 10 9 19
600307 10 9 19
000837 8 11 19
600439 8 11 19
000960 9 9 18
600563 7 11 18
600001 9 9 18
002008 12 6 18
000581 7 11 18
600831 10 8 18
600066 9 9 18
000616 12 6 18
600600 6 12 18
600022 13 5 18
000911 4 13 17
000612 10 7 17
000793 14 3 17
600315 11 6 17
600639 9 8 17
600475 8 8 16
600858 11 5 16
600582 9 7 16
600327 9 7 16
600787 8 8 16
000852 8 8 16
600195 11 5 16
600460 8 8 16
000759 9 7 16
600270 3 12 15
600416 8 7 15
000866 3 12 15
600880 9 6 15
600888 8 7 15
600084 9 6 15
600012 6 9 15
600467 9 6 15
000562 8 6 14
600829 9 5 14
600004 5 9 14
600088 8 6 14
600677 7 7 14
600196 7 7 14
000549 10 4 14
600598 6 8 14
600436 8 6 14
600258 7 6 13
002028 6 7 13
600386 7 6 13
000997 5 8 13
601699 7 6 13
600867 8 5 13
600289 7 6 13
600521 6 7 13
600138 8 5 13
600963 7 6 13
601588 5 8 13
600236 4 9 13
600008 2 10 12
600495 6 6 12
600262 6 6 12
600690 9 3 12
600597 5 7 12
600432 7 5 12
000488 6 6 12
600096 6 5 11
002027 5 6 11
002022 7 4 11
600202 3 8 11
600002 3 8 11
600035 4 7 11
000831 6 5 11
600827 4 7 11
600058 5 6 11
002007 4 7 11
600420 3 8 11
002041 2 9 11
600591 5 6 11
600729 5 5 10
000539 6 4 10
600302 6 4 10
600491 5 5 10
600261 6 4 10
600693 6 4 10
600592 5 5 10
000978 8 2 10
000848 4 5 9
600755 5 4 9
000401 6 3 9
600060 4 5 9
000021 4 5 9
601333 4 5 9
600557 3 6 9
600054 4 5 9
600737 4 5 9
600067 6 3 9
000428 5 4 9
000829 6 3 9
600595 5 4 9
600337 5 4 9
000099 4 4 8
000690 6 2 8
600580 4 4 8
600754 5 3 8
601628 8 0 8
600797 6 2 8
000926 4 4 8
600132 3 5 8
600686 5 3 8
600176 4 4 8
600458 4 4 8
600517 6 2 8
000932 1 7 8
600266 6 2 8
600697 4 4 8
600590 5 3 8
600160 1 7 8
600764 3 5 8
000537 5 2 7
600078 3 4 7
002029 5 2 7
000910 5 2 7
000956 2 5 7
000022 3 4 7
600786 4 3 7
002039 3 4 7
000598 4 3 7
600282 3 4 7
600740 4 3 7
600748 5 2 7
000733 3 4 7
000608 6 1 7
600673 4 3 7
600172 3 4 7
600298 5 2 7
000767 4 3 7
000762 4 3 7
002045 5 2 7
600649 4 3 7
000800 2 5 7
000090 3 3 6
600790 4 2 6
002021 4 2 6
600007 3 3 6
600611 3 3 6
600750 4 2 6
002069 6 0 6
002061 3 3 6
000888 4 2 6
600863 3 3 6
002037 2 4 6
000777 3 3 6
600627 3 3 6
002073 5 1 6
600256 2 4 6
600122 3 3 6
600220 3 3 6
600062 4 2 6
600064 4 2 6
600303 3 3 6
600260 3 3 6
600594 3 3 6
000050 3 3 6
000652 2 4 6
000657 4 2 6
002056 3 2 5
000028 3 2 5
600075 3 2 5
002023 2 3 5
600479 3 2 5
600208 4 1 5
600322 3 2 5
600978 4 1 5
000969 3 2 5
600710 2 3 5
600169 2 3 5
002031 3 2 5
002032 3 2 5
002038 2 3 5
600216 2 3 5
600435 3 2 5
600825 3 2 5
600485 2 3 5
600317 2 3 5
000823 4 1 5
000826 2 3 5
600468 2 3 5
600006 2 3 5
600777 2 3 5
600197 2 3 5
002001 1 4 5
002048 3 2 5
600087 1 4 5
600268 3 2 5
600548 4 1 5
002084 2 3 5
001696 3 2 5
000972 4 1 5
000717 3 2 5
002059 2 2 4
600153 1 3 4
600655 3 1 4
600651 2 2 4
600372 2 2 4
600572 2 2 4
000999 4 0 4
600102 3 1 4
000963 2 2 4
600817 2 2 4
002082 2 2 4
000527 1 3 4
000912 2 2 4
600713 3 1 4
600211 2 2 4
000778 3 1 4
600881 2 2 4
600525 2 2 4
600481 2 2 4
000822 2 2 4
600960 4 0 4
600117 2 2 4
002003 2 2 4
002009 2 2 4
000860 4 0 4
000761 2 2 4
002046 3 1 4
002049 2 2 4
600017 2 2 4
600861 3 1 4
600166 1 3 4
600527 3 1 4
600111 3 1 4
600332 3 1 4
000541 0 4 4
600893 2 1 3
600366 1 2 3
000667 2 1 3
600839 1 2 3
600536 2 1 3
600323 1 2 3
000708 1 2 3
000707 2 1 3
002081 2 1 3
002085 1 2 3
600664 1 2 3
600449 1 2 3
000569 1 2 3
000591 2 1 3
000988 1 2 3
600280 3 0 3
600828 1 2 3
600741 1 2 3
600189 3 0 3
600529 1 2 3
000559 2 1 3
600962 1 2 3
000046 2 1 3
600779 1 2 3
600459 2 1 3
600518 2 1 3
000906 1 2 3
000939 2 1 3
000935 2 1 3
000876 1 2 3
600397 2 1 3
000755 2 1 3
000897 2 1 3
002088 1 2 3
600188 1 2 3
002010 2 1 3
600114 2 1 3
600502 1 2 3
002033 0 3 3
600377 0 3 3
601991 0 3 3
600726 1 1 2
000833 1 1 2
002053 1 1 2
002052 1 1 2
600094 1 1 2
600792 1 1 2
000533 1 1 2
600378 1 1 2
600379 2 0 2
600363 1 1 2
600352 1 1 2
600201 1 1 2
600401 1 1 2
600724 1 1 2
600392 1 1 2
000663 1 1 2
000958 1 1 2
000698 1 1 2
600581 1 1 2
002095 1 1 2
000406 1 1 2
000815 1 1 2
000811 1 1 2
600247 1 1 2
000565 1 1 2
000560 1 1 2
600409 2 0 2
000799 1 1 2
600098 1 1 2
600371 1 1 2
600663 2 0 2
000522 1 1 2
002035 1 1 2
600162 1 1 2
600971 1 1 2
600218 1 1 2
000531 1 1 2
000928 1 1 2
600820 1 1 2
600826 1 1 2
600824 1 1 2
600736 1 1 2
600184 1 1 2
600742 1 1 2
000503 1 1 2
000501 1 1 2
600027 2 0 2
600408 2 0 2
600487 2 0 2
000419 1 1 2
600961 1 1 2
600967 1 1 2
600965 1 1 2
600570 2 0 2
600571 1 1 2
600469 1 1 2
000731 1 1 2
000783 1 1 2
000786 1 1 2
600871 1 1 2
600872 1 1 2
600815 1 1 2
600126 1 1 2
000042 2 0 2
600051 1 1 2
600452 1 1 2
000887 1 1 2
000882 2 0 2
000938 1 1 2
000936 1 1 2
600732 1 1 2
600343 2 0 2
600801 2 0 2
600128 1 1 2
600643 1 1 2
000937 1 1 2
600198 1 1 2
000726 1 1 2
000686 1 1 2
600523 1 1 2
002014 1 1 2
600509 2 0 2
600110 1 1 2
600230 1 1 2
000973 1 1 2
000718 1 1 2
600806 1 1 2
000899 1 1 2
000066 1 1 2
000100 0 2 2
000662 0 2 2
600328 0 2 2
601872 0 2 2
002078 0 2 2
002075 0 2 2
000602 0 2 2
600870 0 2 2
600221 0 2 2
600357 0 2 2
600837 0 2 2
000429 0 2 2
000715 0 2 2
600723 1 0 1
600896 1 0 1
600071 1 0 1
600072 1 0 1
000913 1 0 1
000695 1 0 1
002065 1 0 1
000420 1 0 1
000421 1 0 1
000819 1 0 1
002030 1 0 1
600884 1 0 1
002079 1 0 1
002076 1 0 1
600528 1 0 1
000609 1 0 1
600874 1 0 1
600086 1 0 1
000589 1 0 1
600290 1 0 1
600635 1 0 1
600641 1 0 1
600997 1 0 1
000877 1 0 1
000949 1 0 1
000727 1 0 1
000682 1 0 1
000748 1 0 1
600267 1 0 1
000753 1 0 1
600765 1 0 1
600020 1 0 1
600501 1 0 1
000572 1 0 1
000155 0 1 1
002086 0 1 1
600897 0 1 1
002054 0 1 1
002020 0 1 1
600470 0 1 1
600351 0 1 1
000998 0 1 1
000417 0 1 1
000068 0 1 1
002094 0 1 1
002091 0 1 1
002099 0 1 1
600405 0 1 1
600812 0 1 1
600814 0 1 1
002092 0 1 1
000422 0 1 1
600716 0 1 1
600249 0 1 1
002100 0 1 1
600662 0 1 1
000919 0 1 1
000525 0 1 1
600561 0 1 1
600217 0 1 1
000902 0 1 1
000859 0 1 1
600823 0 1 1
600731 0 1 1
000776 0 1 1
601666 0 1 1
600630 0 1 1
002070 0 1 1
002077 0 1 1
600133 0 1 1
600318 0 1 1
000780 0 1 1
000788 0 1 1
600775 0 1 1
600059 0 1 1
600512 0 1 1
600834 0 1 1
600498 0 1 1
600081 0 1 1
600640 0 1 1
000425 0 1 1
600305 0 1 1
000513 0 1 1
600993 0 1 1
600391 0 1 1
000725 0 1 1
000618 0 1 1
600840 0 1 1
002083 0 1 1
002087 0 1 1
600601 0 1 1
600508 0 1 1
600482 0 1 1
000806 0 1 1
600233 0 1 1
000655 0 1 1
000036 0 1 1
