600030 187 184 371
600036 177 158 335
601318 191 126 317
000002 173 125 298
600050 131 136 267
600000 140 124 264
600016 170 84 254
601166 132 86 218
600048 108 95 203
000001 102 95 197
601088 99 92 191
600028 94 95 189
601601 114 67 181
600837 103 67 170
000983 82 80 162
601628 80 75 155
600005 72 78 150
600383 80 69 149
600519 71 77 148
601398 75 71 146
000157 80 63 143
600031 77 64 141
601939 81 59 140
000024 72 63 135
601186 49 86 135
600089 50 80 130
601328 88 40 128
600348 68 60 128
000792 54 68 122
600739 74 48 122
002024 50 71 121
601169 77 40 117
000063 57 59 116
600015 60 52 112
601699 54 51 105
600585 57 48 105
601919 51 52 103
601390 51 51 102
000937 56 45 101
000060 56 44 100
600019 48 52 100
000568 51 48 99
601899 58 41 99
000898 49 49 98
601168 58 39 97
000651 51 45 96
600550 46 48 94
000402 51 41 92
601666 44 48 92
000623 56 35 91
000069 52 39 91
601857 49 39 88
601006 29 57 86
000858 51 35 86
600547 35 51 86
600325 51 31 82
600309 35 45 80
600900 28 50 78
000800 38 40 78
000933 39 38 77
000878 37 38 75
002202 35 39 74
000825 51 22 73
600875 37 34 71
600583 31 35 66
600029 37 29 66
600895 32 33 65
600026 32 31 63
000527 40 22 62
601001 32 29 61
601766 20 41 61
000012 26 35 61
601009 39 21 60
000709 36 23 59
600428 26 33 59
600104 34 24 58
601898 29 28 57
000425 38 19 57
600362 34 22 56
600887 31 25 56
600795 26 29 55
000839 30 25 55
600331 29 26 55
600123 33 21 54
000009 31 19 50
600100 17 32 49
000629 19 29 48
000338 32 15 47
000895 25 22 47
000401 21 25 46
000960 27 19 46
600808 27 18 45
600153 21 23 44
600748 24 20 44
600694 22 22 44
600395 22 21 43
600426 16 26 42
601808 15 26 41
601988 26 14 40
600415 19 21 40
600690 19 21 40
600660 19 20 39
600009 12 27 39
601111 21 18 39
600586 18 20 38
600741 22 15 37
600276 15 21 36
600489 10 26 36
600880 13 23 36
600635 19 17 36
600166 20 16 36
600997 15 20 35
600312 11 23 34
600675 21 13 34
600456 12 22 34
600649 19 15 34
600432 15 19 34
600196 19 14 33
600596 16 17 33
000932 16 16 32
600271 7 24 31
600582 16 15 31
000630 16 15 31
600096 13 17 30
000528 19 11 30
000951 15 15 30
600068 13 17 30
600549 15 15 30
600011 12 18 30
600518 13 16 29
000059 16 13 29
600963 12 16 28
600598 11 17 28
000538 11 16 27
002028 11 16 27
600581 15 12 27
600001 18 9 27
600195 12 15 27
600266 16 11 27
600150 11 15 26
601333 12 14 26
601600 15 11 26
600269 10 16 26
600037 12 13 25
600449 10 15 25
002073 13 12 25
000422 13 12 25
600111 10 15 25
600720 11 13 24
000917 9 15 24
601958 13 11 24
600872 12 12 24
600674 13 10 23
600642 12 11 23
600117 15 8 23
600406 11 11 22
600600 9 13 22
002038 10 12 22
600639 11 11 22
600256 8 14 22
600859 8 13 21
000400 10 11 21
600231 13 8 21
000686 13 8 21
600655 11 9 20
600320 12 8 20
002244 10 10 20
600102 11 9 20
600027 10 10 20
600816 8 11 19
600143 7 12 19
600216 12 7 19
600316 9 10 19
000046 13 6 19
600517 8 11 19
000680 6 13 19
000999 8 10 18
600858 7 11 18
600717 4 14 18
600664 7 11 18
600528 11 7 18
601866 10 8 18
600221 10 8 18
600425 9 9 18
600737 7 11 18
600307 11 7 18
000758 12 6 18
600693 11 7 18
600804 6 12 18
000027 7 10 17
600970 9 8 17
000968 7 10 17
000911 8 9 17
000006 8 9 17
600251 9 8 17
600966 7 10 17
601998 13 4 17
600511 8 9 17
002122 8 9 17
000877 5 12 17
000926 11 5 16
000969 8 8 16
601918 10 6 16
000031 10 6 16
600663 8 8 16
002007 7 9 16
000729 11 5 16
000718 11 5 16
000488 9 7 16
600208 10 5 15
600557 6 9 15
600867 5 10 15
600289 6 9 15
600058 6 9 15
600236 5 10 15
600631 6 9 15
600498 8 7 15
000759 5 10 15
600252 7 7 14
002056 8 6 14
600478 7 7 14
000562 8 6 14
000987 6 8 14
600820 3 11 14
600486 9 5 14
000550 5 9 14
600418 9 5 14
600177 9 5 14
002001 7 7 14
600516 6 8 14
000768 3 11 14
000423 5 9 14
600644 7 7 14
600439 7 7 14
600162 9 5 14
600161 5 9 14
000683 7 7 14
002152 9 5 14
600475 7 6 13
000690 5 8 13
600535 7 6 13
002106 7 6 13
600219 5 8 13
000778 9 4 13
600881 9 4 13
000783 10 3 13
600879 4 9 13
000581 5 8 13
000762 7 6 13
002269 7 6 13
600062 7 6 13
600010 7 6 13
000616 10 3 13
000501 7 6 13
600118 4 9 13
600141 6 7 13
600893 8 4 12
000625 7 5 12
600202 4 8 12
002142 10 2 12
600109 5 7 12
000566 6 6 12
002123 5 7 12
600812 3 9 12
002109 6 6 12
000823 6 6 12
600685 5 7 12
600352 5 7 12
600835 5 7 12
600060 2 10 12
600886 4 8 12
600067 8 4 12
600267 5 7 12
600590 6 6 12
600607 2 10 12
600239 4 8 12
000807 8 4 12
000028 4 7 11
600376 6 5 11
002022 3 8 11
000698 6 5 11
000061 5 6 11
002146 7 4 11
002091 6 5 11
600622 8 3 11
600138 3 8 11
600315 6 5 11
600546 6 5 11
600688 7 4 11
002003 3 8 11
002008 5 6 11
601607 3 8 11
600087 6 5 11
600299 4 7 11
600169 3 8 11
002155 7 4 11
600809 5 6 11
600729 5 5 10
002147 4 6 10
600832 5 5 10
600754 7 3 10
002065 3 7 10
000407 6 4 10
600718 4 6 10
000826 4 6 10
600616 4 6 10
600779 7 3 10
600052 7 3 10
600423 5 5 10
000089 9 1 10
600497 6 4 10
000016 4 6 10
000726 5 5 10
600801 5 5 10
600570 2 7 9
600350 4 5 9
600201 2 7 9
000990 5 4 9
000869 4 5 9
600588 1 8 9
600785 6 3 9
000927 6 3 9
600826 3 6 9
000410 5 4 9
600686 5 4 9
600500 4 5 9
600178 4 5 9
000860 3 6 9
600170 6 3 9
000887 5 4 9
600066 2 7 9
600308 5 4 9
600188 4 5 9
000717 7 2 9
000876 5 4 9
000897 5 4 9
000537 6 2 8
601002 4 4 8
600973 5 3 8
000021 5 3 8
000597 4 4 8
600787 5 3 8
600282 5 3 8
600482 3 5 8
600485 3 5 8
600416 4 4 8
000789 4 4 8
600176 2 6 8
600831 4 4 8
600884 5 3 8
600697 4 4 8
600761 3 5 8
600022 4 4 8
600487 5 3 8
600258 2 5 7
000159 2 5 7
002110 4 3 7
600657 6 1 7
002025 4 3 7
600380 1 6 7
000667 5 2 7
600038 3 4 7
000739 3 4 7
000793 3 4 7
000799 3 4 7
600284 4 3 7
600742 6 1 7
002179 3 4 7
600132 3 4 7
600704 4 3 7
600971 4 3 7
600388 1 6 7
000903 3 4 7
000543 3 4 7
002261 3 4 7
002267 2 5 7
002041 4 3 7
600496 3 4 7
600391 2 5 7
600268 2 5 7
000755 4 3 7
600840 5 2 7
002088 3 4 7
600765 4 3 7
000014 4 3 7
002052 3 3 6
002115 3 3 6
600151 4 2 6
000901 2 4 6
600392 4 2 6
600580 3 3 6
600755 3 3 6
002063 1 5 6
600329 3 3 6
000965 3 3 6
000540 4 2 6
002129 4 2 6
002128 3 3 6
002204 1 5 6
000636 3 3 6
002191 2 4 6
000522 3 3 6
000912 2 4 6
600366 4 2 6
002032 3 3 6
000599 2 4 6
600410 2 4 6
000786 3 3 6
002215 3 3 6
000608 4 2 6
001696 4 2 6
600499 4 2 6
600770 4 2 6
000761 3 3 6
002266 2 4 6
600636 2 4 6
002161 5 1 6
600641 3 3 6
600995 2 4 6
600438 3 3 6
600018 4 2 6
000652 3 3 6
000685 2 4 6
600703 3 3 6
002083 3 3 6
600185 4 2 6
002018 3 3 6
000973 3 3 6
600361 2 4 6
000893 3 3 6
600897 3 3 6
002242 4 1 5
600097 4 1 5
600386 2 3 5
000090 3 2 5
000910 5 0 5
600611 4 1 5
600533 4 1 5
000815 3 2 5
000816 2 3 5
000563 3 2 5
000963 4 1 5
600351 1 4 5
002092 3 2 5
000635 3 2 5
000039 2 3 5
000525 2 3 5
000679 3 2 5
600736 2 3 5
000677 3 2 5
600098 3 2 5
600628 3 2 5
600983 3 2 5
000959 2 3 5
600521 1 4 5
000418 2 3 5
000671 3 2 5
600479 2 3 5
600004 2 3 5
600006 3 2 5
002194 4 1 5
002078 1 4 5
000042 3 2 5
002187 3 2 5
000589 3 2 5
002048 2 3 5
600125 1 4 5
000728 3 2 5
600261 3 2 5
000829 1 4 5
600844 2 3 5
002080 2 3 5
000712 4 1 5
600606 3 2 5
002154 3 2 5
600527 1 4 5
600337 2 3 5
000970 2 3 5
000655 3 2 5
600436 0 5 5
000820 2 2 4
000530 2 2 4
600986 3 1 4
002029 1 3 4
000848 2 2 4
000043 1 3 4
002233 3 1 4
600589 2 2 4
600612 1 3 4
600830 2 2 4
600750 2 2 4
002068 2 2 4
002140 2 2 4
000888 1 3 4
000962 2 2 4
000708 3 1 4
000790 2 2 4
000795 2 2 4
600863 2 2 4
600662 3 1 4
000919 2 2 4
600569 2 2 4
600468 2 2 4
000850 2 2 4
600280 2 2 4
002254 2 2 4
000513 2 2 4
600523 2 2 4
600525 2 2 4
600139 4 0 4
000822 1 3 4
600007 3 1 4
002214 1 3 4
601588 2 2 4
600683 2 2 4
600088 3 1 4
600190 2 2 4
000767 2 2 4
600059 2 2 4
000088 3 1 4
600888 2 2 4
600491 2 2 4
600126 3 1 4
600063 2 2 4
600017 1 3 4
600396 2 2 4
002223 1 3 4
000612 2 2 4
002121 3 1 4
600488 2 2 4
600522 2 2 4
600501 3 1 4
600529 2 2 4
002081 3 1 4
000650 2 2 4
600354 0 4 4
000417 2 1 3
600780 2 1 3
600090 3 0 3
600790 3 0 3
600791 1 2 3
600298 2 1 3
600896 2 1 3
002238 1 2 3
002241 1 2 3
600559 2 1 3
600321 1 2 3
600240 2 1 3
000541 1 2 3
600869 3 0 3
002037 1 2 3
000539 1 2 3
600827 1 2 3
600825 2 1 3
600480 2 1 3
600481 2 1 3
600317 3 0 3
600255 2 1 3
600724 2 1 3
000731 1 2 3
000600 1 2 3
002133 1 2 3
600677 2 1 3
600110 1 2 3
000514 1 2 3
600054 2 1 3
600246 1 2 3
000584 1 2 3
000862 2 1 3
000559 1 2 3
600085 1 2 3
600082 2 1 3
600643 2 1 3
600300 1 2 3
600861 2 1 3
600543 1 2 3
000619 2 1 3
002084 1 2 3
600597 1 2 3
600803 2 1 3
002011 2 1 3
600509 1 2 3
600503 2 1 3
600435 1 2 3
000875 1 2 3
600806 1 2 3
000899 1 2 3
000715 1 2 3
002232 0 3 3
600323 0 3 3
002183 0 3 3
600227 0 3 3
000099 1 1 2
000096 1 1 2
600725 1 1 2
002051 1 1 2
600651 1 1 2
600075 1 1 2
000531 1 1 2
600072 1 1 2
600375 1 1 2
600357 1 1 2
600575 1 1 2
000997 1 1 2
601008 1 1 2
601005 1 1 2
000861 1 1 2
000948 1 1 2
002236 1 1 2
000949 1 1 2
000697 1 1 2
600555 1 1 2
600551 1 1 2
000068 1 1 2
000100 1 1 2
600758 1 1 2
600039 1 1 2
600836 1 1 2
600839 1 1 2
002148 1 1 2
002064 1 1 2
600531 1 1 2
002097 1 1 2
600106 1 1 2
600322 1 1 2
000567 1 1 2
600978 1 1 2
000961 2 0 2
000022 2 0 2
601872 1 1 2
002099 1 1 2
600291 1 1 2
600159 1 1 2
600327 1 1 2
600326 1 1 2
000428 1 1 2
600145 1 1 2
000521 1 1 2
600367 1 1 2
000812 1 1 2
002039 1 1 2
000548 1 1 2
600561 1 1 2
600378 1 1 2
000595 1 1 2
000596 2 0 2
600379 1 1 2
000985 1 1 2
600638 1 1 2
600184 1 1 2
601727 1 1 2
000777 1 1 2
002258 1 1 2
002250 1 1 2
600740 1 1 2
600626 1 1 2
600621 1 1 2
600189 1 1 2
002172 1 1 2
000828 1 1 2
000415 1 1 2
000419 1 1 2
600558 1 1 2
600470 1 1 2
000785 1 1 2
002212 1 1 2
600287 2 0 2
000601 1 1 2
000602 1 1 2
600707 1 1 2
002132 1 1 2
600192 1 1 2
000516 1 1 2
002004 1 1 2
002006 1 1 2
600469 1 1 2
600458 1 1 2
600108 1 1 2
600673 1 1 2
600306 1 1 2
000905 1 1 2
600290 2 0 2
000885 1 1 2
000939 1 1 2
000935 1 1 2
002046 1 1 2
002042 1 1 2
002165 1 1 2
600640 1 1 2
000727 1 1 2
000837 1 1 2
000831 2 0 2
000830 1 1 2
600120 1 1 2
600115 1 1 2
000617 1 1 2
600848 1 1 2
600467 1 1 2
600591 1 1 2
600594 2 0 2
600595 1 1 2
600343 1 1 2
600021 1 1 2
002156 1 1 2
600069 1 1 2
600508 1 1 2
600507 2 0 2
600333 1 1 2
002104 2 0 2
600346 1 1 2
600805 1 1 2
600802 1 1 2
600360 1 1 2
000066 1 1 2
600033 0 2 2
600829 0 2 2
002251 0 2 2
600303 0 2 2
600064 0 2 2
600991 0 2 2
002017 0 2 2
000659 0 2 2
600723 1 0 1
600894 1 0 1
600650 1 0 1
600074 1 0 1
000536 1 0 1
002023 1 0 1
600277 1 0 1
002062 1 0 1
600243 1 0 1
600815 1 0 1
002085 1 0 1
600665 1 0 1
600359 1 0 1
600823 1 0 1
000511 1 0 1
600408 1 0 1
600961 1 0 1
600008 1 0 1
600702 1 0 1
600175 1 0 1
600129 1 0 1
000900 1 0 1
000558 1 0 1
600121 1 0 1
000975 1 0 1
600399 1 0 1
600865 1 0 1
600797 1 0 1
600553 1 0 1
600119 1 0 1
600502 1 0 1
600112 1 0 1
600237 1 0 1
000572 1 0 1
000978 1 0 1
000155 0 1 1
600845 0 1 1
002243 0 1 1
002055 0 1 1
002054 0 1 1
000533 0 1 1
600078 0 1 1
600985 0 1 1
002228 0 1 1
600389 0 1 1
601003 0 1 1
600857 0 1 1
000663 0 1 1
000661 0 1 1
000611 0 1 1
600615 0 1 1
000952 0 1 1
600035 0 1 1
002060 0 1 1
002067 0 1 1
600101 0 1 1
000811 0 1 1
600328 0 1 1
000560 0 1 1
600405 0 1 1
600810 0 1 1
000707 0 1 1
002206 0 1 1
002207 0 1 1
002192 0 1 1
002151 0 1 1
000569 0 1 1
600281 0 1 1
600079 0 1 1
600824 0 1 1
600828 0 1 1
002252 0 1 1
002177 0 1 1
002074 0 1 1
600962 0 1 1
600969 0 1 1
002211 0 1 1
002131 0 1 1
600122 0 1 1
000515 0 1 1
002005 0 1 1
600510 0 1 1
600223 0 1 1
600339 0 1 1
600295 0 1 1
000760 0 1 1
000936 0 1 1
002208 0 1 1
002264 0 1 1
600495 0 1 1
600490 0 1 1
002163 0 1 1
000748 0 1 1
002227 0 1 1
600466 0 1 1
002089 0 1 1
600760 0 1 1
002015 0 1 1
600332 0 1 1
