601318 210 119 329
600048 170 136 306
000858 136 143 279
000002 163 112 275
601601 144 120 264
600837 153 110 263
600030 165 97 262
600519 129 130 259
601166 116 125 241
600383 149 86 235
600036 81 152 233
600016 90 128 218
600104 109 102 211
000651 117 75 192
000568 93 92 185
002024 91 87 178
000157 115 62 177
600887 86 88 174
000024 97 75 172
600585 86 86 172
600000 62 105 167
000527 78 82 160
600015 62 95 157
601628 84 71 155
601699 75 76 151
601088 58 83 141
000069 86 54 140
000401 69 70 139
000423 56 81 137
000895 65 70 135
600031 78 53 131
600518 65 62 127
600376 67 58 125
601336 68 55 123
600123 43 72 115
000063 51 61 112
000937 62 47 109
600406 49 58 107
000001 40 67 107
601669 51 41 92
000538 44 46 90
600395 54 36 90
601006 37 52 89
600809 45 43 88
601009 27 58 85
600066 47 38 85
600050 31 53 84
600028 43 40 83
600111 41 41 82
600549 46 35 81
002304 48 32 80
002241 46 33 79
600694 36 42 78
600739 36 40 76
600875 26 47 73
601169 38 34 72
600535 40 31 71
600060 38 33 71
600079 39 31 70
000776 38 31 69
000630 35 33 68
000338 39 29 68
000983 38 29 67
601398 33 33 66
601668 38 27 65
600199 42 23 65
000528 36 27 63
600702 34 29 63
600690 26 37 63
600348 30 33 63
000869 27 33 60
300070 33 27 60
002236 38 22 60
000581 26 34 60
601808 30 30 60
002415 35 24 59
601288 26 33 59
600011 45 14 59
600276 23 35 58
002146 34 24 58
000799 31 27 58
601688 41 17 58
600153 30 27 57
600741 30 27 57
002073 19 37 56
600362 30 25 55
600547 31 24 55
600141 25 29 54
601717 19 35 54
600742 34 20 54
600266 33 21 54
600208 30 23 53
600805 22 30 52
600859 26 25 51
600143 22 29 51
601788 35 16 51
601328 23 27 50
600489 30 20 50
600309 23 27 50
600267 21 29 50
000656 20 30 50
000961 30 19 49
000650 21 28 49
000596 20 28 48
000783 31 17 48
000562 28 19 47
002081 30 17 47
600720 32 14 46
600795 28 18 46
600256 21 25 46
601117 25 21 46
600157 19 26 45
002038 22 23 45
600637 16 28 44
002007 23 21 44
002375 25 18 43
000998 21 22 43
002106 20 23 43
600498 23 20 43
601888 19 24 43
000999 23 19 42
600582 22 20 42
000402 23 19 42
600970 17 25 42
000800 23 19 42
600271 16 24 40
601766 20 20 40
002638 20 20 40
000926 27 13 40
600068 16 24 40
000629 15 24 39
000625 28 10 38
600366 23 15 38
002230 17 21 38
002482 24 14 38
600588 15 23 38
000792 13 25 38
300027 19 19 38
002029 24 14 38
600312 15 23 38
002353 17 21 38
600750 22 15 37
600315 19 18 37
600546 19 18 37
600125 17 20 37
000422 22 15 37
000728 29 8 37
600166 13 24 37
600999 29 7 36
002594 17 18 35
600594 22 13 35
002155 20 15 35
600583 19 15 34
000417 13 21 34
000933 15 19 34
600298 13 20 33
601918 24 9 33
002293 16 17 33
000826 19 14 33
002385 19 14 33
000540 19 14 33
600600 14 19 33
000718 22 11 33
600893 16 16 32
000876 14 18 32
300146 13 19 32
601857 18 14 32
600138 17 15 32
600559 14 18 32
601377 19 13 32
000012 23 9 32
600801 13 19 32
600858 15 16 31
600325 20 11 31
600827 13 18 31
600009 8 23 31
600176 16 15 31
600881 19 12 31
000729 18 12 30
000616 19 11 30
002123 11 19 30
000970 16 14 30
600010 12 17 29
002063 16 13 29
000963 16 13 29
600369 20 9 29
601566 14 15 29
600900 12 17 29
002277 8 20 28
601299 15 13 28
002431 16 12 28
000888 17 11 28
600019 13 15 28
601939 13 15 28
600337 12 16 28
600239 15 13 28
601555 13 14 27
300058 10 17 27
002457 15 12 27
002456 17 10 27
601866 18 9 27
002422 15 12 27
300115 13 14 27
600458 14 13 27
002157 18 9 27
000877 13 14 27
000623 10 16 26
000039 13 13 26
600557 9 17 26
600177 15 11 26
601898 8 18 26
000400 12 13 25
600027 14 11 25
600521 14 11 25
601998 12 13 25
002310 15 10 25
600085 18 7 25
600340 15 10 25
002069 12 13 25
600570 17 7 24
002142 13 11 24
600109 15 9 24
002477 16 8 24
000049 14 10 24
600067 13 11 24
000028 14 9 23
002325 10 13 23
601333 9 14 23
600703 18 5 23
002001 11 12 23
002344 9 14 23
002400 10 12 22
600778 11 11 22
600511 15 7 22
002535 11 11 22
600729 7 14 21
601633 15 6 21
600587 13 8 21
000789 8 13 21
600223 12 9 21
600422 10 11 21
600467 10 11 21
002055 5 15 20
300079 11 9 20
002244 10 10 20
000960 11 9 20
002099 8 12 20
600697 9 11 20
002475 11 9 20
600418 9 11 20
601992 15 5 20
600196 11 9 20
002430 9 11 20
300124 10 10 20
000425 10 10 20
600188 7 13 20
600581 9 10 19
000100 13 6 19
002140 12 7 19
601901 12 7 19
600660 12 7 19
002635 13 6 19
600259 13 6 19
600388 8 11 19
600426 9 10 19
000848 12 7 19
002041 3 16 19
000686 11 8 19
600261 10 9 19
002223 9 10 19
300251 6 12 18
300171 8 10 18
000666 8 10 18
002065 10 8 18
601933 9 9 18
000522 8 10 18
002028 11 7 18
000671 11 7 18
600880 6 12 18
000680 9 9 18
002129 9 9 18
600029 9 9 18
002152 8 10 18
000060 9 9 18
600354 7 10 17
300105 10 7 17
600403 6 11 17
300020 5 12 17
002583 8 9 17
601666 9 8 17
600888 8 9 17
000661 5 12 17
300005 12 5 17
300039 9 8 17
600098 7 9 16
002450 7 9 16
601988 8 8 16
601989 8 8 16
600096 5 11 16
002179 4 12 16
600252 6 10 16
601928 10 6 16
600779 6 10 16
600195 6 10 16
000887 5 11 16
601800 10 6 16
601607 7 9 16
000750 4 12 16
600183 9 7 16
600021 11 5 16
000009 6 10 16
002299 6 10 16
002056 6 9 15
002025 3 12 15
300088 9 6 15
600537 5 10 15
300241 8 7 15
601311 6 9 15
002327 10 5 15
600502 5 10 15
000550 7 8 15
601100 10 5 15
601991 8 7 15
002503 8 7 15
000807 8 7 15
000860 10 5 15
600835 6 9 15
600303 5 10 15
600118 5 10 15
600115 10 5 15
000061 5 9 14
000968 10 4 14
002269 6 8 14
600967 10 4 14
002474 7 7 14
000927 6 8 14
002603 5 9 14
000780 8 6 14
000786 8 6 14
600056 6 8 14
600517 6 8 14
000861 8 6 14
601899 6 8 14
002405 6 8 14
600062 7 7 14
002086 3 11 14
000537 8 5 13
600528 6 7 13
300101 4 9 13
600240 4 9 13
002205 8 5 13
002369 6 7 13
002285 8 5 13
002296 7 6 13
600415 3 10 13
600059 10 3 13
002612 12 1 13
000501 6 7 13
600723 2 10 12
300253 6 6 12
002281 3 9 12
600655 4 8 12
000639 5 7 12
002485 3 9 12
600584 6 6 12
000566 5 7 12
300267 8 4 12
601718 4 8 12
002037 5 7 12
600058 6 6 12
600425 4 8 12
600292 5 7 12
002387 5 7 12
002266 4 8 12
600642 6 6 12
600397 7 5 12
603001 9 3 12
002156 7 5 12
002154 5 7 12
300216 3 9 12
600787 6 5 11
002051 6 5 11
300170 7 4 11
300077 3 8 11
002484 5 6 11
600612 5 6 11
002564 5 6 11
000919 6 5 11
002429 10 1 11
600216 4 7 11
600288 4 7 11
601106 5 6 11
000513 8 3 11
600251 5 6 11
601101 4 7 11
600675 5 6 11
000046 5 6 11
002185 6 5 11
002004 8 3 11
300059 6 5 11
601111 6 5 11
600770 4 7 11
002167 7 4 11
600260 5 6 11
002089 5 6 11
600597 6 5 11
600765 6 5 11
600335 6 5 11
600332 6 5 11
600436 3 8 11
000878 4 7 11
002273 2 8 10
601010 4 6 10
002376 7 3 10
000823 6 4 10
000598 5 5 10
601919 5 5 10
002410 4 6 10
600816 6 4 10
300144 3 7 10
000811 2 8 10
600785 4 6 10
600563 1 9 10
000778 3 7 10
002216 6 4 10
601798 3 7 10
600197 7 3 10
002005 4 6 10
600456 4 6 10
601727 5 5 10
600993 4 6 10
002345 8 2 10
002436 4 6 10
002013 4 6 10
002501 4 6 10
600724 5 4 9
600257 4 5 9
000026 6 3 9
600352 3 6 9
601001 5 4 9
600329 7 2 9
600976 4 5 9
300257 2 7 9
600815 5 4 9
300026 6 3 9
000635 5 4 9
600863 9 0 9
000592 3 6 9
002195 5 4 9
000969 2 7 9
000917 4 5 9
002582 1 8 9
000690 8 1 9
300182 5 4 9
600280 4 5 9
002397 5 4 9
002050 4 5 9
000415 3 6 9
600704 6 3 9
600686 4 5 9
300273 5 4 9
002161 1 8 9
600491 4 5 9
600761 2 7 9
002656 6 3 9
601369 3 5 8
600150 2 6 8
000539 8 0 8
300291 4 4 8
002233 5 3 8
002481 2 6 8
002419 3 5 8
002092 3 5 8
600101 4 4 8
600100 3 5 8
600322 4 4 8
000563 5 3 8
600108 2 6 8
600716 3 5 8
002104 5 3 8
002292 3 5 8
002294 7 1 8
002589 6 2 8
300187 3 5 8
300064 4 4 8
600823 2 6 8
002255 4 4 8
002177 2 6 8
300017 5 3 8
600481 2 6 8
600416 4 4 8
300159 4 4 8
300015 2 6 8
300156 5 3 8
601098 4 4 8
002138 4 4 8
300274 2 6 8
600831 4 4 8
600839 3 5 8
002261 2 6 8
600636 4 4 8
600496 4 4 8
000059 3 5 8
000430 3 5 8
002298 2 6 8
600187 0 8 8
002271 6 1 7
002283 1 6 7
600373 5 2 7
002458 4 3 7
002470 6 1 7
300104 4 3 7
002091 2 5 7
600978 4 3 7
002465 4 3 7
601139 1 6 7
600664 2 5 7
002033 5 2 7
000989 6 1 7
300068 1 6 7
002320 3 4 7
600736 4 3 7
002254 2 5 7
002250 3 4 7
000551 3 4 7
300300 6 1 7
300301 6 1 7
002249 2 5 7
000521 2 5 7
002214 2 5 7
600707 5 2 7
300228 4 3 7
601588 5 2 7
600117 3 4 7
600460 3 4 7
600461 1 6 7
600674 5 2 7
300198 5 2 7
300298 5 2 7
600088 3 4 7
600497 4 3 7
600495 2 5 7
600997 3 4 7
600089 1 6 7
000979 4 3 7
000665 5 2 7
002014 5 2 7
600331 2 5 7
600802 3 4 7
600132 0 7 7
002572 2 4 6
000090 3 3 6
600895 2 4 6
002389 2 4 6
600790 3 3 6
600372 3 3 6
600377 3 3 6
600572 6 0 6
300072 4 2 6
002672 4 2 6
002480 3 3 6
600616 4 2 6
300207 4 2 6
000543 4 2 6
002094 1 5 6
002662 5 1 6
002460 3 3 6
002567 5 1 6
600327 1 5 6
002039 4 2 6
000590 3 3 6
002396 4 2 6
600316 2 4 6
002671 4 2 6
300302 4 2 6
000957 3 3 6
601002 2 4 6
601238 5 1 6
600673 2 4 6
000516 1 5 6
002438 2 4 6
600246 4 2 6
300054 4 2 6
002311 4 2 6
000885 2 4 6
000559 1 5 6
600886 6 0 6
600633 3 3 6
000636 2 4 6
000407 2 4 6
600998 4 2 6
002445 4 2 6
300090 3 3 6
300096 2 4 6
600469 3 3 6
000726 3 3 6
000725 5 1 6
300002 3 3 6
002341 3 3 6
002340 2 4 6
600160 2 4 6
600763 1 5 6
002153 4 2 6
300043 4 2 6
002658 4 2 6
002653 5 1 6
002306 4 2 6
300136 3 3 6
600804 3 3 6
300134 2 4 6
601126 3 3 6
300133 4 2 6
600586 3 2 5
002573 3 2 5
601636 5 0 5
002115 1 4 5
000027 5 0 5
601258 3 2 5
600077 2 3 5
000536 2 3 5
300086 4 1 5
300306 3 2 5
300074 1 4 5
300102 1 4 5
000880 2 3 5
002414 2 3 5
002144 3 2 5
002068 3 2 5
600106 1 4 5
002466 2 3 5
002563 1 4 5
300245 1 4 5
603366 3 2 5
002663 5 0 5
300062 3 2 5
300087 1 4 5
300083 2 3 5
300119 2 3 5
002557 3 2 5
002251 3 2 5
600386 2 3 5
600486 4 1 5
300309 4 1 5
300157 4 1 5
000608 2 3 5
300113 3 2 5
002008 1 4 5
600516 2 3 5
300197 4 1 5
000762 2 3 5
601118 2 3 5
002262 3 2 5
000951 2 3 5
002045 1 4 5
002049 3 2 5
600643 3 2 5
300006 3 2 5
002221 2 3 5
000758 2 3 5
600596 4 1 5
002408 3 2 5
002017 3 2 5
600527 2 3 5
300190 2 3 5
002159 4 1 5
300217 1 4 5
300285 4 1 5
000715 1 4 5
300032 4 1 5
000987 0 5 5
600828 0 5 5
601208 0 5 5
000602 0 5 5
600172 0 5 5
002006 0 5 5
601000 0 5 5
000759 0 5 5
002011 0 5 5
601886 4 0 4
002110 2 2 4
002116 2 2 4
600657 3 1 4
000918 3 1 4
600983 2 2 4
002454 2 2 4
600360 2 2 4
300075 3 1 4
002334 1 3 4
601008 1 3 4
002242 1 3 4
002052 1 3 4
600975 3 1 4
600718 2 2 4
002546 2 2 4
002421 1 3 4
300010 3 1 4
000988 2 2 4
002322 2 2 4
600238 2 2 4
002551 2 2 4
002394 2 2 4
600026 1 3 4
600487 2 2 4
002511 1 3 4
000418 1 3 4
002673 4 0 4
300226 3 1 4
600169 1 3 4
002358 3 1 4
001696 2 2 4
600879 1 3 4
600685 1 3 4
002508 4 0 4
601872 3 1 4
600173 2 2 4
600054 2 2 4
600221 3 1 4
002646 1 3 4
002645 2 2 4
600295 1 3 4
002313 1 3 4
000939 1 3 4
002209 3 1 4
601233 1 3 4
002368 2 2 4
002044 1 3 4
002042 2 2 4
300222 1 3 4
600128 2 2 4
000935 3 1 4
600396 3 1 4
002309 1 3 4
300164 2 2 4
300007 4 0 4
600268 3 1 4
002226 3 1 4
601877 3 1 4
000712 3 1 4
600116 2 2 4
600500 2 2 4
600432 3 1 4
000893 2 2 4
600038 0 4 4
000541 0 4 4
600529 0 4 4
002570 2 1 3
000626 1 2 3
002378 2 1 3
002379 1 2 3
000972 1 2 3
002054 2 1 3
002022 2 1 3
000777 1 2 3
002020 2 1 3
600389 1 2 3
000868 1 2 3
000997 1 2 3
000667 1 2 3
601179 1 2 3
002521 3 0 3
600479 2 1 3
601216 2 1 3
600107 1 2 3
600320 2 1 3
600269 1 2 3
300004 1 2 3
300332 2 1 3
000709 3 0 3
000708 1 2 3
300142 1 2 3
600693 1 2 3
002202 2 1 3
601908 1 2 3
002565 1 2 3
600829 2 1 3
002398 2 1 3
002588 2 1 3
600219 2 1 3
002010 2 1 3
300188 2 1 3
002321 1 2 3
601186 1 2 3
600749 1 2 3
000503 2 1 3
601616 2 1 3
002079 2 1 3
600485 1 2 3
600468 1 2 3
300303 2 1 3
000735 2 1 3
600963 1 2 3
000738 1 2 3
600971 1 2 3
300212 2 1 3
600872 3 0 3
600499 1 2 3
002181 1 2 3
002183 2 1 3
002182 1 2 3
600773 2 1 3
002439 2 1 3
600037 2 1 3
601929 2 1 3
000797 2 1 3
300295 3 0 3
300196 2 1 3
000900 2 1 3
000558 1 2 3
000546 2 1 3
002317 1 2 3
300275 3 0 3
300122 2 1 3
300123 3 0 3
002547 1 2 3
002268 2 1 3
600635 2 1 3
002048 1 2 3
002162 1 2 3
300229 2 1 3
600995 1 2 3
600310 1 2 3
002085 2 1 3
600391 2 1 3
600018 1 2 3
600449 1 2 3
000837 2 1 3
600543 2 1 3
000612 1 2 3
601168 1 2 3
002127 2 1 3
002124 2 1 3
002534 3 0 3
000050 1 2 3
000898 2 1 3
002492 2 1 3
600428 2 1 3
600760 1 2 3
600185 1 2 3
002288 1 2 3
300219 1 2 3
600119 1 2 3
600236 2 1 3
002650 3 0 3
002655 3 0 3
002657 2 1 3
000973 3 0 3
600433 1 2 3
300323 2 1 3
600808 1 2 3
300036 2 1 3
300031 1 2 3
600318 0 3 3
002023 0 3 3
600387 0 3 3
002417 0 3 3
002096 0 3 3
002206 0 3 3
300012 0 3 3
000911 0 3 3
002036 0 3 3
002630 0 3 3
600525 0 3 3
300025 0 3 3
002215 0 3 3
002003 0 3 3
002434 0 3 3
300022 0 3 3
002349 0 3 3
600161 0 3 3
600233 0 3 3
300048 0 3 3
002528 0 3 3
000411 1 1 2
002574 1 1 2
000413 2 0 2
601558 1 1 2
300256 1 1 2
600073 1 1 2
600072 1 1 2
600375 1 1 2
600987 1 1 2
000599 1 1 2
600832 1 1 2
002620 1 1 2
600371 1 1 2
002239 1 1 2
000949 1 1 2
600005 1 1 2
300107 1 1 2
300100 1 1 2
002526 1 1 2
002486 1 1 2
000886 1 1 2
600755 1 1 2
002053 1 1 2
002502 1 1 2
002413 1 1 2
002067 1 1 2
600531 1 1 2
601958 2 0 2
600973 1 1 2
002461 1 1 2
002469 1 1 2
600022 1 1 2
300003 1 1 2
002568 1 1 2
002365 1 1 2
002361 2 0 2
600370 1 1 2
000519 1 1 2
300244 1 1 2
002512 1 1 2
300127 2 0 2
600662 1 1 2
000915 1 1 2
002035 1 1 2
002585 1 1 2
002428 2 0 2
002581 1 1 2
600565 1 1 2
002597 1 1 2
600560 1 1 2
600737 1 1 2
600282 1 1 2
601518 1 1 2
600078 1 1 2
600820 2 0 2
601231 2 0 2
600883 1 1 2
601199 1 1 2
002550 1 1 2
002558 1 1 2
002351 1 1 2
002253 1 1 2
000006 2 0 2
300169 1 1 2
000552 2 0 2
600550 1 1 2
000950 1 1 2
000731 1 1 2
601678 1 1 2
600380 1 1 2
000788 2 0 2
002210 1 1 2
002217 1 1 2
000603 2 0 2
000609 2 0 2
000850 1 1 2
601799 1 1 2
002135 1 1 2
002130 1 1 2
002132 1 1 2
600682 1 1 2
002330 1 1 2
600776 2 0 2
600598 1 1 2
600052 1 1 2
002548 1 1 2
000732 2 0 2
000584 2 0 2
002649 1 1 2
300195 1 1 2
002643 1 1 2
300297 1 1 2
600356 1 1 2
000932 1 1 2
002381 1 1 2
300099 1 1 2
002264 2 0 2
600734 1 1 2
000631 2 0 2
300224 1 1 2
002407 1 1 2
600641 1 1 2
600307 1 1 2
000426 2 0 2
300316 1 1 2
300313 1 1 2
002444 2 0 2
300315 1 1 2
300094 1 1 2
600862 1 1 2
002227 1 1 2
600393 1 1 2
002128 1 1 2
600695 1 1 2
002538 2 0 2
600601 1 1 2
600606 1 1 2
600278 1 1 2
300214 1 1 2
300210 1 1 2
600505 1 1 2
600232 1 1 2
600339 1 1 2
300046 1 1 2
002496 1 1 2
002301 1 1 2
002483 2 0 2
000488 1 1 2
002384 1 1 2
300034 1 1 2
300135 1 1 2
300130 1 1 2
002060 0 2 2
300258 0 2 2
002452 0 2 2
600475 0 2 2
300174 0 2 2
002238 0 2 2
600551 0 2 2
000062 0 2 2
002440 0 2 2
600039 0 2 2
300203 0 2 2
600826 0 2 2
000705 0 2 2
002308 0 2 2
300024 0 2 2
002367 0 2 2
600149 0 2 2
002190 0 2 2
002032 0 2 2
002122 0 2 2
601818 0 2 2
000507 0 2 2
002172 0 2 2
600139 0 2 2
600962 0 2 2
002604 0 2 2
600168 0 2 2
300056 0 2 2
002541 0 2 2
600884 0 2 2
600885 0 2 2
002168 0 2 2
600086 0 2 2
600991 0 2 2
002586 0 2 2
002448 0 2 2
000720 0 2 2
000727 0 2 2
600263 0 2 2
002229 0 2 2
002220 0 2 2
000530 0 2 2
002080 0 2 2
600803 0 2 2
002012 0 2 2
300218 0 2 2
300041 0 2 2
300037 0 2 2
002275 1 0 1
000099 1 0 1
600725 1 0 1
300286 1 0 1
600961 1 0 1
600792 1 0 1
601313 1 0 1
002640 1 0 1
000531 1 0 1
002026 1 0 1
600578 1 0 1
002350 1 0 1
000993 1 0 1
300208 1 0 1
300177 1 0 1
002629 1 0 1
600663 1 0 1
300071 1 0 1
002237 1 0 1
000669 1 0 1
600552 1 0 1
300289 1 0 1
300202 1 0 1
000564 1 0 1
000967 1 0 1
000966 1 0 1
600699 1 0 1
002204 1 0 1
002084 1 0 1
002601 1 0 1
600710 1 0 1
002108 1 0 1
002107 1 0 1
600783 1 0 1
002191 1 0 1
002197 1 0 1
000525 1 0 1
002031 1 0 1
300150 1 0 1
600568 1 0 1
002660 1 0 1
600218 1 0 1
000982 1 0 1
600284 1 0 1
300066 1 0 1
000679 1 0 1
600287 1 0 1
300084 1 0 1
300110 1 0 1
002554 1 0 1
002497 1 0 1
002395 1 0 1
002078 1 0 1
601965 1 0 1
300232 1 0 1
600522 1 0 1
000822 1 0 1
000683 1 0 1
300307 1 0 1
600004 1 0 1
000809 1 0 1
002606 1 0 1
600308 1 0 1
000601 1 0 1
002131 1 0 1
002133 1 0 1
002139 1 0 1
002509 1 0 1
002507 1 0 1
600112 1 0 1
600446 1 0 1
300011 1 0 1
600351 1 0 1
600420 1 0 1
002316 1 0 1
002312 1 0 1
000883 1 0 1
002382 1 0 1
300284 1 0 1
601600 1 0 1
300223 1 0 1
600435 1 0 1
300287 1 0 1
600649 1 0 1
600645 1 0 1
000517 1 0 1
000429 1 0 1
300312 1 0 1
300311 1 0 1
600439 1 0 1
600438 1 0 1
600545 1 0 1
002449 1 0 1
600270 1 0 1
600713 1 0 1
600398 1 0 1
002619 1 0 1
600262 1 0 1
600630 1 0 1
600120 1 0 1
600846 1 0 1
300269 1 0 1
002531 1 0 1
600167 1 0 1
000007 1 0 1
000931 1 0 1
300213 1 0 1
600508 1 0 1
000573 1 0 1
300168 1 0 1
600346 1 0 1
300288 1 0 1
000716 1 0 1
601339 1 0 1
300033 1 0 1
600452 0 1 1
002576 0 1 1
002571 0 1 1
000627 0 1 1
600894 0 1 1
002243 0 1 1
002057 0 1 1
002059 0 1 1
000830 0 1 1
002648 0 1 1
600248 0 1 1
002278 0 1 1
002117 0 1 1
600791 0 1 1
600798 0 1 1
000532 0 1 1
000923 0 1 1
002595 0 1 1
000906 0 1 1
600478 0 1 1
600350 0 1 1
002371 0 1 1
000901 0 1 1
600892 0 1 1
300172 0 1 1
002624 0 1 1
002628 0 1 1
300178 0 1 1
002336 0 1 1
002234 0 1 1
002318 0 1 1
002522 0 1 1
002240 0 1 1
600830 0 1 1
600410 0 1 1
002062 0 1 1
002061 0 1 1
002066 0 1 1
300209 0 1 1
300204 0 1 1
002148 0 1 1
600102 0 1 1
002467 0 1 1
002441 0 1 1
600819 0 1 1
000703 0 1 1
300259 0 1 1
002093 0 1 1
300147 0 1 1
601390 0 1 1
600593 0 1 1
600867 0 1 1
600865 0 1 1
600712 0 1 1
002518 0 1 1
002101 0 1 1
600323 0 1 1
600668 0 1 1
600665 0 1 1
000523 0 1 1
600363 0 1 1
002034 0 1 1
002030 0 1 1
002425 0 1 1
002636 0 1 1
600561 0 1 1
600215 0 1 1
600378 0 1 1
000597 0 1 1
000928 0 1 1
300185 0 1 1
300183 0 1 1
300181 0 1 1
000925 0 1 1
601107 0 1 1
300118 0 1 1
600012 0 1 1
002259 0 1 1
002252 0 1 1
600626 0 1 1
600622 0 1 1
000962 0 1 1
601618 0 1 1
002176 0 1 1
600137 0 1 1
000410 0 1 1
000825 0 1 1
002498 0 1 1
000779 0 1 1
600969 0 1 1
002158 0 1 1
601028 0 1 1
300014 0 1 1
002213 0 1 1
600482 0 1 1
600871 0 1 1
600873 0 1 1
000659 0 1 1
002472 0 1 1
600688 0 1 1
600683 0 1 1
300271 0 1 1
600676 0 1 1
000021 0 1 1
000042 0 1 1
000043 0 1 1
300179 0 1 1
002009 0 1 1
002435 0 1 1
600548 0 1 1
600510 0 1 1
600226 0 1 1
300055 0 1 1
300029 0 1 1
600300 0 1 1
600170 0 1 1
000881 0 1 1
601113 0 1 1
600122 0 1 1
002549 0 1 1
002267 0 1 1
600639 0 1 1
300049 0 1 1
002169 0 1 1
600754 0 1 1
002164 0 1 1
002406 0 1 1
600121 0 1 1
600648 0 1 1
600055 0 1 1
000547 0 1 1
600063 0 1 1
000936 0 1 1
000930 0 1 1
002447 0 1 1
000723 0 1 1
000031 0 1 1
000687 0 1 1
300167 0 1 1
002613 0 1 1
000836 0 1 1
002343 0 1 1
000755 0 1 1
600844 0 1 1
002126 0 1 1
000713 0 1 1
300263 0 1 1
300260 0 1 1
600768 0 1 1
601268 0 1 1
600184 0 1 1
002622 0 1 1
002019 0 1 1
600509 0 1 1
600113 0 1 1
300040 0 1 1
002651 0 1 1
000977 0 1 1
600409 0 1 1
000655 0 1 1
002307 0 1 1
000719 0 1 1
300139 0 1 1
