600019 73 52 125
600900 65 55 120
600009 53 44 97
000063 50 45 95
600005 42 52 94
600036 47 43 90
600028 44 43 87
600050 46 39 85
600018 41 39 80
000039 31 42 73
000002 30 41 71
600026 25 40 65
600320 33 29 62
000983 24 35 59
600519 34 21 55
600309 28 24 52
000898 22 27 49
600029 13 30 43
000402 23 20 43
000088 20 23 43
600002 17 24 41
000792 26 14 40
000069 28 11 39
000022 18 20 38
000866 14 21 35
600428 18 17 35
000423 16 18 34
600717 22 12 34
600012 20 14 34
600660 16 18 34
600269 28 6 34
600000 16 15 31
000538 19 12 31
600887 24 7 31
000895 18 11 29
600011 14 14 28
600583 18 10 28
600123 13 14 27
600795 17 10 27
600096 11 16 27
000937 10 16 26
600016 12 14 26
600694 14 11 25
000726 15 9 24
000858 19 5 24
000488 8 16 24
600188 7 16 23
000581 11 12 23
600383 13 10 23
000900 16 6 22
002024 11 10 21
000625 6 14 20
600688 7 13 20
600348 3 17 20
600085 11 8 19
600591 7 11 18
600033 14 4 18
000630 7 10 17
000541 9 6 15
000027 6 9 15
600971 4 11 15
600330 7 8 15
600104 6 9 15
600027 9 6 15
600970 12 3 15
000933 7 7 14
600308 6 8 14
600585 6 8 14
600350 12 1 13
600600 7 6 13
600020 9 4 13
600426 5 8 13
000089 8 5 13
600886 9 3 12
000012 5 7 12
600642 7 5 12
600418 5 6 11
000911 3 8 11
600177 5 6 11
600276 6 5 11
600004 8 3 11
600037 3 8 11
000651 8 3 11
000422 5 6 11
000825 3 7 10
600415 7 3 10
600066 6 4 10
000731 5 5 10
600825 4 6 10
600436 6 4 10
000960 4 6 10
600125 5 4 9
600089 3 6 9
600150 7 2 9
600399 5 4 9
600205 4 4 8
000617 7 1 8
000869 5 3 8
600500 3 5 8
600031 2 6 8
600875 4 4 8
600535 5 3 8
000970 4 4 8
600406 6 2 8
600267 3 4 7
000157 3 4 7
002025 5 2 7
600360 1 6 7
000527 2 5 7
600361 5 2 7
600362 1 6 7
600058 4 3 7
000729 4 3 7
600183 4 3 7
000068 2 5 7
600740 1 6 7
600497 1 5 6
600966 1 5 6
002050 2 4 6
000024 3 3 6
600549 5 1 6
600472 3 3 6
000400 1 5 6
600196 6 0 6
600761 4 2 6
000060 3 3 6
002046 2 3 5
600586 1 4 5
000513 2 3 5
600377 4 1 5
002047 2 3 5
000100 1 4 5
000912 3 2 5
600317 3 2 5
002043 3 2 5
600596 3 2 5
600597 2 3 5
600166 1 4 5
002012 2 3 5
600008 4 1 5
000951 3 2 5
600628 5 0 5
000956 0 5 5
600563 0 5 5
000659 0 5 5
000968 0 5 5
002041 3 1 4
600521 2 2 4
000930 2 2 4
002045 2 2 4
600993 3 1 4
600153 1 3 4
600863 4 0 4
000037 2 2 4
002039 2 2 4
600460 2 2 4
600636 4 0 4
600030 1 3 4
600289 2 2 4
000778 1 3 4
600616 4 0 4
600352 3 1 4
600296 1 3 4
600754 2 2 4
600489 1 3 4
002044 1 2 3
002040 2 1 3
002042 1 2 3
600258 2 1 3
000822 1 2 3
002049 1 2 3
000629 1 2 3
600087 2 1 3
600001 1 2 3
600470 3 0 3
600098 3 0 3
600075 2 1 3
000539 3 0 3
002023 1 2 3
002028 2 1 3
600143 3 0 3
600547 1 2 3
600469 2 1 3
002034 1 2 3
600271 3 0 3
600216 3 0 3
000989 2 1 3
600302 1 2 3
600550 1 2 3
600582 1 2 3
600880 2 1 3
600333 1 2 3
600835 3 0 3
000429 3 0 3
000939 1 2 3
600323 1 2 3
002048 0 3 3
000888 0 3 3
000876 1 1 2
600467 1 1 2
002021 1 1 2
600631 1 1 2
600874 1 1 2
600475 2 0 2
000520 2 0 2
600202 1 1 2
600169 2 0 2
000755 2 0 2
000997 2 0 2
000759 2 0 2
600060 1 1 2
600054 2 0 2
002032 2 0 2
600592 2 0 2
600855 1 1 2
002007 2 0 2
600162 1 1 2
600182 1 1 2
600078 2 0 2
002019 1 1 2
600299 2 0 2
600236 2 0 2
600438 2 0 2
000875 2 0 2
600386 1 1 2
600635 1 1 2
600307 0 2 2
600790 0 2 2
600594 0 2 2
600207 0 2 2
600115 0 2 2
600598 0 2 2
600282 0 2 2
600022 0 2 2
600823 0 2 2
600100 0 2 2
600780 0 2 2
600135 0 2 2
000829 1 0 1
600495 1 0 1
600491 1 0 1
000550 1 0 1
600310 1 0 1
600729 1 0 1
600410 1 0 1
002004 1 0 1
600396 1 0 1
600074 1 0 1
600071 1 0 1
000987 1 0 1
600879 1 0 1
600261 1 0 1
000926 1 0 1
600420 1 0 1
600327 1 0 1
002037 1 0 1
000662 1 0 1
600858 1 0 1
600280 1 0 1
600584 1 0 1
600611 1 0 1
000905 1 0 1
600529 1 0 1
600332 1 0 1
600035 1 0 1
000782 1 0 1
600439 1 0 1
600328 1 0 1
600488 1 0 1
000001 1 0 1
600482 1 0 1
600812 0 1 1
600894 0 1 1
600573 0 1 1
600114 0 1 1
000543 0 1 1
600726 0 1 1
600710 0 1 1
600548 0 1 1
000623 0 1 1
000531 0 1 1
002027 0 1 1
000525 0 1 1
600367 0 1 1
000618 0 1 1
000758 0 1 1
600674 0 1 1
600170 0 1 1
600270 0 1 1
600569 0 1 1
600195 0 1 1
600059 0 1 1
000709 0 1 1
002001 0 1 1
600602 0 1 1
600533 0 1 1
000949 0 1 1
000717 0 1 1
000066 0 1 1
600643 0 1 1
600508 0 1 1
600422 0 1 1
600337 0 1 1
600331 0 1 1
600627 0 1 1
600832 0 1 1
000767 0 1 1
000763 0 1 1
600741 0 1 1
000036 0 1 1
000958 0 1 1
600975 0 1 1
600808 0 1 1
600630 0 1 1
000962 0 1 1
000969 0 1 1
