600030 236 234 470
601318 249 217 466
600036 227 219 446
000002 216 223 439
600016 222 188 410
600000 196 198 394
601166 204 168 372
600048 174 191 365
601088 174 166 340
600028 174 162 336
600050 163 172 335
601601 186 146 332
000983 165 139 304
000001 152 141 293
600005 145 144 289
601628 148 137 285
601328 150 133 283
600383 129 146 275
600519 132 141 273
000063 141 127 268
000069 125 142 267
600019 147 118 265
000898 143 117 260
000024 122 133 255
600837 142 112 254
601169 146 107 253
002024 126 121 247
600585 131 115 246
601899 128 114 242
000157 122 113 235
000858 131 102 233
601939 120 110 230
601919 118 111 229
600089 109 120 229
601398 108 120 228
600031 123 104 227
000060 121 103 224
600348 120 99 219
600739 118 100 218
000568 106 108 214
000937 109 93 202
000651 111 90 201
000402 97 102 199
600015 101 97 198
601699 99 94 193
000825 102 83 185
601006 85 95 180
000792 87 92 179
601168 87 92 179
000623 95 83 178
601666 87 90 177
601186 66 108 174
600104 93 80 173
600550 88 85 173
600875 82 86 168
000878 86 80 166
600362 77 86 163
600309 84 78 162
600325 78 82 160
000800 81 79 160
000933 87 72 159
000527 86 66 152
601857 73 76 149
600547 66 78 144
601001 74 68 142
601390 65 73 138
600583 55 79 134
600660 71 61 132
600900 47 82 129
601958 61 65 126
601668 75 51 126
600895 60 65 125
000338 65 60 125
601009 67 55 122
002202 59 63 122
000709 66 55 121
000425 66 55 121
600123 62 58 120
600026 64 55 119
600331 60 56 116
600675 54 60 114
600997 58 53 111
000401 56 53 109
601111 63 46 109
000009 59 50 109
000895 55 52 107
600795 51 55 106
600029 59 46 105
601766 52 51 103
600428 48 55 103
600690 53 48 101
600426 53 47 100
601898 46 54 100
600694 44 56 100
000012 51 48 99
000960 49 48 97
600808 52 45 97
000839 41 51 92
601988 48 42 90
600887 51 39 90
601600 47 43 90
600432 43 47 90
600312 40 49 89
600395 39 47 86
600741 41 40 81
000422 47 34 81
600307 41 39 80
600266 41 39 80
600596 41 39 80
600276 37 42 79
600415 40 39 79
000718 42 37 79
000400 41 35 76
600256 41 35 76
600153 34 41 75
600748 38 36 74
600511 41 33 74
600880 35 39 74
600166 39 35 74
600528 38 34 72
601998 41 31 72
000932 36 36 72
601918 39 32 71
600581 40 30 70
600001 36 34 70
600582 38 31 69
600196 34 35 69
600649 31 38 69
000677 35 33 68
000612 38 29 67
002028 33 33 66
600231 36 30 66
000528 37 29 66
600586 36 29 65
600037 36 28 64
600642 31 33 64
600208 32 31 63
600100 28 35 63
600406 33 30 63
600820 27 35 62
000778 33 29 62
000717 34 28 62
000999 31 30 61
600418 34 27 61
600600 26 35 61
600271 22 38 60
600009 22 38 60
000630 31 29 60
000538 35 25 60
600195 30 30 60
600489 22 38 60
600117 33 27 60
600859 29 30 59
000423 36 23 59
000031 24 35 59
000968 27 32 59
000807 30 29 59
000625 32 26 58
600557 29 29 58
600549 30 27 57
002073 33 23 56
000046 29 27 56
002001 29 27 56
600518 30 26 56
600269 28 28 56
600143 29 26 55
600517 27 28 55
000680 30 25 55
600267 27 26 53
000911 26 27 53
002038 29 24 53
600067 31 22 53
000686 24 29 53
002007 23 29 52
601808 23 29 52
600858 23 28 51
600664 24 27 51
600963 24 27 51
600737 26 25 51
600657 25 25 50
002142 34 16 50
600316 22 28 50
600497 26 24 50
000059 29 21 50
000629 20 29 49
000951 26 23 49
000759 25 24 49
000667 23 25 48
600219 22 26 48
600251 23 25 48
000783 23 25 48
600068 22 26 48
600498 27 20 47
600720 23 23 46
002022 21 25 46
600141 27 19 46
600111 21 25 46
600150 22 23 45
600655 25 20 45
600376 23 21 44
600060 26 18 44
000969 20 24 44
601333 20 24 44
600177 19 25 44
600598 21 23 44
000488 22 22 44
600102 22 21 43
600785 25 18 43
600096 21 21 42
600409 24 18 42
002106 22 20 42
600663 20 22 42
600216 19 23 42
600546 27 15 42
000729 24 18 42
000616 21 21 42
600183 24 18 42
000028 19 22 41
600320 17 24 41
002092 25 16 41
600639 18 23 41
600011 18 23 41
600970 19 21 40
600809 22 18 40
600202 20 19 39
000959 20 19 39
600456 16 23 39
000762 18 21 39
600631 17 22 39
600635 18 21 39
000758 22 17 39
601866 20 18 38
000917 16 22 38
600449 13 25 38
600188 19 19 38
000728 23 15 38
600239 20 18 38
002146 20 17 37
600718 18 19 37
600872 20 17 37
002244 17 19 36
600812 19 17 36
600742 22 14 36
600622 20 16 36
600221 21 15 36
000926 16 19 35
600881 22 13 35
600058 15 20 35
002123 18 17 35
600693 17 18 35
000501 16 19 35
000027 13 21 34
600475 16 18 34
600816 15 19 34
000021 18 16 34
600704 21 13 34
600717 11 22 33
600966 16 17 33
002008 16 17 33
600516 16 17 33
600352 21 12 33
002056 17 16 33
600118 13 20 33
600439 16 17 33
000562 19 13 32
002078 14 18 32
600478 16 16 32
600499 15 17 32
002155 16 16 32
600508 14 18 32
600729 15 16 31
002064 17 14 31
600487 18 13 31
600315 17 14 31
600479 16 14 30
000061 13 17 30
600570 15 15 30
600879 12 18 30
600052 16 14 30
000707 15 14 29
000635 16 13 29
002109 15 14 29
000822 14 15 29
600308 12 17 29
600062 16 13 29
600162 16 13 29
002152 15 14 29
002110 14 14 28
600425 13 15 28
002233 14 14 28
000987 14 14 28
600289 13 15 28
600971 12 16 28
600178 17 11 28
000768 10 18 28
002269 16 12 28
000877 13 15 28
600027 14 14 28
600893 15 12 27
000869 13 14 27
600535 14 13 27
600298 16 11 27
002091 12 15 27
002154 15 12 27
000550 14 13 27
600066 15 12 27
000726 14 13 27
600161 10 17 27
600010 13 14 27
600725 17 9 26
000961 22 4 26
600481 13 13 26
600176 14 12 26
600779 13 13 26
000581 14 12 26
600835 12 14 26
002121 15 11 26
000417 14 11 25
600580 14 11 25
600588 13 12 25
600750 16 9 25
600595 13 12 25
000006 13 12 25
600522 13 12 25
600521 11 14 25
600138 14 11 25
600688 14 11 25
002065 14 10 24
600486 13 11 24
600674 13 11 24
000016 15 9 24
600087 14 10 24
000897 13 11 24
600804 10 14 24
000712 13 11 24
600038 12 11 23
000816 10 13 23
600246 10 13 23
600978 14 9 23
600408 13 10 23
002122 11 12 23
002191 12 11 23
600787 12 11 23
600169 10 13 23
600736 9 14 23
000683 12 11 23
600590 15 8 23
600380 12 10 22
000990 12 10 22
000826 10 12 22
600685 10 12 22
600126 12 10 22
000927 11 10 21
600559 12 9 21
000407 10 11 21
600533 8 13 21
600569 9 12 21
600079 13 8 21
600416 10 11 21
600122 12 9 21
600423 10 11 21
000887 11 10 21
002261 13 8 21
002045 11 10 21
600252 12 8 20
002029 12 8 20
600983 12 8 20
000540 12 8 20
600284 9 11 20
600193 9 11 20
002003 10 10 20
002048 10 10 20
000829 13 7 20
600594 10 10 20
600761 9 11 20
000910 12 7 19
600616 8 11 19
000963 10 9 19
600703 10 9 19
600236 7 12 19
000860 7 12 19
600831 9 10 19
600832 9 10 19
600801 8 11 19
002083 9 10 19
000418 10 8 18
600075 9 9 18
000537 10 8 18
000566 11 7 18
600329 8 10 18
600863 8 10 18
600523 10 8 18
600525 10 8 18
000698 11 7 18
600683 10 8 18
600354 8 10 18
600063 9 9 18
000513 11 7 18
600391 9 9 18
600467 10 8 18
000650 12 6 18
600022 10 8 18
000876 12 6 18
000655 11 7 18
600584 13 5 18
000848 9 8 17
601788 11 6 17
000690 8 9 17
002241 8 9 17
002068 11 6 17
600866 11 6 17
000039 10 7 17
600628 10 7 17
002179 8 9 17
600410 9 8 17
600295 10 7 17
002161 8 9 17
600697 9 8 17
600607 5 12 17
001696 10 7 17
600502 8 9 17
600754 9 7 16
600537 12 4 16
600109 8 8 16
000965 11 5 16
600867 6 10 16
600563 10 6 16
600282 8 8 16
600823 9 7 16
600770 8 8 16
002266 7 9 16
600884 8 8 16
002041 9 7 16
600503 8 8 16
002115 9 6 15
002147 6 9 15
600007 8 7 15
600886 6 9 15
600125 9 6 15
600438 7 8 15
600230 7 8 15
601888 9 6 15
002194 8 6 14
002025 9 5 14
600386 7 7 14
000584 9 5 14
600322 7 7 14
600351 5 9 14
600151 7 7 14
000919 8 6 14
600361 9 5 14
000671 8 6 14
600702 6 8 14
000952 6 8 14
000786 8 6 14
000601 7 7 14
000608 7 7 14
002133 7 7 14
600644 8 6 14
600686 7 7 14
600299 6 8 14
600261 6 8 14
000755 8 6 14
600840 8 6 14
000893 8 6 14
000767 7 6 13
600327 8 5 13
000539 5 8 13
002254 9 4 13
000862 7 6 13
002172 6 7 13
600961 7 6 13
002215 6 7 13
600500 5 8 13
600339 6 7 13
600170 6 7 13
000089 7 6 13
600185 7 6 13
600139 5 8 13
000656 10 3 13
000410 7 5 12
600388 4 8 12
600201 4 8 12
601002 6 6 12
600589 6 6 12
002140 7 5 12
002063 7 5 12
600240 5 7 12
002129 7 5 12
002011 6 6 12
600995 5 7 12
600529 6 6 12
600485 7 5 12
000823 7 5 12
000761 7 5 12
002267 6 6 12
600496 6 6 12
000548 6 6 12
600268 6 6 12
000014 6 6 12
002080 7 5 12
600482 5 7 12
600780 6 5 11
600097 6 5 11
600392 7 4 11
000949 6 5 11
600612 3 8 11
600973 5 6 11
002088 5 6 11
000708 6 5 11
002200 6 5 11
600869 7 4 11
600713 8 3 11
000597 4 7 11
000989 8 3 11
000679 5 6 11
600004 5 6 11
000042 5 6 11
000903 5 6 11
600064 3 8 11
002018 6 5 11
600527 4 7 11
600337 7 4 11
002081 6 5 11
002104 7 4 11
000899 4 7 11
600724 4 6 10
000886 4 6 10
000962 5 5 10
000525 4 6 10
002032 5 5 10
600468 5 5 10
600280 5 5 10
600827 5 5 10
600825 4 6 10
600829 4 6 10
601727 5 5 10
600132 6 4 10
600258 4 6 10
000739 5 5 10
000789 5 5 10
600173 6 4 10
002187 6 4 10
000541 4 6 10
002208 4 6 10
000636 5 5 10
600121 5 5 10
600390 5 5 10
000652 5 5 10
600160 5 5 10
600803 5 5 10
002015 5 5 10
600509 4 6 10
000973 5 5 10
600805 7 3 10
000972 4 5 9
600159 4 5 9
000793 4 5 9
000799 4 5 9
002128 4 5 9
002204 3 6 9
000888 5 4 9
600782 5 4 9
600740 6 3 9
000159 3 6 9
002214 3 6 9
002182 4 5 9
600056 7 2 9
000861 5 4 9
002165 5 4 9
600085 5 4 9
600641 3 6 9
000939 5 4 9
600018 6 3 9
000685 4 5 9
002223 3 6 9
600844 4 5 9
600606 4 5 9
600830 4 5 9
000875 4 5 9
600238 5 3 8
002052 4 4 8
600072 4 4 8
600078 4 4 8
600986 4 4 8
000901 3 5 8
601003 5 3 8
000948 5 3 8
600551 4 4 8
000066 3 5 8
002242 5 3 8
600611 4 4 8
600755 5 3 8
002148 6 2 8
002097 4 4 8
000563 4 4 8
002037 4 4 8
000531 4 4 8
000599 3 5 8
600480 4 4 8
000828 4 4 8
600420 5 3 8
600006 4 4 8
002010 3 5 8
000301 4 4 8
600962 3 5 8
600707 7 1 8
600088 3 5 8
002183 2 6 8
000559 4 4 8
000918 4 4 8
600017 3 5 8
600543 3 5 8
600765 5 3 8
000090 4 3 7
600470 3 4 7
000996 3 4 7
600378 3 4 7
600328 3 4 7
000560 3 4 7
601872 3 4 7
600791 3 4 7
000596 4 3 7
600359 4 3 7
000850 3 4 7
600281 3 4 7
600488 3 4 7
002251 2 5 7
000731 5 2 7
600815 5 2 7
002217 4 3 7
002132 4 3 7
600198 3 4 7
600223 6 1 7
000589 4 3 7
600839 5 2 7
000543 3 4 7
000088 4 3 7
600350 3 4 7
600888 4 3 7
600491 4 3 7
600129 4 3 7
000837 4 3 7
600469 3 4 7
000619 4 3 7
600112 4 3 7
000572 4 3 7
000978 3 4 7
600790 2 4 6
000925 3 3 6
000043 3 3 6
002236 4 2 6
600555 3 3 6
600531 3 3 6
000815 3 3 6
600199 1 5 6
600719 3 3 6
600090 4 2 6
600662 3 3 6
000912 2 4 6
600366 2 4 6
002033 3 3 6
600826 3 3 6
600436 3 3 6
600636 2 4 6
000988 3 3 6
002258 3 3 6
600626 3 3 6
600317 3 3 6
600255 3 3 6
000735 3 3 6
002138 3 3 6
600197 3 3 6
600054 4 2 6
002004 4 2 6
002005 3 3 6
002006 3 3 6
600458 5 1 6
600227 2 4 6
600889 3 3 6
600127 3 3 6
600993 5 1 6
600396 3 3 6
000727 3 3 6
000831 3 3 6
000830 3 3 6
000617 3 3 6
600082 3 3 6
600184 4 2 6
600501 3 3 6
600723 3 2 5
600894 2 3 5
000068 2 3 5
002055 1 4 5
000530 2 3 5
000536 3 2 5
600572 2 3 5
600360 3 2 5
002238 2 3 5
600553 2 3 5
600619 3 2 5
600033 3 2 5
600824 3 2 5
600098 2 3 5
002206 3 2 5
600326 3 2 5
601618 3 2 5
000522 3 2 5
600446 4 1 5
600210 2 3 5
600828 2 3 5
600283 2 3 5
600135 4 1 5
600897 3 2 5
600507 2 3 5
000514 2 3 5
600303 1 4 5
600510 2 3 5
600896 3 2 5
600797 3 2 5
600300 2 3 5
600422 4 1 5
600861 2 3 5
002089 4 1 5
600597 2 3 5
000713 3 2 5
002019 3 2 5
600237 3 2 5
002304 3 2 5
600806 3 2 5
600259 2 2 4
000158 2 2 4
600575 2 2 4
000820 2 2 4
600379 2 2 4
600373 3 1 4
600382 2 2 4
000900 2 2 4
601005 2 2 4
002230 1 3 4
600587 2 2 4
600039 2 2 4
600836 2 2 4
600571 3 1 4
000790 2 2 4
000795 2 2 4
600323 2 2 4
600665 2 2 4
000532 2 2 4
002218 2 2 4
002255 2 2 4
002253 2 2 4
600330 2 2 4
600311 2 2 4
002153 2 2 4
000821 2 2 4
000419 2 2 4
000552 1 3 4
600008 2 2 4
000600 2 2 4
601588 2 2 4
600677 2 2 4
600192 2 2 4
600190 2 2 4
000516 2 2 4
600459 2 2 4
600228 2 2 4
000100 2 2 4
600357 3 1 4
600059 2 2 4
600069 3 1 4
002042 3 1 4
600640 1 3 4
600865 2 2 4
000748 2 2 4
002084 2 2 4
600021 2 2 4
600119 2 2 4
600343 2 2 4
000659 1 3 4
600318 2 2 4
002271 2 1 3
002054 1 2 3
600157 2 1 3
600658 2 1 3
000151 1 2 3
002023 2 1 3
600987 1 2 3
000997 1 2 3
002036 1 2 3
600277 2 1 3
000506 2 1 3
600552 1 2 3
600615 1 2 3
000766 2 1 3
002060 1 2 3
002067 1 2 3
600321 1 2 3
000966 1 2 3
600810 1 2 3
002203 2 1 3
601989 2 1 3
002085 2 1 3
000811 1 2 3
002100 1 2 3
002301 3 0 3
000533 1 2 3
600435 1 2 3
000777 2 1 3
002250 2 1 3
600744 1 2 3
002050 3 0 3
600189 2 1 3
002177 1 2 3
600133 2 1 3
002212 1 2 3
601999 1 2 3
600306 2 1 3
600682 2 1 3
600777 2 1 3
600778 1 2 3
600638 1 2 3
002264 2 1 3
002074 1 2 3
002164 1 2 3
002163 1 2 3
600643 2 1 3
000665 1 2 3
600540 2 1 3
002227 1 2 3
600591 2 1 3
600163 1 2 3
002156 2 1 3
002017 1 2 3
600110 1 2 3
000970 2 1 3
600346 2 1 3
000715 1 2 3
002275 1 1 2
000150 1 1 2
000096 1 1 2
600845 1 1 2
002051 1 1 2
002117 1 1 2
000026 1 1 2
600158 1 1 2
300002 1 1 2
000099 1 1 2
600651 1 1 2
600650 1 1 2
600074 1 1 2
002211 1 1 2
600375 1 1 2
000553 1 1 2
600389 1 1 2
600576 1 1 2
600578 1 1 2
600363 1 1 2
000998 2 0 2
601008 1 1 2
600290 2 0 2
600738 1 1 2
000040 1 1 2
600758 1 1 2
000885 1 1 2
600558 1 1 2
000880 1 1 2
002062 2 0 2
002061 1 1 2
600536 1 1 2
002094 1 1 2
600105 1 1 2
600107 1 1 2
600106 1 1 2
600243 1 1 2
000812 1 1 2
000565 1 1 2
000564 1 1 2
000567 1 1 2
600120 1 1 2
600108 1 1 2
002207 1 1 2
000022 2 0 2
600710 1 1 2
600687 1 1 2
002099 1 1 2
002286 1 1 2
002108 1 1 2
002107 1 1 2
600145 1 1 2
002296 1 1 2
600668 1 1 2
002190 1 1 2
000521 1 1 2
600365 1 1 2
600367 1 1 2
002039 1 1 2
600444 1 1 2
600358 1 1 2
600562 1 1 2
000595 1 1 2
600211 1 1 2
000985 1 1 2
000534 1 1 2
600285 2 0 2
002169 1 1 2
600377 1 1 2
600731 1 1 2
000511 1 1 2
002252 1 1 2
600621 1 1 2
000503 1 1 2
002170 1 1 2
000415 1 1 2
600967 1 1 2
601299 1 1 2
600577 1 1 2
000785 1 1 2
000788 2 0 2
600476 1 1 2
601991 1 1 2
000602 1 1 2
000606 1 1 2
000609 1 1 2
600874 1 1 2
600676 1 1 2
600175 1 1 2
000428 1 1 2
002009 1 1 2
600452 1 1 2
000802 1 1 2
600673 1 1 2
000938 1 1 2
000905 1 1 2
000558 1 1 2
002310 2 0 2
000935 1 1 2
000420 1 1 2
002268 1 1 2
002262 2 0 2
002265 1 1 2
600883 1 1 2
002046 1 1 2
600749 1 1 2
600128 1 1 2
600340 1 1 2
600990 1 1 2
600648 1 1 2
000426 2 0 2
000975 1 1 2
000930 1 1 2
600399 1 1 2
000720 1 1 2
600862 1 1 2
600051 1 1 2
002226 2 0 2
600115 1 1 2
600848 1 1 2
600466 1 1 2
600691 1 1 2
002087 1 1 2
600592 2 0 2
000070 1 1 2
600233 1 1 2
000697 1 1 2
600168 1 1 2
002014 2 0 2
002012 1 1 2
002158 2 0 2
600333 1 1 2
000578 2 0 2
000571 1 1 2
002082 1 1 2
600802 1 1 2
000507 1 1 2
600137 1 1 2
000155 0 2 2
002232 0 2 2
002292 0 2 2
600760 0 2 2
002273 1 0 1
002026 1 0 1
002228 1 0 1
000598 1 0 1
002239 1 0 1
002066 1 0 1
600460 1 0 1
002095 1 0 1
000404 1 0 1
600695 1 0 1
600864 1 0 1
002291 1 0 1
000036 1 0 1
002293 1 0 1
002294 1 0 1
002197 1 0 1
000526 1 0 1
002035 1 0 1
601139 1 0 1
600077 1 0 1
600310 1 0 1
002320 1 0 1
002329 1 0 1
600186 1 0 1
000967 1 0 1
002249 1 0 1
600287 1 0 1
002139 1 0 1
600179 1 0 1
002002 1 0 1
300027 1 0 1
002315 1 0 1
600270 1 0 1
002049 1 0 1
002331 1 0 1
002235 1 0 1
600545 1 0 1
000723 1 0 1
000725 1 0 1
002225 1 0 1
002221 1 0 1
002126 1 0 1
002157 1 0 1
002159 1 0 1
000909 1 0 1
002299 1 0 1
002243 0 1 1
002281 0 1 1
600095 0 1 1
600629 0 1 1
600985 0 1 1
600969 0 1 1
600783 0 1 1
600857 0 1 1
600855 0 1 1
000611 0 1 1
600035 0 1 1
002096 0 1 1
600101 0 1 1
300004 0 1 1
300001 0 1 1
600405 0 1 1
300020 0 1 1
002093 0 1 1
002151 0 1 1
000569 0 1 1
600561 0 1 1
002321 0 1 1
002328 0 1 1
300010 0 1 1
000780 0 1 1
300015 0 1 1
002131 0 1 1
600505 0 1 1
000515 0 1 1
300029 0 1 1
002311 0 1 1
600834 0 1 1
000760 0 1 1
000936 0 1 1
002044 0 1 1
600495 0 1 1
600490 0 1 1
600991 0 1 1
000663 0 1 1
000661 0 1 1
300005 0 1 1
002220 0 1 1
002069 0 1 1
002324 0 1 1
002305 0 1 1
