601318 302 280 582
600048 267 264 531
600519 251 266 517
000858 207 266 473
000002 240 215 455
600030 251 200 451
600837 242 200 442
601601 209 207 416
601166 220 191 411
600383 192 178 370
600036 144 219 363
600016 174 187 361
600104 183 169 352
000651 177 158 335
000024 167 155 322
000568 146 155 301
000157 164 135 299
600000 142 151 293
600585 149 133 282
600887 119 150 269
601628 145 112 257
600518 127 129 256
000423 110 125 235
000069 123 103 226
601336 108 118 226
601699 110 109 219
600015 96 117 213
002024 99 113 212
600376 102 102 204
002304 97 99 196
601088 89 98 187
600031 97 85 182
600809 98 84 182
600123 78 102 180
000895 78 102 180
000401 86 89 175
000527 81 91 172
600406 77 93 170
600547 91 78 169
600011 94 71 165
002241 82 78 160
601669 85 75 160
601169 98 61 159
600199 82 73 155
000937 72 81 153
000538 69 83 152
600702 81 68 149
000799 69 78 147
600395 78 69 147
600028 82 62 144
000001 58 84 142
600079 69 72 141
002236 66 74 140
600111 73 67 140
002146 73 65 138
000776 73 65 138
601117 77 59 136
002415 74 61 135
601006 62 72 134
000063 59 74 133
002081 74 56 130
601788 73 57 130
600549 68 62 130
600157 65 64 129
600535 66 63 129
600276 62 64 126
002375 67 57 124
601668 77 47 124
601009 48 74 122
600050 49 70 119
002385 69 48 117
600066 65 52 117
601398 56 56 112
600694 56 56 112
000630 59 52 111
600315 53 56 109
601288 56 53 109
300070 59 50 109
601888 51 57 108
600741 60 47 107
002038 50 56 106
000625 65 40 105
300115 54 50 104
600060 57 47 104
601688 56 47 103
600256 46 56 102
000998 44 57 101
000562 56 45 101
000596 46 52 98
000961 47 50 97
600690 48 49 97
002482 57 39 96
000826 48 46 94
000783 52 42 94
600309 49 45 94
000338 51 42 93
000581 41 51 92
000869 36 55 91
600739 45 46 91
002106 49 40 89
600489 44 43 87
600557 40 47 87
300027 40 46 86
601766 50 34 84
002007 37 47 84
000983 43 40 83
601918 48 33 81
600362 41 40 81
600720 44 35 79
600637 40 39 79
600267 34 44 78
600153 42 36 78
000528 38 40 78
002353 38 40 78
002230 43 34 77
600546 42 34 76
000656 33 43 76
002029 39 36 75
601328 41 34 75
600138 39 36 75
600348 36 39 75
000728 43 32 75
000650 29 46 75
600559 37 37 74
601377 45 28 73
000049 40 33 73
300058 32 41 73
601633 44 28 72
000999 40 31 71
600085 36 35 71
000718 37 34 71
600795 39 31 70
600859 34 35 69
600141 31 38 69
002422 37 32 69
000963 34 34 68
600875 23 44 67
601808 34 33 67
002155 32 35 67
600208 35 31 66
601299 40 26 66
002073 27 39 66
002310 40 26 66
000970 32 34 66
002450 39 26 65
000926 37 28 65
600805 33 32 65
600801 34 31 65
600703 39 25 64
600422 34 30 64
002051 31 32 63
002456 35 28 63
600750 33 30 63
600498 30 33 63
600266 34 29 63
601717 24 38 62
000888 32 30 62
600027 30 32 62
000028 30 31 61
000661 31 30 61
002475 33 28 61
600062 38 23 61
600594 32 29 61
002244 30 30 60
600742 29 31 60
002065 33 26 59
002638 30 29 59
600900 26 33 59
600588 23 35 58
600970 23 35 58
002294 32 26 58
300088 33 25 58
000100 36 21 57
600109 31 26 57
601939 30 27 57
000402 25 31 56
300020 23 33 56
002431 35 21 56
000800 28 28 56
600582 27 28 55
300146 29 26 55
600600 16 39 55
002325 29 25 54
600340 32 22 54
000629 25 28 53
300026 30 23 53
000789 29 24 53
600458 30 23 53
002273 28 24 52
002063 26 26 52
600366 26 26 52
600166 28 24 52
000012 32 19 51
600369 28 22 50
600239 26 24 50
600271 19 30 49
601857 24 25 49
002293 27 22 49
600570 24 24 48
002477 25 23 48
002612 29 19 48
002142 27 20 47
002635 27 20 47
000671 26 20 46
601998 27 19 46
601555 23 22 45
000417 18 27 45
000422 20 25 45
600019 20 25 45
002140 26 18 44
000540 21 23 44
300005 23 21 44
000876 17 27 44
300039 27 17 44
600893 21 22 43
600587 28 15 43
300171 24 19 43
300079 23 20 43
600999 25 18 43
600312 19 23 42
601566 15 27 42
002344 23 19 42
000848 21 20 41
002157 20 21 41
000792 15 26 41
002037 25 16 41
600881 22 19 41
600196 27 14 41
600332 21 20 41
600858 22 18 40
600143 18 22 40
002400 20 20 40
601111 23 17 40
000933 16 24 40
600436 22 18 40
000877 18 22 40
300251 15 24 39
600521 19 20 39
000786 23 16 39
002041 17 22 39
600010 17 22 39
600176 20 18 38
601898 15 23 38
601607 23 15 38
600125 15 23 38
002430 15 23 38
600511 21 17 38
600583 19 18 37
600612 17 20 37
000522 20 17 37
600967 18 19 37
300124 18 19 37
600467 17 20 37
600009 9 27 36
601992 22 14 36
000729 14 22 36
002457 18 17 35
002104 19 16 35
600517 14 21 35
600067 20 15 35
600068 15 20 35
002376 20 14 34
600976 18 16 34
000960 19 15 34
601989 16 18 34
600325 18 16 34
002154 18 16 34
000550 18 16 34
002069 14 19 33
600108 21 12 33
601988 17 16 33
600223 16 17 33
600426 17 16 33
600298 12 21 33
600261 15 18 33
000616 16 17 33
002327 19 13 32
002138 16 16 32
600177 15 17 32
300128 19 13 32
600252 16 16 32
002277 13 18 31
002099 11 20 31
002474 12 19 31
002004 15 16 31
600880 10 21 31
000725 20 11 31
600115 19 12 31
600259 16 14 30
002594 17 13 30
000989 18 12 30
600827 11 19 30
002672 21 9 30
600059 17 13 30
000686 16 14 30
600697 18 12 30
002405 16 14 30
000623 11 18 29
002055 12 17 29
600373 18 11 29
002123 8 21 29
300241 16 13 29
002429 21 8 29
300017 16 13 29
601333 13 16 29
600418 15 14 29
600778 12 17 29
300105 13 15 28
000400 16 12 28
600403 10 18 28
000039 14 14 28
601100 17 11 28
002008 14 14 28
601899 12 16 28
002296 12 15 27
002589 14 13 27
300228 16 11 27
002503 14 13 27
600056 13 14 27
300197 15 12 27
601928 14 13 27
300267 17 10 27
002152 5 22 27
000430 10 17 27
002271 19 7 26
600098 15 11 26
600572 19 7 26
000543 13 13 26
601866 15 11 26
600886 15 11 26
300090 17 9 26
002223 13 13 26
000060 16 10 26
002570 19 6 25
002567 17 8 25
600660 15 10 25
002603 12 13 25
600425 12 13 25
600597 16 9 25
002299 11 14 25
601901 13 11 24
002025 8 16 24
600479 13 11 24
000539 14 10 24
000566 11 13 24
002501 12 12 24
002311 16 8 24
000425 12 12 24
600993 14 10 24
002408 14 10 24
601886 18 6 24
300257 10 13 23
002028 16 7 23
300104 12 11 23
600388 10 13 23
600616 13 10 23
002583 11 12 23
300170 12 11 23
002671 11 12 23
002001 11 12 23
603001 14 9 23
600596 13 10 23
002535 10 13 23
000059 12 11 23
600029 13 10 23
600337 10 13 23
300101 9 13 22
600581 12 10 22
300024 13 9 22
002564 8 14 22
600486 13 9 22
002673 13 9 22
002005 10 12 22
300168 14 8 22
601933 11 11 22
300212 11 11 22
002285 12 9 21
600528 10 11 21
300207 10 11 21
000968 11 10 21
300113 12 9 21
000513 15 6 21
002179 7 14 21
300300 13 8 21
000860 13 8 21
600779 9 12 21
002049 13 8 21
000680 10 11 21
000750 9 12 21
002656 13 8 21
000061 7 13 20
600537 9 11 20
600787 12 8 20
002033 9 11 20
300182 11 9 20
002306 12 8 20
002396 14 6 20
000501 9 11 20
300291 12 8 20
000861 11 9 20
600183 10 10 20
600021 13 7 20
002129 9 10 19
300253 10 9 19
002690 10 9 19
000917 8 11 19
002250 13 6 19
000927 9 10 19
300309 11 8 19
000878 7 12 19
600292 9 10 19
002269 7 12 19
600495 10 9 19
002309 11 8 19
000807 11 8 19
600729 9 9 18
601186 10 8 18
000666 8 10 18
002205 10 8 18
000690 11 7 18
300188 11 7 18
000778 12 6 18
002410 7 11 18
000415 9 9 18
600316 8 10 18
300159 8 10 18
601666 10 8 18
002508 9 9 18
600195 7 11 18
002436 7 11 18
601800 12 6 18
002262 10 8 18
002369 8 10 18
600642 8 10 18
300315 11 7 18
002447 9 9 18
600260 10 8 18
000758 9 9 18
600096 6 11 17
600655 7 10 17
300072 11 6 17
600329 8 9 17
000563 8 9 17
002465 8 9 17
000811 5 12 17
601311 7 10 17
600216 7 10 17
002398 11 6 17
300156 8 9 17
601991 9 8 17
600674 11 6 17
000887 6 11 17
002167 8 9 17
002086 5 12 17
600257 7 10 17
603000 10 7 17
300136 10 7 17
600724 9 7 16
600188 4 12 16
300177 8 8 16
002013 6 10 16
002419 8 8 16
000823 7 9 16
600240 7 9 16
000639 8 8 16
600438 9 7 16
000919 9 7 16
600823 5 11 16
601818 10 6 16
002387 7 9 16
600765 7 9 16
600761 7 9 16
002653 12 4 16
300322 9 7 16
600251 8 7 15
002052 8 7 15
002056 7 8 15
000537 8 7 15
002485 4 11 15
002662 7 8 15
002663 10 5 15
002292 9 6 15
002421 12 3 15
600888 5 10 15
002397 8 7 15
600502 6 9 15
600118 6 9 15
000046 8 7 15
300298 7 8 15
002317 9 6 15
600086 10 5 15
002340 8 7 15
002089 7 8 15
300133 10 5 15
601001 6 8 14
000759 4 10 14
000969 3 11 14
601369 6 8 14
002195 6 8 14
600415 2 12 14
002161 5 9 14
601098 8 6 14
601238 7 7 14
002439 8 6 14
002313 6 8 14
600496 8 6 14
601877 11 3 14
002341 7 7 14
000050 7 7 14
600527 8 6 14
601126 7 7 14
601010 8 5 13
002050 4 9 13
601139 7 6 13
002251 7 6 13
000592 8 5 13
300187 5 8 13
000780 7 6 13
300157 8 5 13
600707 10 3 13
300273 8 5 13
600835 6 7 13
002266 5 8 13
300147 9 4 13
600303 5 8 13
600397 6 7 13
300216 4 9 13
000009 4 9 13
300285 7 6 13
002378 7 5 12
600354 4 8 12
300074 5 7 12
000697 7 5 12
300062 6 6 12
300144 5 7 12
300347 7 5 12
600280 5 7 12
000679 7 5 12
601231 6 6 12
002358 7 5 12
300270 8 4 12
000516 4 8 12
600221 8 4 12
300275 6 6 12
601233 7 5 12
600636 7 5 12
002368 5 7 12
300287 7 5 12
000665 8 4 12
300002 6 6 12
600763 3 9 12
002156 7 5 12
600335 7 5 12
002655 7 5 12
002484 5 7 12
002298 4 8 12
600352 5 6 11
601002 4 7 11
300077 4 7 11
300075 6 5 11
600552 7 4 11
002068 5 6 11
600584 5 6 11
600816 5 6 11
600785 4 7 11
600285 6 5 11
002320 5 6 11
600820 6 5 11
300337 7 4 11
000951 5 6 11
601101 5 6 11
601798 4 7 11
300261 6 5 11
002185 6 5 11
600197 6 5 11
300164 6 5 11
300006 6 5 11
002014 6 5 11
002116 5 5 10
000669 5 5 10
002521 6 4 10
601919 5 5 10
600039 4 6 10
300004 5 5 10
601118 4 6 10
600150 5 5 10
601390 6 4 10
002582 4 6 10
002588 7 3 10
002660 6 4 10
600563 5 5 10
000598 6 4 10
002572 5 5 10
601718 3 7 10
600318 5 5 10
002159 5 5 10
002308 4 6 10
300015 4 6 10
002216 6 4 10
000602 3 7 10
000603 6 4 10
600686 4 6 10
600673 5 5 10
600058 6 4 10
600420 5 5 10
002547 5 5 10
600088 4 6 10
600497 6 4 10
002237 5 5 10
002153 5 5 10
300219 5 5 10
000979 5 5 10
300032 6 4 10
600895 4 5 9
000536 5 4 9
600377 4 5 9
300086 5 4 9
002233 5 4 9
600831 3 6 9
600038 2 7 9
002144 4 5 9
600322 4 5 9
600978 5 4 9
002469 6 3 9
002481 2 7 9
600815 4 5 9
002428 5 4 9
002092 4 5 9
002646 5 4 9
000635 5 4 9
600867 8 1 9
002281 3 6 9
002586 5 4 9
600704 6 3 9
300083 6 3 9
300119 5 4 9
002557 4 5 9
002254 4 5 9
600253 5 4 9
002470 7 2 9
002509 5 4 9
300054 4 5 9
300122 5 4 9
002261 3 6 9
600770 3 6 9
600997 4 5 9
600718 4 5 9
300288 6 3 9
002345 4 5 9
002221 5 4 9
002010 5 4 9
601588 6 3 9
000809 5 4 9
002658 5 4 9
600804 4 5 9
300134 5 4 9
000090 3 5 8
002022 6 2 8
002458 4 4 8
600389 4 4 8
300301 4 4 8
300289 6 2 8
002480 5 3 8
002414 4 4 8
300336 4 4 8
600863 6 2 8
002039 4 4 8
300345 5 3 8
601106 4 4 8
300064 3 5 8
002255 4 4 8
300068 2 6 8
601965 6 2 8
600525 4 4 8
000551 3 5 8
300302 4 4 8
300303 4 4 8
600416 4 4 8
002249 3 5 8
600380 5 3 8
000788 4 4 8
600705 4 4 8
300274 3 5 8
600675 3 5 8
601727 3 5 8
300198 4 4 8
300059 4 4 8
000885 4 4 8
600839 3 5 8
600633 4 4 8
300229 5 3 8
600310 3 5 8
600643 4 4 8
002445 5 3 8
300314 5 3 8
600716 3 5 8
002124 4 4 8
600160 3 5 8
300210 4 4 8
600509 6 2 8
600117 5 3 8
600529 3 5 8
300246 4 4 8
300048 2 6 8
300323 4 4 8
002283 2 5 7
600372 4 3 7
300190 3 4 7
300355 3 4 7
000612 4 3 7
601678 4 3 7
002023 1 6 7
600101 3 4 7
600100 2 5 7
600351 4 3 7
300012 4 3 7
600238 3 4 7
300110 3 4 7
000608 4 3 7
600481 2 5 7
000418 4 3 7
600469 3 4 7
000982 5 2 7
002214 3 4 7
600773 4 3 7
600456 3 4 7
300199 5 2 7
600300 3 4 7
600428 6 1 7
300178 5 2 7
000939 1 6 7
002268 4 3 7
600995 2 5 7
002618 5 2 7
002440 5 2 7
300096 2 5 7
600460 3 4 7
000726 3 4 7
600288 3 4 7
300007 5 2 7
600246 3 4 7
600184 4 3 7
002275 4 2 6
002573 4 2 6
600723 1 5 6
300256 3 3 6
300050 4 2 6
002115 2 4 6
000026 3 3 6
600790 3 3 6
000918 3 3 6
600077 2 4 6
002694 3 3 6
603077 3 3 6
300102 2 4 6
300202 4 2 6
002091 2 4 6
600975 3 3 6
002460 3 3 6
000525 4 2 6
000915 4 2 6
002035 3 3 6
000590 2 4 6
000987 1 5 6
300346 4 2 6
002551 4 2 6
600331 2 4 6
000006 4 2 6
600487 3 3 6
600468 2 4 6
600971 2 4 6
300226 3 3 6
300016 3 3 6
002215 2 4 6
002433 4 2 6
002437 4 2 6
002648 3 3 6
002649 4 2 6
300195 3 3 6
002645 3 3 6
000883 5 1 6
002209 4 2 6
002384 4 2 6
601600 3 3 6
300222 3 3 6
600491 3 3 6
600307 3 3 6
600998 4 2 6
002444 3 3 6
600391 3 3 6
600461 1 5 6
300009 3 3 6
002226 4 2 6
600595 4 2 6
600237 4 2 6
300043 4 2 6
002650 4 2 6
600802 3 3 6
300036 3 3 6
600187 0 6 6
002661 5 0 5
002574 2 3 5
601636 4 1 5
002020 4 1 5
600387 2 3 5
600499 2 3 5
002371 3 2 5
601000 1 4 5
300352 3 2 5
600270 3 2 5
002318 3 2 5
600005 3 2 5
000880 2 3 5
002094 1 4 5
600533 3 2 5
300204 3 2 5
300203 1 4 5
600107 2 3 5
600106 1 4 5
000407 2 3 5
002664 4 1 5
300332 3 2 5
000708 2 3 5
300142 2 3 5
002568 3 2 5
002565 1 4 5
600139 1 4 5
600327 1 4 5
002100 3 2 5
600664 1 4 5
600378 2 3 5
002393 5 0 5
002554 2 3 5
002253 3 2 5
600983 3 2 5
000413 3 2 5
600829 4 1 5
000731 4 1 5
600169 2 3 5
601168 2 3 5
002507 4 1 5
600172 1 4 5
600598 2 3 5
000517 3 2 5
600516 2 3 5
600269 2 3 5
000558 2 3 5
002316 4 1 5
000768 2 3 5
600305 3 2 5
002549 1 4 5
600128 3 2 5
000546 2 3 5
002085 2 3 5
601018 3 2 5
000712 3 2 5
002534 3 2 5
000503 4 1 5
002018 2 3 5
002017 3 2 5
600116 3 2 5
600230 2 3 5
300045 3 2 5
002496 4 1 5
600432 3 2 5
300324 4 1 5
000655 4 1 5
000893 2 3 5
300135 1 4 5
600132 0 5 5
002177 0 5 5
600586 2 2 4
600728 3 1 4
002668 2 2 4
601216 2 2 4
002110 2 2 4
002288 2 2 4
000559 1 3 4
600657 2 2 4
600371 2 2 4
002698 3 1 4
002079 2 2 4
600571 3 1 4
300295 3 1 4
600360 2 2 4
000868 1 3 4
000997 2 2 4
002620 3 1 4
002438 1 3 4
600850 2 2 4
600320 1 3 4
002526 2 2 4
300293 2 2 4
002242 1 3 4
300205 2 2 4
601958 2 2 4
002466 2 2 4
002467 3 1 4
002462 4 0 4
002701 2 2 4
000709 2 2 4
601038 2 2 4
300123 3 1 4
002082 2 2 4
002206 1 3 4
002084 2 2 4
000631 2 2 4
002367 4 0 4
002538 3 1 4
600710 2 2 4
002389 2 2 4
300258 2 2 4
300244 2 2 4
002511 3 1 4
002197 2 2 4
600663 2 2 4
002587 4 0 4
603993 2 2 4
600565 2 2 4
600185 2 2 4
600219 3 1 4
002643 2 2 4
300349 2 2 4
600828 1 3 4
000601 2 2 4
002556 2 2 4
002492 2 2 4
002497 3 1 4
002394 3 1 4
002700 2 2 4
002252 1 3 4
000921 4 0 4
002170 2 2 4
600311 2 2 4
300025 1 3 4
600963 2 2 4
002665 2 2 4
000521 2 2 4
600812 2 2 4
000609 2 2 4
600682 2 2 4
600500 2 2 4
600173 2 2 4
002183 2 2 4
002182 2 2 4
601908 2 2 4
000797 2 2 4
000584 3 1 4
300196 2 2 4
002312 3 1 4
000762 1 3 4
300098 2 2 4
300022 2 2 4
000636 2 2 4
002044 1 3 4
002045 1 3 4
600089 1 3 4
600054 1 3 4
300245 1 3 4
000426 2 2 4
000935 2 2 4
002680 3 1 4
300316 2 2 4
600713 3 1 4
601012 2 2 4
000830 3 1 4
600268 3 1 4
002343 2 2 4
002322 2 2 4
601872 2 2 4
600606 2 2 4
000007 2 2 4
600026 2 2 4
001696 2 2 4
002657 2 2 4
002301 3 1 4
000715 2 2 4
600149 2 2 4
300087 0 4 4
000530 0 4 4
600113 1 2 3
000626 1 2 3
002379 1 2 3
600894 1 2 3
002054 1 2 3
300056 1 2 3
300259 1 2 3
600072 2 1 3
002695 3 0 3
002595 2 1 3
000900 2 1 3
300306 1 2 3
000996 2 1 3
601008 1 2 3
002629 2 1 3
002331 2 1 3
002334 1 2 3
002234 1 2 3
601179 1 2 3
600446 2 1 3
600754 1 2 3
000816 1 2 3
000739 3 0 3
002441 1 2 3
600666 1 2 3
600667 1 2 3
600601 1 2 3
002585 2 1 3
600161 2 1 3
600560 2 1 3
300290 2 1 3
300010 2 1 3
000089 1 2 3
000988 1 2 3
300186 2 1 3
300183 1 2 3
000850 1 2 3
600284 3 0 3
002321 1 2 3
600639 1 2 3
600736 1 2 3
002494 1 2 3
300339 2 1 3
600749 1 2 3
601616 1 2 3
601608 2 1 3
002597 2 1 3
601518 2 1 3
002078 3 0 3
300232 2 1 3
000737 1 2 3
000738 2 1 3
600018 1 2 3
300155 2 1 3
002210 1 2 3
002217 1 2 3
600485 1 2 3
600879 1 2 3
300331 2 1 3
002133 2 1 3
600685 1 2 3
002181 1 2 3
002003 1 2 3
002006 1 2 3
600236 2 1 3
000795 1 2 3
600231 3 0 3
300037 2 1 3
300055 1 2 3
300194 2 1 3
000547 1 2 3
002187 2 1 3
002546 2 1 3
600884 1 2 3
600635 2 1 3
002042 2 1 3
300223 2 1 3
002162 1 2 3
600990 2 1 3
600649 2 1 3
002685 1 2 3
300099 1 2 3
002448 1 2 3
600396 2 1 3
601929 1 2 3
600449 2 1 3
000667 1 2 3
600543 2 1 3
002581 1 2 3
000837 2 1 3
600693 1 2 3
002128 1 2 3
300264 2 1 3
000898 2 1 3
000777 1 2 3
601515 2 1 3
300218 1 2 3
300217 1 2 3
300214 2 1 3
600112 2 1 3
600119 1 2 3
600433 1 2 3
000978 2 1 3
002305 2 1 3
600808 1 2 3
002483 2 1 3
000716 3 0 3
300034 1 2 3
300031 1 2 3
300132 1 2 3
002060 0 3 3
601208 0 3 3
002417 0 3 3
002096 0 3 3
002093 0 3 3
002630 0 3 3
002349 0 3 3
002012 0 3 3
002576 1 1 2
600969 1 1 2
000099 1 1 2
002370 1 1 2
000972 1 1 2
000822 1 1 2
002053 1 1 2
300169 1 1 2
300255 2 0 2
600789 1 1 2
600658 2 0 2
002407 2 0 2
002640 2 0 2
000532 1 1 2
000531 1 1 2
600073 1 1 2
600987 1 1 2
600206 1 1 2
002239 1 1 2
000990 1 1 2
000993 1 1 2
600832 1 1 2
002034 1 1 2
600278 1 1 2
002330 1 1 2
002336 1 1 2
600855 1 1 2
600851 1 1 2
600004 1 1 2
600393 1 1 2
300107 1 1 2
300100 1 1 2
002500 1 1 2
002486 1 1 2
600755 1 1 2
601558 1 1 2
600035 1 1 2
002413 1 1 2
002067 1 1 2
600531 1 1 2
000779 1 1 2
300130 1 1 2
002461 1 1 2
300003 1 1 2
600375 1 1 2
000705 1 1 2
600120 1 1 2
002117 1 1 2
000798 1 1 2
002606 1 1 2
002563 2 0 2
002365 1 1 2
600860 1 1 2
300351 1 1 2
002512 1 1 2
300127 2 0 2
002190 1 1 2
600662 1 1 2
000523 1 1 2
002031 1 1 2
002030 1 1 2
300150 1 1 2
002424 1 1 2
603366 1 1 2
000599 1 1 2
300185 1 1 2
300167 1 1 2
300344 1 1 2
600282 1 1 2
600370 1 1 2
002326 1 1 2
002571 1 1 2
600078 1 1 2
600731 2 0 2
601107 1 1 2
600883 1 1 2
300085 1 1 2
300084 1 1 2
300082 1 1 2
601199 1 1 2
002550 1 1 2
002558 1 1 2
002390 2 0 2
002391 1 1 2
002351 1 1 2
300266 1 1 2
600126 1 1 2
000966 1 1 2
600306 1 1 2
300313 1 1 2
600133 1 1 2
000411 1 1 2
300320 1 1 2
000825 1 1 2
600965 1 1 2
002679 1 1 2
000554 1 1 2
000683 1 1 2
601258 1 1 2
000950 1 1 2
000735 1 1 2
002191 2 0 2
300312 1 1 2
600872 1 1 2
600961 1 1 2
000957 1 1 2
002350 1 1 2
601799 1 1 2
600483 1 1 2
600683 1 1 2
002135 1 1 2
002132 1 1 2
600684 1 1 2
300327 1 1 2
002502 1 1 2
600505 1 1 2
002189 1 1 2
000421 1 1 2
000519 1 1 2
300148 1 1 2
002348 1 1 2
002130 1 1 2
000589 1 1 2
300052 2 0 2
300297 1 1 2
600356 1 1 2
300145 1 1 2
000886 1 1 2
000027 2 0 2
002623 2 0 2
002541 2 0 2
600122 1 1 2
002548 1 1 2
002566 1 1 2
002472 1 1 2
600737 1 1 2
600734 1 1 2
002532 1 1 2
002043 1 1 2
600757 1 1 2
002406 1 1 2
000011 1 1 2
600641 1 1 2
600064 1 1 2
002339 1 1 2
601618 1 1 2
300311 1 1 2
002449 1 1 2
300094 1 1 2
600398 1 1 2
300318 1 1 2
600545 1 1 2
300166 1 1 2
000828 1 1 2
002227 1 1 2
600390 1 1 2
000751 1 1 2
002342 1 1 2
000897 1 1 2
000890 1 1 2
600699 2 0 2
002127 1 1 2
600695 1 1 2
002539 1 1 2
002530 1 1 2
600279 1 1 2
600163 2 0 2
600167 2 0 2
603008 2 0 2
600503 1 1 2
000802 1 1 2
600232 1 1 2
000973 2 0 2
000572 1 1 2
300328 1 1 2
300047 2 0 2
300046 1 1 2
300044 1 1 2
000488 1 1 2
002225 1 1 2
300137 1 1 2
300103 0 2 2
600551 0 2 2
000930 0 2 2
600803 0 2 2
002452 0 2 2
600962 0 2 2
600991 0 2 2
002080 0 2 2
600168 0 2 2
600760 0 2 2
300174 0 2 2
002528 0 2 2
002148 0 2 2
600885 0 2 2
000541 0 2 2
000720 0 2 2
300035 0 2 2
600386 0 2 2
600475 0 2 2
000062 0 2 2
002036 0 2 2
600233 0 2 2
600592 0 2 2
002011 0 2 2
000659 0 2 2
000552 1 0 1
300238 1 0 1
600784 1 0 1
600152 1 0 1
600569 1 0 1
600796 1 0 1
600578 1 0 1
002505 1 0 1
300305 1 0 1
002628 1 0 1
002231 1 0 1
000748 1 0 1
002489 1 0 1
000882 1 0 1
002416 1 0 1
300201 1 0 1
002213 1 0 1
000564 1 0 1
002702 1 0 1
300335 1 0 1
000700 1 0 1
600129 1 0 1
000796 1 0 1
000931 1 0 1
002602 1 0 1
002360 1 0 1
600593 1 0 1
002601 1 0 1
300284 1 0 1
300263 1 0 1
300247 1 0 1
002531 1 0 1
002107 1 0 1
002291 1 0 1
600783 1 0 1
300018 1 0 1
600568 1 0 1
002632 1 0 1
600435 1 0 1
300019 1 0 1
002678 1 0 1
002479 1 0 1
000909 1 0 1
002219 1 0 1
600308 1 0 1
600439 1 0 1
600287 1 0 1
002194 1 0 1
002357 1 0 1
600706 1 0 1
002614 1 0 1
002186 1 0 1
600771 1 0 1
600051 1 0 1
000707 1 0 1
601801 1 0 1
300193 1 0 1
002314 1 0 1
002256 1 0 1
300078 1 0 1
601058 1 0 1
300126 1 0 1
002381 1 0 1
002108 1 0 1
002651 1 0 1
300224 1 0 1
600647 1 0 1
600645 1 0 1
002443 1 0 1
600313 1 0 1
002610 1 0 1
600630 1 0 1
000610 1 0 1
600846 1 0 1
300028 1 0 1
300269 1 0 1
600830 1 0 1
002324 1 0 1
300165 1 0 1
000573 1 0 1
002302 1 0 1
600361 1 0 1
603002 1 0 1
600459 1 0 1
300163 1 0 1
600037 0 1 1
002066 0 1 1
300240 0 1 1
300069 0 1 1
002329 0 1 1
600826 0 1 1
600825 0 1 1
002498 0 1 1
600628 0 1 1
002070 0 1 1
600482 0 1 1
600137 0 1 1
300179 0 1 1
002264 0 1 1
002267 0 1 1
002048 0 1 1
600121 0 1 1
000932 0 1 1
600012 0 1 1
600548 0 1 1
000687 0 1 1
000755 0 1 1
300260 0 1 1
300041 0 1 1
300049 0 1 1
002307 0 1 1
300139 0 1 1
002059 0 1 1
600263 0 1 1
600791 0 1 1
600798 0 1 1
000925 0 1 1
000923 0 1 1
002696 0 1 1
600573 0 1 1
002412 0 1 1
000910 0 1 1
600363 0 1 1
002425 0 1 1
600561 0 1 1
600215 0 1 1
600210 0 1 1
600218 0 1 1
600401 0 1 1
600688 0 1 1
600198 0 1 1
600226 0 1 1
000761 0 1 1
300161 0 1 1
002228 0 1 1
002229 0 1 1
002220 0 1 1
002088 0 1 1
600768 0 1 1
600507 0 1 1
000977 0 1 1
000719 0 1 1
000713 0 1 1
000627 0 1 1
000021 0 1 1
600350 0 1 1
300172 0 1 1
601007 0 1 1
002522 0 1 1
600248 0 1 1
000561 0 1 1
000031 0 1 1
300181 0 1 1
002176 0 1 1
000829 0 1 1
600410 0 1 1
000732 0 1 1
002604 0 1 1
000043 0 1 1
601113 0 1 1
002169 0 1 1
002168 0 1 1
600648 0 1 1
600063 0 1 1
000723 0 1 1
000727 0 1 1
002613 0 1 1
600262 0 1 1
300326 0 1 1
002374 0 1 1
002286 0 1 1
600478 0 1 1
002622 0 1 1
300209 0 1 1
300334 0 1 1
300029 0 1 1
002361 0 1 1
600717 0 1 1
002101 0 1 1
002103 0 1 1
600668 0 1 1
600665 0 1 1
002032 0 1 1
002636 0 1 1
000507 0 1 1
600871 0 1 1
002139 0 1 1
600677 0 1 1
600295 0 1 1
600346 0 1 1
600844 0 1 1
002122 0 1 1
002126 0 1 1
601268 0 1 1
