58
481
715
973
629
593
581
962
962
791
785
910
51
989
262
979
199
146
767
228
353
84
248
37
558
139
304
109
57
757
296
54
208
550
91
801
760
593
935
647
27
962
683
819
117
565
436
817
738
386
685
673
15
110
200
456
415
970
232
51
130
330
110
245
212
193
892
635
345
322
594
742
385
132
402
963
707
848
436
695
940
672
863
29
912
871
586
906
489
781
309
539
499
654
514
171
159
201
772
995
225
444
846
119
607
175
257
42
325
961
331
981
509
71
262
748
606
187
392
613
71
17
738
737
601
188
779
293
424
913
636
371
212
964
108
126
960
428
432
378
576
563
287
80
958
846
280
627
98
939
115
977
73
883
683
966
855
311
565
967
526
823
826
290
841
990
514
302
73
602
973
284
739
926
963
462
83
689
557
497
207
461
983
918
316
893
880
690
852
21
941
96
219
441
543
619
375
741
746
344
843
959
23
689
579
261
157
941
686
202
24
152
205
176
403
461
64
660
503
770
798
883
659
35
845
395
523
127
63
815
117
318
601
727
317
11
416
291
702
200
546
629
205
539
692
484
675
582
816
943
278
959
207
235
669
745
929
789
967
296
640
699
902
131
517
768
913
274
444
77
610
576
649
835
771
188
729
901
948
297
333
938
849
648
842
631
894
192
32
808
715
378
86
534
926
244
269
500
190
487
294
94
471
82
655
542
340
902
215
444
427
2
933
825
387
867
910
547
250
6
848
580
675
706
628
123
390
636
946
62
82
260
857
554
92
687
626
806
526
685
519
270
834
65
21
560
460
527
502
328
913
379
549
274
497
254
997
199
961
24
217
738
569
679
349
986
401
846
998
751
249
932
361
565
114
667
877
920
145
918
286
388
845
223
389
463
503
446
933
935
102
323
735
621
415
429
625
54
584
278
804
549
276
859
938
680
391
889
695
795
391
461
449
664
558
569
551
727
860
214
937
707
653
370
802
535
158
163
753
639
486
992
149
655
33
194
307
519
181
61
865
735
636
698
891
310
142
225
242
512
12
310
278
107
668
881
280
204
350
126
825
160
257
568
933
281
647
103
14
177
846
343
510
741
669
546
666
654
528
675
48
235
350
865
250
206
494
673
752
667
46
27
28
151
242
684
824
136
258
382
975
829
302
573
274
311
743
788
674
393
13
235
526
638
145
198
671
64
107
128
931
954
542
161
963
85
133
894
484
401
562
890
602
863
981
356
357
733
946
822
605
45
32
455
60
401
721
875
645
498
694
908
326
998
367
783
207
450
360
657
39
964
617
227
188
275
34
403
800
629
805
662
130
651
172
773
950
991
884
20
561
89
487
921
145
808
516
724
135
76
738
616
805
901
894
681
534
300
791
124
24
750
160
180
343
720
451
418
771
774
595
874
351
450
843
537
467
887
949
269
984
706
364
124
263
206
580
398
829
304
472
466
614
16
273
603
455
437
830
564
965
367
902
604
994
733
579
56
642
899
321
279
174
825
759
27
278
773
126
831
781
919
139
7
354
817
191
266
737
106
989
731
690
251
114
364
271
397
558
421
960
592
978
559
873
732
267
684
577
628
54
412
995
432
909
298
517
551
365
602
708
853
348
441
923
617
227
602
771
218
516
182
560
962
191
482
815
869
700
255
472
411
5
496
605
423
410
446
397
418
511
393
582
577
333
123
802
485
601
623
141
551
148
719
589
679
648
864
366
392
230
224
830
107
41
539
154
651
490
965
98
470
726
266
959
151
900
259
232
50
889
395
600
845
444
701
616
746
195
80
845
0
539
175
302
24
199
537
720
195
173
860
568
897
849
440
767
867
305
795
728
294
212
612
685
403
266
803
291
427
821
442
87
8
211
828
794
30
289
708
301
838
869
969
887
577
80
725
453
143
124
790
514
841
584
1
260
398
185
676
257
412
901
819
263
672
382
309
188
33
951
428
443
707
832
557
803
866
840
765
430
469
523
323
878
63
594
881
771
134
564
156
313
236
682
505
948
765
629
683
320
708
952
415
116
158
865
152
516
644
889
539
763
607
780
641
760
436
327
977
749
556
889
738
820
948
26
350
435
402
123
734
203
485
741
162
851
919
283
640
717
610
686
106
115
44
55
567
610
150
543
476
567
17
354
284
369
30
395
123
307
117
17
987
498
776
246
626
115
473
116
603
871
823
8
603
943
690
407
152
483
961
106
334
444
290
691
993
686
567
95
139
251
185
98
992
239
458
934
158
942
695
572
911
757
497
810
490
930
830
72
575
387
298
657
843
699
827
257
618
796
664
760
129
124
197
677
851
807
604
104
689
814
745
740
564
250
46
343
52
690
320
977
303
881
623
543
434
258
277
366
927
436
118
96
366
277
890
739
993
155
463
444
164
787
200
551
781
361
379
514
140
700
43
513
490
929
34
993
738
406
245
868
423
711
334
867
30
115
218
337
207
277
697
832
231
878
445
987
339
520
439
503
172
498
606
554
627
989
123
547
900
795
306
988
311
10
494
137
838
919
676
236
919
938
855
386
169
687
311
535
171
114
2
630
377
124
289
731
455
373
81
727
131
695
265
405
706
165
978
757
910
912
881
811
718
642
109
768
75
283
960
898
197
272
720
463
299
813
248
948
108
835
56
971
524
505
677
586
109
862
32
105
892
574
391
189
137
858
236
734
302
329
24
953
424
902
412
185
533
935
964
156
523
428
760
805
111
501
600
370
116
301
686
74
334
214
784
649
678
496
845
935
138
467
994
958
279
977
611
212
731
190
943
371
90
598
323
270
171
844
616
798
387
112
925
314
302
784
982
263
97
626
864
973
744
943
857
11
207
71
358
51
849
49
666
948
559
532
401
601
794
838
88
201
857
510
105
721
260
949
825
797
924
454
266
699
340
491
982
757
505
145
244
417
635
449
790
98
187
762
532
152
686
427
676
527
211
710
625
172
184
401
899
849
246
545
56
764
634
459
259
346
419
582
704
600
388
731
598
658
149
7
743
575
230
960
98
931
590
587
844
520
940
428
609
253
736
300
498
424
513
192
488
642
480
476
564
74
947
834
697
116
184
276
406
243
798
185
144
602
563
586
251
829
904
733
505
718
929
673
599
591
972
661
15
681
98
166
829
367
940
741
974
877
504
215
345
929
307
515
938
847
340
887
883
866
832
499
855
724
751
151
838
131
302
342
619
376
400
23
736
168
284
165
789
785
945
706
192
734
31
522
450
427
240
810
994
837
984
707
476
673
298
974
151
422
525
346
653
480
324
484
38
699
926
497
429
896
369
717
993
260
660
701
260
139
404
483
976
381
498
705
802
279
863
609
158
151
76
801
426
792
958
341
555
325
847
996
808
495
321
395
65
42
607
469
570
645
764
746
524
805
8
23
214
214
215
476
649
366
738
477
848
610
130
277
964
418
304
230
419
366
928
424
101
220
573
424
465
561
256
319
60
575
518
442
614
8
130
919
313
782
830
674
311
450
251
650
847
473
330
772
529
317
55
616
531
468
352
845
432
787
288
208
397
56
526
311
250
187
164
431
718
327
637
343
832
991
404
530
979
470
479
138
633
946
708
761
122
171
891
452
113
90
453
370
661
499
393
114
790
677
684
125
547
947
97
472
436
294
686
987
879
493
824
985
156
665
687
730
840
849
603
408
326
935
498
619
459
283
966
287
648
444
149
463
75
659
734
712
798
255
799
623
598
588
205
546
397
967
489
816
953
839
921
573
323
573
540
794
298
402
450
286
563
388
634
225
901
849
846
260
126
310
887
363
765
881
724
330
737
950
461
341
388
216
114
13
307
372
528
164
255
206
532
906
418
495
611
732
933
827
936
988
304
402
634
487
883
942
494
58
80
84
207
499
339
974
341
751
188
395
961
93
892
387
751
846
316
227
973
327
616
627
398
821
277
178
598
920
869
400
636
860
563
234
235
457
123
451
964
771
602
242
856
949
431
225
120
526
912
171
322
88
413
59
451
370
686
456
806
763
853
803
523
716
500
932
864
700
284
5
107
279
171
126
960
266
168
69
998
157
980
930
485
809
539
12
324
807
762
929
593
87
215
738
281
145
582
892
380
637
953
943
462
202
16
207
218
155
146
81
214
56
243
274
301
222
943
4
691
3
457
123
694
959
888
190
534
155
331
786
431
442
452
695
355
943
520
180
489
966
68
227
437
215
444
531
648
471
534
986
355
898
836
605
582
736
892
163
404
427
796
261
691
157
151
243
50
390
340
100
510
196
474
510
801
117
678
236
718
832
671
389
182
140
716
444
63
600
136
535
751
762
509
212
755
40
576
797
312
169
671
473
115
656
152
465
771
804
961
25
547
693
884
432
287
957
546
913
114
339
458
181
678
773
676
301
295
161
764
722
216
146
756
583
698
874
812
897
271
196
56
777
795
772
867
671
469
294
556
454
974
391
919
332
275
827
638
728
465
255
867
714
202
185
652
79
928
765
4
867
56
656
552
17
772
593
699
800
891
187
133
880
486
124
350
191
613
237
563
252
551
816
13
226
393
155
240
804
719
536
286
936
329
806
186
556
718
209
332
701
22
396
468
837
688
373
141
798
998
704
398
459
879
451
412
149
148
177
492
883
441
848
643
651
618
600
418
387
331
178
320
752
814
286
438
510
650
229
289
143
459
12
74
285
963
473
707
732
873
140
976
52
391
229
157
285
895
636
257
833
544
783
801
372
142
952
748
581
572
73
690
529
505
966
949
789
912
754
589
767
81
444
628
242
504
735
924
828
951
726
337
939
553
507
728
827
487
605
314
441
117
861
684
190
115
589
512
166
81
821
645
7
705
14
755
413
321
859
226
222
15
713
243
121
100
758
352
281
868
197
904
639
8
666
848
152
985
561
336
24
977
204
469
850
649
551
308
636
204
694
948
855
628
537
81
60
995
841
950
94
32
304
25
601
863
454
42
350
32
911
271
903
410
39
20
260
607
38
384
428
804
344
244
299
764
554
310
845
898
183
812
382
883
254
61
579
294
129
698
988
131
965
900
44
898
913
223
949
117
493
999
330
775
584
463
296
205
105
813
375
347
804
465
808
169
507
658
865
238
818
370
157
122
531
238
410
317
961
830
801
872
977
93
747
739
773
313
3
156
328
223
997
36
45
161
644
419
287
367
245
557
401
524
700
51
346
681
959
810
221
526
547
279
845
796
26
503
12
280
475
128
231
498
407
341
538
607
66
122
459
526
709
870
304
585
322
666
766
206
161
934
226
284
696
270
255
940
789
526
560
298
409
47
5
749
792
103
429
942
707
166
660
401
410
653
531
226
958
171
711
824
770
69
855
970
709
360
920
822
519
633
489
668
130
639
595
310
229
654
856
975
463
521
680
573
869
572
953
918
385
215
855
276
845
67
433
203
426
959
113
217
391
979
601
228
835
42
516
68
326
92
668
663
539
175
92
577
434
78
843
720
88
144
70
986
18
158
79
461
744
927
924
640
357
272
585
768
77
684
919
35
121
816
403
841
752
315
128
786
993
248
659
323
374
499
117
262
20
102
304
433
540
388
764
858
475
229
431
705
504
402
911
175
228
299
507
207
88
767
814
553
922
871
86
346
734
757
589
743
446
592
858
632
854
789
117
656
495
300
89
996
856
816
120
478
230
118
810
550
495
674
347
596
303
798
319
879
460
334
103
101
777
909
833
246
311
207
550
845
692
630
381
311
193
949
512
288
323
232
251
234
944
438
725
636
376
523
596
275
508
831
743
994
652
824
8
247
800
910
963
527
949
275
162
450
396
103
463
873
219
514
850
931
722
897
628
286
249
29
991
198
613
529
754
260
388
751
448
749
396
167
97
610
89
668
731
12
895
975
70
255
282
521
930
594
992
764
547
186
854
878
446
914
653
137
480
372
748
153
354
608
547
308
289
567
458
336
492
316
667
35
724
283
931
530
594
701
588
314
164
395
160
554
55
835
261
788
561
136
966
190
162
288
489
33
475
449
758
864
868
566
470
145
923
959
281
815
448
726
70
312
983
25
626
49
606
313
694
291
370
643
14
629
889
960
930
970
445
151
133
113
457
275
337
430
342
12
41
172
570
876
26
201
207
130
911
706
363
687
942
622
714
468
123
991
735
860
977
487
348
921
497
682
445
928
308
404
150
724
658
700
741
68
622
538
872
844
830
312
101
572
97
672
765
119
555
959
927
897
306
749
451
125
120
630
271
908
428
337
576
7
713
828
914
168
406
677
223
767
568
436
396
407
963
248
264
741
622
30
825
510
598
33
136
258
462
435
533
657
979
884
729
725
567
595
938
463
359
702
347
606
129
23
160
245
924
318
954
61
957
415
261
772
209
278
163
209
252
216
151
103
973
949
662
269
256
177
532
400
193
616
49
59
51
229
426
803
56
505
278
593
35
199
146
746
98
906
169
771
826
192
779
322
891
812
692
387
636
664
510
564
910
769
988
954
364
517
383
749
491
838
320
85
944
739
316
96
8
871
424
405
707
405
465
462
671
501
967
253
780
93
252
909
598
550
50
640
791
999
664
251
34
750
994
221
402
317
628
939
886
976
841
254
437
682
562
909
949
413
282
798
622
721
431
242
484
317
982
619
215
20
885
768
22
319
494
570
34
47
311
953
564
431
222
404
664
849
891
706
546
184
148
279
854
556
984
952
238
580
273
437
380
5
424
96
446
771
978
787
884
27
566
734
686
658
770
395
469
202
150
225
209
816
108
112
70
136
335
992
521
441
278
822
855
549
464
660
306
226
516
62
193
740
411
400
884
357
843
988
957
218
576
81
599
45
307
938
161
553
871
111
791
275
605
71
234
753
274
61
235
692
281
823
418
711
783
452
203
812
955
175
82
524
857
307
533
965
305
956
965
739
667
336
351
664
741
685
604
823
749
865
354
316
987
683
497
407
884
875
781
451
33
442
736
111
289
767
468
898
148
495
154
987
452
702
653
584
931
263
245
902
193
651
394
878
591
642
378
393
782
499
771
655
925
282
79
799
194
828
247
520
684
837
390
732
843
235
850
839
310
634
591
168
359
306
55
539
226
535
782
732
257
604
524
821
149
958
120
958
577
279
82
227
131
297
712
581
812
180
594
742
284
246
438
170
730
564
623
840
398
737
228
643
904
773
11
665
904
513
557
466
35
500
798
765
894
546
186
589
409
489
95
56
157
805
403
422
60
803
831
946
428
107
302
401
475
5
501
789
319
38
853
931
923
879
318
94
632
184
798
788
741
546
415
172
10
164
630
243
158
91
980
146
142
194
178
488
484
67
489
486
962
179
571
155
762
484
408
515
576
567
602
966
191
150
23
549
837
455
749
844
921
474
295
596
817
682
387
5
53
100
872
800
595
905
960
847
902
979
659
43
95
885
113
694
892
750
600
395
917
483
82
677
629
526
546
322
371
94
842
314
8
477
373
836
174
515
784
595
431
795
733
24
517
481
955
607
454
921
85
604
450
360
107
17
469
140
907
460
806
741
100
951
234
911
224
322
112
906
407
74
337
548
846
12
192
433
754
927
933
101
979
937
434
396
159
809
333
572
74
761
901
921
893
774
267
810
85
414
774
84
126
521
920
708
515
886
812
375
285
247
60
568
901
461
795
231
391
756
847
736
629
330
152
372
889
367
148
879
229
760
242
923
753
441
454
518
539
230
978
570
869
558
709
674
380
230
768
228
983
660
656
747
650
629
968
968
720
694
517
986
962
804
311
183
449
579
93
163
244
946
15
243
13
524
623
324
919
223
525
111
598
14
966
715
581
722
111
674
247
4
964
259
303
354
752
771
807
137
40
190
970
133
44
148
314
15
390
711
286
525
58
846
92
841
328
790
343
772
387
743
84
981
629
449
909
383
809
252
184
234
951
174
810
204
295
399
595
880
664
294
71
764
306
787
470
788
670
453
700
787
594
167
366
149
48
533
255
93
961
612
287
627
600
641
600
263
678
541
310
982
638
32
489
793
535
59
94
463
589
65
871
620
707
376
773
526
253
570
56
224
920
275
999
673
788
234
159
722
598
879
180
469
768
864
428
630
970
196
146
27
883
657
394
212
326
191
796
525
121
813
950
615
892
358
472
549
509
131
776
178
21
49
97
310
751
441
753
635
674
31
327
37
339
974
246
94
367
23
260
112
970
56
417
9
78
192
451
715
353
719
952
531
797
847
263
65
742
106
857
950
675
830
823
535
770
770
199
130
1
322
97
203
411
249
962
117
433
77
863
628
173
507
387
357
220
303
592
920
832
128
463
183
352
682
509
388
297
354
441
515
852
276
360
321
446
351
540
927
663
302
646
712
997
299
221
533
851
5
348
964
769
182
675
341
59
138
408
880
892
379
434
23
435
768
500
501
814
435
232
261
490
400
835
574
184
611
521
106
585
675
45
713
934
80
283
15
7
97
400
553
156
890
37
505
851
566
883
439
593
48
172
588
150
669
894
464
839
340
22
415
963
994
595
896
564
754
310
814
395
943
178
298
362
618
859
633
728
783
561
899
47
815
722
79
148
927
297
997
474
685
117
465
747
679
696
474
224
486
817
51
788
933
456
695
739
521
885
899
414
571
293
363
724
295
905
922
266
531
364
115
916
312
95
548
731
805
485
926
532
389
953
678
749
837
431
603
5
580
331
863
417
72
816
938
807
88
74
879
819
634
342
307
473
778
629
115
814
382
429
775
134
142
258
467
718
822
485
3
157
842
762
647
102
620
363
506
708
195
843
92
152
702
742
68
340
196
518
898
310
181
471
365
925
965
216
450
139
593
148
88
506
716
458
687
630
191
438
129
922
617
263
151
406
276
914
622
266
154
674
281
525
808
429
889
523
857
51
599
845
779
304
602
964
514
24
723
151
103
833
704
124
220
249
395
513
983
887
884
458
887
363
927
565
28
636
670
995
74
787
761
684
571
647
435
576
247
258
53
247
963
897
862
515
833
256
477
456
800
451
676
748
694
694
643
411
344
840
688
827
862
543
845
401
610
393
459
313
668
264
28
624
873
62
125
423
611
206
170
775
565
488
194
2
606
356
507
229
817
348
358
152
436
89
257
768
124
236
621
101
566
816
795
55
877
608
307
153
640
667
432
317
744
554
723
781
306
610
238
944
147
421
556
219
215
644
580
960
316
556
286
113
313
970
300
569
658
689
169
81
791
275
707
245
436
716
603
252
299
527
818
55
993
919
905
121
298
933
513
190
2
877
823
301
650
935
531
900
495
598
323
8
827
414
493
292
646
633
444
349
330
479
367
700
551
198
292
765
203
482
53
587
499
573
451
185
742
179
17
173
459
289
381
754
763
145
147
264
788
887
595
186
51
873
261
979
379
257
657
97
842
177
933
325
761
832
324
887
460
798
576
850
864
151
365
11
467
375
947
799
453
569
854
716
943
148
506
513
472
128
14
578
756
58
301
4
770
857
880
418
936
132
307
920
965
24
353
437
523
294
397
366
421
112
440
642
485
9
359
271
585
528
735
903
594
379
660
278
169
329
422
215
350
622
845
345
913
474
388
9
329
43
792
524
923
370
206
581
569
915
204
630
813
748
71
978
847
903
48
739
154
112
966
925
975
934
851
748
952
307
629
618
462
646
26
429
153
957
104
470
173
825
668
694
411
805
939
143
827
458
479
41
610
212
331
444
473
314
762
359
869
346
755
921
280
184
649
581
33
825
901
233
279
180
997
866
874
834
944
645
901
735
619
285
497
987
476
201
438
209
789
204
695
449
618
436
778
224
180
837
224
99
147
689
41
146
678
659
257
732
660
362
970
345
727
646
492
600
94
693
189
127
162
551
655
780
145
894
695
493
665
663
387
160
390
713
205
104
309
767
755
58
156
777
202
115
839
255
872
733
452
276
814
754
629
599
369
326
494
835
873
807
485
635
700
979
639
646
775
385
723
381
524
174
779
200
12
643
198
328
654
542
483
195
467
317
201
424
301
674
454
460
859
247
418
201
618
698
83
961
938
265
361
757
763
644
175
244
296
100
943
542
984
863
124
875
908
198
151
167
461
26
102
724
768
587
950
682
885
464
57
169
227
199
889
35
28
876
577
548
909
281
45
674
771
674
910
454
297
799
260
481
350
472
705
692
379
968
829
524
799
511
255
981
943
314
76
303
819
23
323
748
400
906
484
470
578
800
812
571
243
656
314
220
169
509
870
130
504
827
880
810
723
496
200
724
822
146
914
916
398
121
643
706
990
173
693
784
759
874
330
402
92
804
853
382
262
815
954
360
584
73
61
8
846
79
953
993
957
632
987
64
865
490
680
977
808
558
235
953
845
542
833
944
472
388
164
303
817
265
710
354
552
514
775
980
202
757
87
573
963
344
99
588
486
380
776
537
365
870
742
426
184
922
150
555
93
533
532
98
821
205
196
86
936
533
429
237
926
945
898
589
400
984
141
51
267
862
993
759
295
549
98
650
827
312
409
735
781
452
735
353
254
968
925
129
216
16
243
439
769
315
870
928
438
121
214
49
777
977
896
628
328
221
872
193
668
150
131
168
780
815
793
69
544
651
270
504
433
528
308
157
861
372
396
891
781
179
5
784
225
131
579
223
528
496
7
125
826
218
569
4
294
362
963
853
264
130
117
778
41
740
901
874
726
290
737
109
828
678
403
879
786
738
945
437
767
25
751
654
292
103
299
395
277
765
985
360
83
335
768
413
17
106
36
237
538
996
243
704
102
722
375
445
176
121
233
952
466
797
842
999
807
906
61
283
483
745
584
988
969
764
94
364
217
787
283
568
643
503
817
699
911
740
89
402
475
651
797
461
567
691
942
520
6
196
850
438
754
436
212
817
634
261
939
932
981
834
821
617
312
490
630
679
269
474
281
39
204
148
135
141
772
283
324
105
804
221
255
739
570
997
48
804
239
33
772
854
990
609
750
562
761
138
89
701
66
217
884
839
650
521
165
382
18
892
806
792
33
365
53
713
839
478
242
223
343
918
594
661
373
462
649
272
412
212
51
460
490
305
892
544
442
669
755
752
215
882
932
652
331
857
48
321
940
936
418
361
99
910
86
269
63
663
388
803
402
393
289
694
687
854
491
468
374
625
502
229
221
220
412
919
277
729
161
997
20
795
414
455
710
928
16
833
404
571
186
163
350
864
207
849
689
752
424
72
481
948
759
669
79
269
803
371
783
21
774
926
537
464
282
891
128
835
892
843
6
69
922
307
369
140
811
989
580
894
616
775
368
373
914
533
494
846
442
958
728
242
315
590
53
198
539
640
0
710
863
473
854
235
691
397
327
151
915
956
911
676
44
25
777
703
917
858
568
522
637
681
846
79
105
546
280
217
657
955
873
368
877
180
660
269
618
309
360
578
618
784
376
730
865
614
421
957
60
483
778
174
95
726
866
352
448
469
370
65
815
310
643
132
78
552
476
674
916
381
635
434
12
359
724
917
780
248
54
766
7
521
211
784
610
838
899
224
965
432
464
228
894
597
253
849
463
408
544
677
193
426
366
895
149
326
933
564
661
362
796
14
65
82
44
496
996
957
74
657
195
447
482
995
726
561
646
168
788
146
407
912
15
979
70
387
261
258
628
951
422
190
711
741
722
251
274
914
274
93
426
122
427
246
168
576
587
501
963
52
716
338
262
341
715
809
85
916
221
59
746
58
142
77
633
280
419
304
699
652
102
460
36
557
798
323
385
463
949
206
995
555
221
587
569
434
450
668
330
653
261
632
462
545
434
54
234
658
579
190
156
143
466
852
417
575
627
216
659
48
476
149
883
839
246
618
907
595
516
300
322
766
938
785
351
997
71
651
358
242
888
249
992
682
608
276
151
919
12
46
971
481
266
933
66
448
601
628
79
838
899
693
430
503
348
396
811
414
856
962
592
630
820
187
806
735
214
828
777
174
666
298
802
792
356
976
483
823
121
888
470
718
93
588
399
525
596
821
731
943
743
967
91
801
419
300
421
485
850
829
931
723
11
865
428
250
463
461
23
78
63
589
654
499
157
227
103
489
506
557
408
877
212
100
654
509
323
949
122
638
643
198
732
956
517
326
464
977
984
525
228
17
768
942
246
590
20
367
561
881
591
152
721
887
888
61
47
925
46
280
136
474
218
88
417
726
294
490
654
816
240
699
236
406
555
523
16
216
47
524
204
99
268
369
545
515
416
886
585
541
505
202
361
146
880
761
234
60
932
173
919
442
979
605
987
495
881
877
237
347
847
489
381
788
323
591
420
911
580
267
947
305
797
607
351
234
55
721
576
115
592
244
652
729
117
896
675
783
743
363
300
874
328
75
125
420
629
489
475
825
678
117
261
26
230
847
543
547
964
93
369
386
347
903
258
361
738
447
439
46
328
254
563
38
12
125
166
126
106
930
591
842
141
385
422
11
599
452
745
175
568
251
712
164
774
222
950
699
340
802
325
601
922
86
461
101
593
766
192
785
945
138
823
876
410
130
671
969
716
112
859
788
747
702
762
246
792
930
792
894
333
860
476
831
57
254
863
281
745
916
363
351
69
104
69
907
52
830
419
150
186
892
871
192
734
213
872
889
755
448
994
250
787
823
589
953
918
865
676
921
184
34
75
438
847
250
988
969
135
957
322
743
438
712
77
126
804
189
983
24
791
176
458
843
424
386
612
39
998
832
706
920
975
132
970
154
65
338
169
392
851
790
609
521
3
69
564
318
203
307
253
706
397
28
565
378
873
178
695
288
997
227
757
410
94
23
198
183
138
633
551
288
387
483
650
737
39
7
945
785
339
396
955
831
274
221
228
310
161
459
390
544
977
875
995
680
235
830
934
119
579
311
90
295
48
383
791
270
114
346
340
383
209
561
605
87
421
308
178
206
461
55
100
69
768
207
549
356
872
740
136
47
709
124
682
560
625
598
421
19
231
153
603
613
90
571
358
164
478
467
513
355
92
558
784
561
617
357
373
825
569
7
563
378
631
309
325
985
25
812
301
550
108
463
810
669
470
482
640
213
312
32
491
641
762
765
900
426
94
508
345
912
535
210
32
931
438
747
545
710
134
357
140
990
705
260
985
740
235
520
38
556
860
287
572
648
68
368
611
299
244
496
630
811
439
756
934
265
684
380
61
856
947
524
416
173
4
693
85
564
101
212
437
637
222
495
712
32
244
901
232
814
992
653
284
254
466
635
995
266
99
866
704
516
933
135
457
38
37
552
227
229
300
763
410
239
997
188
912
128
154
929
933
624
796
911
110
946
630
425
292
975
551
493
590
987
662
361
760
271
160
996
176
224
515
687
850
933
879
701
5
822
541
493
685
671
547
145
765
236
329
548
510
675
268
342
533
268
678
785
573
200
591
519
72
739
64
689
866
796
495
961
704
658
526
800
465
709
728
777
115
45
158
773
462
220
299
693
716
793
616
722
714
945
176
181
410
222
334
792
912
358
494
520
894
208
354
166
703
71
811
621
846
45
967
972
844
623
230
692
614
423
577
789
648
810
429
75
277
176
465
718
182
819
894
842
179
683
388
210
982
693
917
983
314
84
172
124
255
885
155
257
157
685
750
717
816
929
802
56
827
211
289
518
242
503
665
841
672
797
361
293
990
382
713
8
655
863
314
571
452
78
886
243
153
261
285
422
203
163
217
713
19
350
508
451
923
566
576
666
42
885
869
215
721
338
570
284
145
861
868
524
870
681
418
851
955
726
413
322
172
243
844
589
593
576
133
115
453
954
284
735
805
260
122
154
922
923
964
682
797
516
301
814
381
162
653
288
380
540
819
902
531
168
129
662
303
635
168
828
849
614
672
23
873
837
936
858
794
682
131
462
226
647
386
899
306
808
357
683
879
284
265
535
862
848
71
61
401
91
542
255
554
946
444
601
341
990
986
91
946
617
966
620
753
135
757
122
681
813
381
243
956
154
460
548
99
3
753
45
366
622
299
288
324
519
964
417
537
666
296
320
589
700
183
482
760
846
723
210
765
606
123
666
835
694
184
536
345
304
118
224
884
576
26
179
363
19
345
333
313
756
995
664
991
652
714
560
298
810
322
33
807
437
248
803
382
790
659
937
957
773
0
34
82
773
541
918
716
469
794
416
590
701
305
80
177
956
361
644
940
648
637
607
57
211
652
568
270
907
173
840
864
425
399
457
12
553
829
862
904
675
200
469
149
363
794
810
875
133
704
155
895
248
350
352
28
567
676
99
402
581
947
60
146
166
10
2
374
83
223
617
812
943
973
818
680
135
872
69
720
260
250
743
355
690
553
591
9
215
575
170
578
155
264
452
855
936
4
922
506
904
841
165
824
33
140
349
73
307
534
994
706
741
840
132
109
427
812
310
830
517
230
852
412
768
836
479
97
108
54
688
613
734
271
247
216
367
681
797
961
679
365
828
878
328
300
224
397
707
470
163
871
320
119
424
506
598
428
29
352
131
614
718
244
521
503
990
790
488
123
274
517
428
780
371
293
389
342
444
13
255
211
722
326
40
528
534
864
348
730
482
48
424
447
345
29
747
115
790
762
767
378
65
495
219
522
664
212
432
724
340
668
193
866
987
719
994
19
609
564
987
478
29
392
525
403
44
659
972
710
440
900
363
838
658
524
570
414
938
552
875
647
430
590
223
478
138
661
983
146
518
674
737
828
238
439
485
447
902
117
645
595
508
914
430
710
30
656
470
351
803
590
63
411
304
386
51
605
541
866
126
420
483
424
317
976
872
423
514
942
347
157
149
721
972
89
572
612
187
155
237
549
692
909
543
319
969
143
65
886
4
416
943
526
238
625
426
32
956
327
875
168
116
41
106
865
94
177
556
412
946
543
636
40
551
600
582
828
450
789
258
845
278
266
687
785
445
335
485
140
96
712
30
110
483
514
927
64
555
533
267
317
975
894
246
424
786
710
937
955
637
698
411
953
816
17
927
877
347
780
631
852
42
788
38
481
730
42
616
302
831
503
917
218
74
379
65
862
450
946
877
929
386
545
513
940
777
919
381
801
687
522
946
750
511
744
197
0
873
286
821
442
826
59
502
275
719
57
386
322
687
624
455
92
865
414
444
349
278
141
2
91
867
880
956
315
250
322
942
923
632
842
134
411
749
693
512
764
838
922
903
82
428
865
23
57
154
155
898
350
903
278
305
284
355
596
366
53
357
639
988
820
659
216
643
638
246
547
887
164
856
195
77
468
328
51
10
109
92
988
559
800
456
120
956
637
352
756
48
866
844
265
728
602
6
56
737
733
779
807
225
498
977
870
752
861
963
523
934
857
379
361
532
548
964
657
602
89
700
959
284
673
459
548
878
804
857
637
155
425
256
338
241
926
721
504
18
937
269
529
682
139
923
58
15
998
935
350
953
478
41
733
250
281
751
188
373
106
492
590
287
747
910
571
477
583
708
266
326
167
236
429
22
175
435
552
229
920
862
636
119
10
235
210
763
511
386
65
508
118
519
883
728
468
433
642
254
672
699
226
852
563
849
139
378
971
285
615
594
505
977
696
189
971
14
38
261
566
718
310
340
404
342
54
79
781
349
780
887
804
877
905
110
676
284
837
851
971
593
170
153
679
255
465
65
694
896
554
49
657
603
634
331
764
886
691
999
233
648
943
139
588
386
62
817
842
346
911
485
960
584
403
256
660
674
897
547
776
348
202
788
870
469
899
240
758
572
164
503
915
669
706
928
474
117
743
9
681
164
156
794
218
181
116
476
768
712
475
664
541
193
204
228
293
630
950
276
488
542
608
522
892
221
402
288
843
742
572
404
841
131
230
527
927
860
332
796
484
108
976
256
760
275
473
207
386
859
681
485
625
126
152
696
890
973
505
577
344
4
298
13
998
101
351
691
816
741
156
31
763
865
481
812
613
369
789
880
603
200
370
402
686
575
401
432
230
77
271
933
492
249
585
12
102
825
246
822
73
944
877
502
588
504
642
546
906
339
215
216
262
36
246
944
565
25
169
201
11
49
622
981
503
214
60
847
873
649
354
504
492
183
329
970
784
571
189
736
538
555
763
735
673
409
318
554
309
730
458
94
549
901
290
795
387
64
604
607
549
454
274
139
880
615
491
806
78
389
698
303
216
548
320
494
502
588
452
599
148
528
692
622
57
520
197
104
288
678
896
630
884
848
468
971
709
941
351
422
402
65
600
647
420
927
807
332
402
880
692
17
772
568
196
765
580
297
99
749
78
182
211
375
395
608
206
353
19
753
6
945
461
745
447
727
621
534
610
354
877
707
836
206
859
284
931
280
182
9
472
390
191
739
458
531
855
375
772
268
572
133
23
147
538
118
422
397
743
861
237
674
409
913
266
176
855
619
471
247
381
945
646
470
722
585
478
382
47
594
912
101
256
500
43
617
554
169
101
986
884
708
247
401
828
342
15
944
3
494
237
872
829
289
197
416
762
310
586
423
755
707
532
658
735
713
637
192
377
189
470
136
277
93
412
881
935
646
101
173
617
539
978
542
251
751
585
100
991
402
367
225
13
596
652
438
358
413
415
633
386
25
182
877
509
417
137
187
373
357
96
76
616
60
503
123
627
443
38
547
519
26
717
544
606
273
602
152
306
629
380
551
272
588
75
968
984
870
135
854
752
206
952
556
296
268
661
513
630
12
693
895
974
65
139
692
810
826
477
495
0
621
536
580
107
605
932
475
643
98
337
871
16
686
79
605
364
749
575
445
306
18
980
597
850
403
289
148
393
609
833
166
752
980
744
814
647
627
493
607
926
109
67
922
69
871
668
944
216
187
121
536
11
564
266
887
88
464
763
420
864
685
639
136
670
980
827
471
895
282
720
797
989
437
458
871
648
487
268
927
458
342
658
592
596
180
735
481
924
995
149
165
967
519
478
173
810
172
929
831
908
779
306
35
170
553
126
505
440
222
606
679
696
269
16
158
841
946
532
539
978
105
316
546
426
919
995
609
578
233
119
405
860
666
443
452
705
525
80
521
458
302
671
494
553
795
719
319
140
876
148
872
594
549
960
854
949
228
600
362
387
71
250
364
346
832
830
154
694
929
898
767
665
302
30
481
954
241
474
753
432
548
57
399
430
265
396
367
469
771
415
208
558
163
64
220
950
763
939
301
315
12
146
729
838
215
412
460
655
396
896
33
392
982
605
858
303
161
605
465
643
539
476
296
472
164
547
745
45
48
524
446
294
100
42
274
701
769
524
107
16
739
495
178
862
774
147
759
275
149
525
995
600
141
185
926
978
749
538
153
860
129
388
112
614
264
379
634
288
999
134
348
33
916
904
454
533
468
435
599
994
432
595
886
936
989
6
563
39
714
584
528
786
315
393
629
489
226
693
649
568
57
392
6
617
460
360
429
885
196
257
312
290
43
552
13
963
744
418
113
643
324
47
496
936
27
722
215
573
522
683
256
321
284
406
698
119
769
439
271
369
547
321
982
11
627
472
310
206
5
116
438
952
914
461
154
956
309
395
311
430
915
875
228
253
527
69
976
113
325
34
300
839
709
397
802
114
478
66
134
148
258
457
132
705
732
137
248
82
581
28
162
248
55
549
162
374
704
130
729
418
169
587
793
241
836
703
278
9
827
221
882
230
62
166
536
875
44
20
597
453
645
849
650
804
386
900
718
617
626
525
820
383
629
574
34
546
688
540
689
146
377
798
852
96
492
282
13
567
480
795
774
667
938
958
378
682
316
464
113
711
59
946
991
410
285
231
613
932
507
186
796
859
88
672
360
90
836
358
467
177
631
247
28
593
38
840
5
739
619
780
853
303
45
671
0
738
201
539
983
223
147
25
799
455
217
29
103
3
532
915
112
789
899
860
464
429
419
130
823
817
102
314
727
329
468
638
24
463
395
453
258
571
452
945
544
555
598
906
773
74
364
138
496
835
598
683
468
13
454
623
597
713
514
628
46
638
872
768
297
825
561
387
266
389
889
965
983
685
185
992
920
231
902
830
768
994
299
427
384
383
675
539
642
394
706
795
131
864
527
543
13
732
46
943
849
540
429
132
880
118
831
664
70
592
197
607
198
346
429
828
443
584
271
34
163
461
47
70
53
545
749
830
465
538
71
892
419
767
670
653
772
963
331
286
86
211
721
354
953
777
122
251
937
728
848
963
828
865
77
812
620
500
464
954
445
71
208
407
754
381
225
283
172
506
703
751
784
74
560
922
112
629
316
547
645
308
431
892
612
876
427
647
621
446
29
30
887
915
99
542
57
193
348
967
33
803
727
275
797
348
856
78
938
607
103
158
513
752
722
364
872
294
973
892
311
873
297
528
764
935
432
968
249
701
813
723
452
517
731
443
686
878
502
708
400
930
325
476
581
234
601
408
683
921
251
222
151
166
933
109
233
55
166
949
528
523
44
781
628
13
624
499
310
931
81
262
941
737
424
449
155
736
884
302
423
269
118
589
800
977
987
692
30
290
4
578
168
81
500
971
72
695
187
893
437
199
61
460
501
735
542
432
238
356
325
589
600
532
661
389
351
845
704
782
115
18
113
255
569
537
298
363
66
601
605
76
607
38
233
237
786
109
869
304
204
866
875
335
943
801
360
885
821
71
599
48
571
515
103
421
564
977
95
150
365
241
256
539
250
973
411
950
789
669
239
814
730
525
183
647
728
526
499
874
891
839
766
142
743
730
247
538
964
846
220
790
163
685
744
113
47
439
367
819
560
259
983
193
965
134
352
429
365
237
827
604
896
587
453
782
642
312
956
321
365
633
54
390
295
912
189
507
544
784
26
636
229
406
23
11
963
352
946
402
230
506
467
946
63
630
876
68
582
894
503
218
198
802
656
348
696
392
760
108
20
508
911
708
271
226
225
279
357
247
240
361
747
164
80
812
999
32
286
67
82
612
996
144
29
981
645
236
114
934
464
20
598
769
831
64
33
574
995
810
286
115
731
690
722
768
276
822
433
729
286
630
7
893
600
462
113
395
333
942
61
771
177
361
611
124
827
898
499
453
129
824
571
532
888
127
927
314
273
226
205
898
401
472
968
478
15
212
197
551
100
53
25
905
937
803
213
527
361
277
315
662
909
801
146
667
161
772
932
206
810
72
502
584
894
496
963
700
196
594
568
171
25
499
927
694
475
373
247
579
762
84
56
702
454
595
728
842
230
352
185
469
308
623
352
567
833
367
274
14
326
700
357
377
770
433
829
700
4
489
360
22
916
222
750
926
321
783
749
340
517
734
352
219
279
27
358
487
405
339
614
776
43
497
90
128
703
377
894
768
252
261
362
487
209
64
643
949
347
276
531
464
936
688
892
374
991
238
693
216
493
329
522
271
912
52
493
901
284
602
589
380
751
27
845
492
719
154
226
295
753
171
714
851
899
898
898
620
374
182
335
479
483
242
8
987
147
21
536
629
693
771
148
235
374
157
45
687
659
152
503
302
492
864
928
24
571
227
173
633
188
179
556
727
337
548
447
152
588
377
745
882
707
824
279
97
116
86
959
352
68
41
507
277
845
401
728
210
375
228
566
537
425
608
666
257
908
105
726
503
920
391
744
305
833
117
119
883
136
618
704
148
758
575
79
898
273
85
762
394
749
906
557
625
981
830
996
588
511
235
643
320
154
865
64
300
689
809
447
2
41
462
136
105
499
977
881
866
513
337
204
628
147
733
86
323
557
353
144
78
736
50
544
705
340
611
192
962
630
500
137
949
419
32
714
880
468
890
672
813
927
795
428
595
295
909
638
405
827
254
456
802
517
26
227
104
553
186
870
264
630
119
869
146
631
486
612
244
936
579
823
449
103
678
936
416
697
876
578
461
845
848
774
669
450
830
83
93
105
870
653
489
413
61
85
29
841
23
83
837
215
380
94
970
699
386
534
709
392
80
730
611
710
605
418
796
361
391
492
402
27
899
705
917
831
575
201
393
308
426
76
159
849
401
648
709
549
363
758
900
952
982
213
471
472
320
432
131
121
231
471
194
788
949
854
759
493
402
60
980
917
857
98
823
54
469
326
41
2
196
553
782
746
324
522
369
300
531
65
323
715
36
565
593
272
861
892
343
650
662
642
321
969
900
331
45
413
335
167
535
530
978
196
322
435
639
863
814
885
190
519
845
560
483
997
463
998
629
128
543
317
992
25
829
215
852
991
400
819
122
175
357
569
911
478
728
737
15
734
205
109
579
933
367
70
314
60
438
597
627
190
472
660
934
587
133
143
274
947
808
662
22
345
926
624
163
126
748
422
108
761
802
950
483
621
379
476
663
766
195
531
93
74
410
623
573
469
678
513
778
585
793
280
253
928
813
612
975
484
239
577
404
777
942
646
604
567
57
893
629
738
988
75
861
450
990
807
423
282
558
144
76
921
970
645
254
956
898
467
16
433
971
101
730
157
501
108
236
159
394
636
103
358
424
530
339
211
635
602
568
61
612
951
269
962
797
304
134
10
772
979
992
578
691
466
21
403
614
576
176
181
564
786
841
160
492
706
742
275
239
563
45
481
762
230
397
327
574
580
380
240
391
905
501
663
425
723
329
974
639
535
900
51
550
13
793
480
840
638
577
635
106
45
487
307
603
194
226
108
683
6
798
639
976
307
137
259
47
750
86
369
371
873
981
312
13
638
674
347
302
567
368
668
129
81
5
105
249
759
298
981
94
19
718
560
173
157
852
682
82
764
620
462
511
293
752
367
415
951
792
629
683
158
644
676
231
510
331
204
417
581
223
576
103
905
445
485
448
181
558
175
768
73
913
85
381
976
233
475
389
782
123
432
779
975
164
697
42
358
202
896
774
343
221
88
338
991
956
53
748
963
985
331
365
80
616
859
887
490
294
983
365
315
633
741
659
206
405
552
841
469
0
900
522
287
917
141
999
86
851
323
400
289
786
775
714
538
313
277
739
950
77
821
439
156
857
319
196
636
288
148
736
384
639
70
244
7
387
905
359
172
557
296
263
748
897
83
50
58
32
41
916
434
664
238
496
650
724
850
841
869
162
28
100
470
700
350
991
477
450
456
507
350
773
690
138
579
139
968
56
859
8
639
377
638
997
794
584
451
630
339
653
805
36
177
256
302
825
982
625
344
210
394
352
30
173
953
412
771
77
699
176
778
695
184
34
791
44
594
530
337
763
749
578
361
58
70
410
290
348
967
410
461
856
706
863
374
354
542
971
413
126
781
175
522
31
493
962
817
221
784
820
277
682
905
975
444
250
974
837
562
185
771
851
673
698
880
570
989
41
436
344
289
909
882
948
170
946
419
870
741
60
286
717
749
138
636
398
178
485
503
315
93
976
284
786
853
470
268
311
867
531
911
114
729
860
11
577
935
132
439
811
357
127
787
630
309
150
171
620
374
723
414
810
82
465
27
727
190
863
704
226
580
397
559
568
706
83
940
645
164
49
483
151
132
194
982
744
406
333
782
916
256
489
666
410
586
144
610
450
725
331
366
8
722
439
559
599
189
458
885
791
592
191
19
788
375
652
59
884
452
470
683
589
434
607
714
511
397
137
440
837
133
124
886
398
600
880
197
861
734
996
433
525
852
596
384
611
640
187
441
642
135
339
176
744
127
178
68
247
174
339
681
965
764
591
724
932
178
821
636
173
342
449
715
282
223
614
369
221
394
694
773
749
992
787
42
327
637
816
91
183
822
805
459
450
927
716
773
939
269
938
939
171
548
162
836
734
641
914
50
893
922
448
163
692
222
56
191
391
73
125
48
240
120
385
322
33
428
918
228
785
975
431
337
213
778
182
552
350
951
750
874
798
494
521
674
594
755
359
555
634
326
435
415
888
605
614
947
426
352
93
700
377
383
231
749
529
941
615
194
207
412
471
989
460
773
456
54
329
570
703
235
171
287
779
424
572
696
848
99
398
104
907
578
903
506
442
555
628
282
230
847
46
452
288
828
480
476
178
737
899
261
964
894
567
329
127
870
406
82
654
839
122
691
340
646
830
474
45
615
949
481
318
775
582
674
281
943
497
285
170
74
51
855
217
406
113
24
867
157
101
342
445
981
758
262
480
945
157
979
849
540
764
996
797
102
67
108
669
86
405
10
890
824
156
881
306
749
351
119
535
606
150
836
368
799
300
890
570
889
905
963
690
212
336
668
568
732
98
720
314
546
821
998
436
896
323
685
670
152
862
760
801
2
266
824
444
988
664
611
298
629
867
568
881
555
315
567
125
531
673
164
491
726
795
797
471
337
780
997
420
490
281
964
694
397
64
853
955
871
31
710
342
664
607
319
912
555
396
91
405
752
506
786
897
981
783
62
388
567
486
750
665
927
589
347
87
165
995
384
78
855
433
258
164
712
702
574
402
531
223
312
900
712
583
883
915
698
858
722
731
875
12
149
82
817
630
90
431
298
532
675
779
142
601
892
55
818
244
213
297
656
538
580
11
718
975
204
125
633
179
388
860
156
659
985
749
844
896
171
729
962
607
906
946
684
49
861
430
719
587
579
320
725
589
367
656
247
892
707
69
487
703
14
877
896
829
204
212
421
553
833
777
298
289
563
777
393
419
303
366
464
338
675
675
180
781
368
126
366
998
561
263
748
154
809
789
416
651
722
817
334
722
308
635
473
725
64
420
599
72
788
404
270
611
601
993
375
579
848
187
415
967
406
458
765
237
397
927
362
847
499
280
637
0
795
369
982
320
643
859
758
925
99
586
642
522
251
532
101
662
243
445
933
296
852
156
88
105
232
621
440
861
848
517
800
249
678
24
199
175
479
53
409
546
271
755
736
934
252
633
355
327
6
945
831
361
240
369
47
77
252
110
408
226
7
714
103
614
4
860
181
770
74
321
381
491
878
93
973
457
158
412
359
141
706
32
824
728
641
634
588
596
798
720
314
189
959
658
278
810
204
832
718
898
882
984
256
900
565
920
901
692
893
716
834
845
380
453
102
714
115
276
353
454
769
275
988
581
491
307
412
642
67
322
633
850
194
248
69
331
839
735
313
730
443
322
517
507
128
720
260
194
212
917
13
252
35
772
776
941
520
617
87
792
966
119
339
852
261
345
276
858
101
510
610
899
795
385
932
926
960
710
478
663
734
246
856
120
103
296
536
886
656
618
775
840
327
652
635
744
682
919
951
406
936
238
414
763
134
142
414
285
902
523
940
543
730
22
612
678
18
192
872
734
20
741
489
546
358
473
763
921
26
666
254
346
645
718
433
364
285
859
374
53
337
592
518
746
759
347
543
256
534
480
624
377
310
387
671
379
19
983
705
513
715
217
133
332
34
611
575
722
403
31
824
141
607
37
693
479
392
171
774
356
519
529
609
403
124
759
344
291
246
420
737
821
157
281
283
395
451
722
315
584
915
836
147
303
862
268
736
308
965
56
873
372
620
972
612
465
519
933
505
751
427
84
231
2
120
31
355
283
68
553
304
419
715
830
114
790
156
848
135
466
588
193
689
554
172
875
619
907
836
185
769
20
122
826
707
4
366
738
413
50
421
92
237
662
606
902
158
255
801
596
266
411
396
660
429
222
357
160
311
635
763
565
266
679
40
772
134
748
532
666
645
900
195
859
968
219
991
470
894
902
958
942
328
637
56
936
997
234
620
269
804
238
652
723
789
408
261
308
481
567
253
201
317
275
259
199
870
206
815
935
889
895
493
536
512
734
522
664
575
703
328
85
636
359
90
986
183
16
709
312
520
886
552
247
981
197
954
827
454
950
759
379
681
7
71
104
433
697
38
667
452
957
679
102
4
321
713
677
997
716
877
634
879
157
459
857
938
860
629
619
230
237
683
515
52
524
506
554
806
485
395
203
115
764
867
842
260
996
276
700
378
658
800
829
339
50
901
125
940
466
423
662
823
805
314
889
547
401
361
332
370
831
434
484
573
789
490
527
644
927
968
355
211
700
280
137
391
878
824
323
152
325
308
539
337
96
196
327
247
662
792
29
67
303
803
438
947
315
213
994
277
702
981
419
525
446
356
713
37
288
578
287
359
184
369
884
968
249
873
638
785
55
654
237
469
611
961
720
300
207
676
864
396
575
325
472
128
515
31
113
838
194
544
54
422
830
346
165
870
350
339
565
619
955
843
657
453
169
431
973
720
128
661
967
850
337
901
469
508
75
246
22
218
962
15
755
989
919
412
735
268
927
728
982
555
517
899
453
130
902
309
345
653
6
498
4
832
440
810
566
979
621
100
235
19
842
326
746
452
78
219
125
823
699
255
346
512
81
849
860
21
307
14
251
489
747
728
469
874
368
929
195
73
999
328
891
296
655
234
1
153
236
175
585
245
570
409
397
548
823
315
41
481
764
297
381
389
205
14
817
82
259
722
392
189
691
21
953
376
730
546
745
846
223
988
880
161
880
396
108
126
660
854
191
379
93
493
969
374
392
300
885
628
778
309
368
487
337
602
939
153
81
2
346
401
605
446
334
223
898
833
885
638
401
558
898
27
366
28
301
655
952
229
559
489
237
787
337
32
517
49
904
645
849
403
450
764
777
455
125
477
575
686
20
173
153
908
742
349
962
173
480
214
868
794
692
434
971
793
591
193
779
367
672
794
985
989
370
166
304
327
826
978
533
467
387
540
974
868
159
314
885
47
438
644
434
259
276
267
954
321
824
286
916
314
316
516
179
75
723
578
512
315
201
650
318
672
392
536
775
232
545
614
313
876
198
223
468
312
858
312
677
795
708
468
495
374
892
5
54
923
318
423
328
398
248
402
896
479
178
468
473
229
609
583
416
496
390
255
778
481
212
155
267
380
717
888
634
980
418
285
593
879
292
528
372
319
495
495
398
683
71
921
397
366
985
382
413
104
9
647
881
796
255
634
862
552
205
78
36
988
104
8
824
747
503
339
295
869
540
153
121
895
283
785
938
528
84
422
880
271
429
746
962
694
216
76
226
917
727
597
257
401
840
513
762
424
161
376
374
425
851
428
770
983
859
516
455
329
202
41
310
187
670
421
98
188
59
786
630
275
620
932
245
342
919
118
582
775
720
939
351
736
802
315
960
760
879
666
426
706
878
429
925
177
904
394
718
272
146
790
968
941
821
640
111
276
26
682
66
767
12
68
521
956
975
115
957
932
910
646
853
773
499
810
731
445
224
825
321
584
161
819
133
310
948
743
162
489
463
399
276
846
641
751
77
937
697
51
684
287
703
752
917
917
154
863
834
87
650
145
440
319
276
553
634
673
624
377
175
806
635
852
496
571
614
383
698
758
840
131
958
139
143
431
875
145
747
402
994
342
399
139
862
389
572
107
473
288
50
682
929
566
780
318
417
487
232
471
394
514
859
262
995
20
454
805
220
684
345
302
437
96
392
276
89
832
704
771
267
697
831
953
982
849
950
315
564
261
228
596
590
352
93
617
154
620
643
439
83
834
792
676
913
641
19
299
57
476
826
3
615
290
53
32
699
944
243
406
991
61
153
617
473
759
301
245
932
984
205
365
882
57
560
301
8
676
151
50
100
848
755
660
724
125
606
956
529
79
285
251
205
180
14
131
579
94
462
937
215
951
71
347
231
335
861
295
702
564
406
557
168
339
391
496
283
994
762
849
536
387
958
910
361
926
165
181
636
379
817
342
773
848
807
406
90
765
997
45
178
836
655
368
290
609
390
897
580
744
997
71
178
138
387
390
686
744
438
215
654
331
162
330
6
430
68
591
167
404
970
382
883
946
790
132
291
253
74
869
878
839
66
613
331
206
167
452
174
597
538
291
267
650
393
604
944
75
293
995
578
375
340
8
838
275
737
432
760
711
611
280
34
181
332
739
570
797
848
660
512
599
676
539
319
556
300
570
491
226
661
29
741
210
327
175
194
390
715
870
261
428
425
348
374
176
339
887
699
420
661
683
269
892
457
864
713
571
610
444
925
81
287
943
537
450
171
608
47
541
750
397
804
266
869
382
814
52
636
811
525
110
506
848
330
779
21
911
495
562
283
621
643
541
673
592
708
495
739
685
493
425
441
900
558
165
144
769
231
426
854
976
890
906
179
940
581
98
426
265
198
21
51
291
158
394
409
465
516
701
378
862
938
184
967
28
817
55
466
212
87
123
29
206
949
569
855
257
841
859
291
914
430
604
221
296
348
765
124
944
641
730
23
352
662
662
356
286
216
14
489
224
299
238
180
578
696
561
820
905
49
119
678
957
720
917
709
252
951
804
683
836
335
147
554
47
623
914
991
357
198
683
968
863
363
462
134
566
744
263
450
359
698
115
234
561
604
551
340
907
311
631
642
135
828
270
404
699
519
952
378
690
726
927
682
724
724
642
599
441
353
453
446
257
520
640
577
167
966
369
389
761
382
525
941
47
982
269
410
348
99
758
157
336
256
741
603
176
399
601
488
913
709
30
312
454
419
677
933
952
632
42
379
927
964
371
864
258
188
512
928
993
721
537
363
24
944
418
313
853
853
207
501
25
452
983
89
329
659
277
27
533
210
836
120
244
211
348
230
459
528
166
179
524
159
217
943
500
119
955
674
393
112
688
943
304
452
619
336
326
292
687
216
929
177
647
5
644
370
874
848
109
170
47
866
895
668
211
513
106
996
717
748
425
143
199
801
151
841
36
359
767
850
735
879
765
226
285
556
766
783
797
218
463
28
714
21
556
290
417
375
616
640
347
963
811
475
642
72
489
290
843
697
896
276
455
56
734
851
15
214
817
131
840
476
838
662
823
119
122
414
475
777
317
185
928
536
137
67
732
336
660
536
139
848
185
109
968
334
301
192
340
385
693
934
290
601
135
431
720
430
308
586
272
430
344
300
391
137
445
434
315
581
568
161
733
255
883
916
614
984
665
122
39
737
334
294
940
860
608
897
295
626
100
569
694
264
260
900
182
813
229
17
932
279
73
622
619
535
820
983
329
352
963
594
449
737
348
896
287
510
888
481
78
641
183
653
636
446
891
118
167
153
675
806
641
709
642
527
700
962
457
242
278
491
731
223
6
451
866
255
968
749
250
360
586
771
620
210
251
642
410
517
798
709
142
213
84
537
239
164
758
197
188
462
731
57
612
135
30
585
665
209
455
915
136
629
926
37
776
512
461
527
668
555
519
666
910
192
800
637
476
280
685
270
895
678
198
437
310
54
758
780
524
670
999
936
922
694
639
786
496
782
706
551
778
307
434
757
166
611
798
166
1
109
948
811
744
881
802
144
804
641
633
155
846
619
818
32
944
934
803
552
533
510
952
949
947
422
211
436
242
876
368
894
151
650
321
534
242
949
917
452
802
91
842
103
516
355
546
663
762
603
