4396
600028
600050
600019
000002
600036
600830
600499
600267
600029
600858
000402
000629
601088
000063
002052
000878
601898
600895
600839
600795
600655
601857
600685
600438
600467
000898
002001
601169
601919
600354
601600
000792
600391
000581
600598
600141
601601
600897
600036
600000
000858
600636
600030
601628
000759
600550
600282
000024
600469
601088
000063
600005
000599
002140
600801
600963
000422
000800
000002
600026
000898
000063
600036
600009
600005
601939
601398
600383
601318
600028
600054
601186
600029
000024
600000
600011
600547
600050
002024
600456
600585
600519
601006
600196
000898
600596
600036
601166
002028
600271
002088
600327
600315
002003
600880
600557
600005
600660
600030
600050
000566
600316
600231
002005
600325
600790
002161
600808
601318
000983
000818
000761
600540
002128
000972
600971
002183
002242
600348
600100
601958
000712
000790
600188
000581
600883
600686
600111
000515
000630
002095
600428
600362
600161
601857
000878
600019
600825
002003
000727
600571
601002
600378
600028
600088
600289
002252
600867
600838
600141
000617
600439
600713
600189
000783
600596
600460
002063
600299
600469
000705
000589
000836
000911
000338
600268
600489
600636
002180
002008
002154
000917
600166
002177
000002
600026
002024
600005
000001
000157
601919
600439
600031
600075
601699
601898
000024
600426
600195
600489
600048
000718
601166
600997
000002
600000
601318
600036
000001
601166
601628
600737
600048
601088
600363
000858
600383
000709
600030
601857
000532
600624
000972
600630
000024
600005
600050
000599
600016
600846
000612
600210
600408
000839
000718
600997
000969
600096
600028
600029
000911
600015
000401
600598
600348
600488
600596
600196
000878
601328
600289
600469
601699
000898
600519
000006
600423
000792
600078
601169
600141
600540
000566
600201
600489
600547
600001
000933
600663
600075
000860
600674
600107
000553
000565
600226
600067
600117
600499
600557
002041
600362
000525
000069
601111
002024
000729
600100
000568
600470
600405
600694
601666
000955
601588
000869
001696
600550
601009
000717
002202
600740
601166
601328
601919
000707
600030
600000
000952
600516
600966
600016
600029
600867
000898
600037
601006
600406
000001
000069
601318
600739
601186
600019
600036
601398
601166
000001
600585
600005
601328
600029
000898
601088
600016
601666
600028
600000
000063
601919
000024
601006
600036
601088
600779
000983
000651
601166
601699
601808
000972
600383
000709
600867
600267
600096
000792
000898
000839
000401
000422
600150
601390
600004
600550
000060
000612
601006
600879
600880
000402
000933
000550
600266
600694
600141
000839
600887
000758
601601
600547
002187
000024
601390
600048
600348
000069
601088
600631
000423
600383
000063
000878
000895
000933
600195
600875
601006
600426
600761
000968
000755
600596
000792
600036
601088
000402
600143
601318
600519
600015
600309
600251
600479
600299
000002
600748
600028
600050
600019
600267
600517
601166
601318
600308
600028
601628
000831
600674
601088
000878
600748
600875
000960
601001
600016
600001
000778
601857
000002
000488
000932
600019
600016
601006
600835
000002
600000
000983
600005
601398
000768
601088
600036
601628
600875
002069
600050
000063
601857
000937
600859
000568
601628
600995
000155
000912
000969
000581
000528
000960
600549
002055
600585
000790
600000
600543
600557
002249
002252
600036
600005
600030
600050
600019
600000
000001
000612
600519
601666
000983
601318
000800
000002
601166
601628
601186
600188
600026
601699
000002
600717
601088
600000
601318
000063
600036
000983
601006
600016
601919
600325
600997
601390
000933
600005
600143
601666
600583
002024
600519
601088
600050
600202
000063
000983
600009
000550
000792
600583
600880
600547
600859
600383
002078
601166
600000
600467
600005
600900
601006
600028
601666
600123
601919
600664
600050
600029
600881
601699
600016
601166
600880
600680
600831
600037
000652
600030
600027
000939
600642
600509
600795
600886
000839
000983
600004
600717
600009
601111
000893
600598
600350
000001
600428
000060
000878
600963
000425
601318
600016
000709
601088
600585
601939
000002
600596
600030
600031
600028
000983
600036
601186
600970
000001
600547
000858
000792
600030
601318
600598
000024
000983
600519
600348
601628
000002
600765
600005
000960
000423
000422
600855
600150
600962
000911
600879
600406
601088
600519
002024
600585
601006
601166
600036
600456
002022
000898
000807
002028
600019
002153
601088
601601
600271
000002
600761
600583
600309
600000
601318
600122
000002
601186
000709
600037
000800
600031
600016
000001
600030
600795
000159
002155
600236
600050
600026
600028
000912
600036
601398
000063
601666
600005
600000
600050
601318
600674
000612
600519
000655
601699
600585
000651
600117
000831
002024
000069
000635
600030
600050
000002
600000
600028
601318
601088
600196
000063
600795
600737
000680
600005
000422
000651
000869
000937
600664
600547
002009
000001
600050
600019
600036
600005
601919
600596
601186
600348
600029
600048
000002
601398
000983
600000
600309
000063
000792
000024
601808
600550
601318
600050
601601
600815
601628
600100
000063
000501
600000
000422
000825
600048
601186
600026
600362
000858
600019
000002
600598
601186
600019
601939
601088
600036
600005
601166
000001
000898
600585
601666
600583
601328
600029
600028
600600
600016
601398
000401
000063
601088
600005
601808
601939
601166
600748
000878
600415
000709
600026
000063
600489
600309
600019
600362
600858
000422
600048
600123
000983
600000
600036
600114
600123
000002
600058
600029
600089
600030
601628
600587
601111
600779
000983
601919
601666
600963
600239
000690
000001
600016
601919
600036
601318
601898
601186
000002
600019
601088
600196
600600
600309
000858
000839
600000
600798
600875
600009
000800
600004
601088
601398
600585
601628
600415
601006
000709
002024
600519
002152
000422
601166
000002
000612
600201
600005
601186
600000
600050
600123
600028
600100
601001
601088
600153
601628
601318
601169
600016
601857
600050
600316
600547
600048
600717
600383
601398
000983
000063
000792
600547
600489
600000
000792
600100
600036
600016
601628
600251
000422
600030
000002
600519
000612
601166
600216
000060
000698
600966
000565
000063
600150
600547
600050
600489
600997
000917
600725
600283
600674
000968
600270
000937
600141
000983
601699
600125
600026
600348
600635
600188
000933
600123
600900
601111
000612
601006
601666
600236
601898
600432
600005
000792
600026
600176
000651
601808
601088
600415
601939
000422
600694
600325
002024
600581
600050
600875
600000
600019
600202
000709
000001
601006
600361
601628
002110
600000
600269
600309
601088
601186
600511
000402
600900
600348
600713
601318
000069
600016
600102
600596
000001
600100
600236
600547
600036
600058
600383
600887
600585
000911
000063
600694
000024
600487
000898
600806
000402
600491
600583
600612
600019
600016
000001
600036
601088
000898
600690
600997
600616
000758
000568
600456
000895
600426
600268
000538
601398
601666
600808
000755
000001
000568
601088
000983
601006
000069
000063
600309
000898
600102
601186
000402
600000
600875
000422
600549
600361
600896
002202
000651
601919
600050
600739
000039
600690
600887
000562
600674
600030
600737
000623
600123
601006
601318
000651
600028
600550
600816
600875
600256
601318
601628
600585
601166
601186
600550
600028
000002
002211
600830
600122
000629
600737
000663
000401
600030
600535
601390
000911
600616
600585
000425
600016
601398
600036
600547
000002
000983
601088
000709
601318
600426
000999
000858
000758
600729
600028
000063
600030
600737
600019
601318
000792
000709
601088
600036
600005
600583
600000
600879
600348
600900
000002
600015
600596
000858
600031
000651
601006
600426
601398
000768
601088
600028
000860
600019
601898
600036
600820
600100
002187
600087
601111
000759
600316
601390
000800
000401
000729
000876
600426
600037
000930
002080
600016
600030
600000
000002
600005
600036
600737
000488
601166
600963
600428
000917
600028
600019
600062
600812
600320
601398
601006
000807
600030
000792
000623
000002
600005
600598
600019
601088
600739
601939
600050
000895
600519
600036
600251
601898
002069
600037
000729
600359
600739
000527
601088
600875
601919
000157
600583
600031
000024
601857
000629
601898
600030
601808
000002
000933
600005
601006
600426
601166
600000
600036
600016
601186
600997
600519
601666
600015
601398
600005
601088
600309
600202
000563
000831
000002
000983
601318
000800
600516
600036
600030
600050
601009
600028
000159
601186
000707
601898
000755
600196
600485
000609
600000
600426
600117
600408
601111
600201
000568
000983
600005
600016
601318
601328
600000
600036
601088
000024
600062
000895
600028
002073
600519
601808
000402
601628
600897
601006
600019
600036
600019
600015
601628
002024
601601
000651
000402
601088
000002
600069
600717
601390
600519
600649
600325
000157
600028
600361
601006
600019
000001
000878
601088
601186
000983
000792
600383
600036
000898
000002
601699
000932
600717
600015
600585
000401
600308
601318
600737
600005
600050
600000
601318
600036
000063
601666
600739
601088
600028
000709
600019
000402
000651
601006
600737
600015
000568
000488
000031
600739
601318
600036
000629
600019
000898
600519
000002
000792
600030
601088
601919
600031
600737
601166
000401
601398
000839
600015
000895
601318
600005
601006
000002
600028
600631
600009
000410
000538
600660
600019
600089
000612
002187
600600
600456
600030
600036
601186
600096
000983
600309
601088
600019
000878
000002
600362
000800
600005
000960
000402
000898
000024
601666
600037
600859
600795
000937
600432
000895
600016
600036
601088
600000
600019
601318
601398
601898
000002
601919
600005
601006
600600
600176
601666
000898
600309
600123
600686
000667
600202
601166
600005
601666
600028
000729
600050
000069
600351
600584
600308
600572
600016
600685
601898
600312
600795
600809
000972
601169
601006
000709
600383
600779
600585
601919
600686
600824
000983
600150
600048
600000
601166
000488
600519
600786
601088
600299
000878
000063
600028
600036
600000
600030
601857
600015
601318
000001
601666
000983
601006
600005
601088
000002
600001
601601
600887
601898
601398
601628
601166
600030
601939
600900
600000
601919
601318
600383
600036
601088
600028
000157
601628
000800
600026
000898
000983
000667
600016
601898
600005
000002
000898
600000
601088
600016
600019
601318
600596
600585
000983
600123
601898
000937
600997
000792
600686
600583
000402
601699
601088
601318
000858
600030
601398
000063
601186
600517
600005
600309
002122
600036
600028
600019
600801
600875
601939
600089
600859
600026
601318
600028
601601
600050
600036
000002
600030
000911
600015
601006
601628
000402
600019
600467
601390
000898
601088
000858
600037
000983
600309
600005
600036
601088
600050
002024
600005
000002
600000
601628
600030
600550
000001
000527
000898
600348
601006
600519
600266
600516
600518
601390
600674
600290
601919
600830
000932
600036
600100
600050
600469
000002
000599
600348
601318
600641
601001
600970
600900
600748
600030
600389
601628
600000
000002
000012
000568
600030
002024
601318
600016
600550
600309
000069
000825
600005
000538
600879
600048
000423
600036
000063
601398
600005
601919
600519
601088
601328
601898
600309
600737
601186
600879
601318
000698
600019
002024
000538
600325
600900
000727
600426
000001
601318
600519
600586
600000
600030
600036
600009
600050
000528
600900
601398
600258
600694
600583
000933
000612
600815
600331
600088
000858
600036
601166
600050
600500
000917
002024
601088
600031
600309
600320
601318
600428
600690
000839
601939
601006
000157
000002
000338
600019
600596
600348
601088
601601
601166
601006
600519
600585
000001
000898
000983
600000
002153
600005
000063
600143
600031
601666
600036
601088
000001
002122
000983
600309
601166
600050
600000
601186
600491
600511
600596
000825
600500
600896
000568
000402
000028
600519
600089
600000
600036
002001
600050
600216
601088
600019
600875
601318
600631
000983
600639
600737
600048
600267
600029
600028
000507
000680
600309
600519
600585
000651
600036
600428
600048
600150
601006
600031
600309
601328
002024
601088
600026
000898
601666
600005
600761
600583
601318
600019
600596
000761
000709
601898
000527
600786
000983
000002
000402
600383
601398
600686
000402
600000
600585
600028
601088
600058
000612
600887
601939
601006
600236
601857
600900
000651
600325
000002
600087
600202
600005
000001
000422
000581
600000
000983
000898
600029
600019
000677
000858
600100
000002
600655
000831
600409
601088
600997
600739
600547
600036
600830
000800
600824
600641
000159
000729
601186
600519
601169
000612
600426
000707
600489
600856
600383
000401
600600
600022
601318
000060
600798
600616
000528
000969
600521
000792
600525
002218
600895
600007
002211
601628
600102
600282
601006
601600
000960
600017
600423
000807
000402
600966
002018
600138
000428
600307
600219
000987
600867
601919
000932
600258
000822
002024
600589
600628
600397
600251
600896
000895
600674
600835
600962
600308
600028
600030
600325
600410
000680
600631
000527
600889
000926
002097
002074
600432
000063
600001
601939
600880
601857
600202
600806
600550
600078
600089
600267
002012
600963
600511
000911
000597
600279
000061
002080
000949
600026
600256
600527
600456
000825
600048
000661
600690
000878
600087
600312
600565
600795
002008
600375
601898
601318
600016
000792
601088
600519
600000
600596
000568
000061
000063
600348
600428
601186
000898
600582
600019
600001
601006
600686
600036
601939
600900
600050
000002
600309
600519
000792
601318
600596
600028
000568
601398
000061
000983
601666
000069
600583
600196
600048
601006
600028
601808
600019
601939
000002
000402
600325
601088
601398
600036
600016
600037
600005
600058
000635
000960
601857
002024
600078
000002
601898
601088
000338
601006
000402
601166
600036
600019
600307
600016
601186
601939
002024
601666
600048
600963
600141
601328
002202
000001
000002
000651
000488
600019
600036
601318
600428
002048
000709
002106
600519
600325
002029
600067
600202
000028
600518
000024
600309
601318
600000
600036
600016
000001
600050
000937
600019
000822
600005
600015
600325
601006
000528
600299
000002
000800
600048
601186
601898
601088
600036
002078
600030
601898
600050
601328
600547
600015
600795
601390
600118
000488
601628
600900
600009
600584
000063
000869
600748
600036
601088
000983
000898
600030
000002
600000
000422
000001
600019
600028
600282
600739
600005
000858
000677
600997
600409
000707
600100
000792
000800
601169
600685
000960
600048
600251
600029
600426
600616
600655
600307
600830
601939
000825
600050
600000
000002
600900
600030
601318
600674
600519
600036
601857
600028
600005
600761
002054
600309
600596
600009
000001
601919
000895
000402
600132
601006
000917
600009
601318
600019
601088
600415
601601
600050
600048
600686
600519
601628
600816
600028
600036
600123
002024
600677
600739
000002
000061
000792
600596
601898
000402
000061
000983
000898
000858
000528
600000
600486
002152
600754
600019
000822
000972
000001
600005
600895
600268
600717
600028
000002
600188
000878
000581
600219
600415
600005
600963
000898
600036
000690
600875
601318
601088
600238
600674
600798
000917
600000
600036
000002
000568
600030
600019
600028
000898
000063
600005
601088
601166
000822
600048
601318
600050
601857
601628
601898
000858
600000
600030
600739
000680
000718
000001
002024
600058
600550
600426
000581
000822
000002
600516
600585
601006
601898
000900
601919
601666
600019
601088
600050
600016
000528
601898
601601
000717
601390
600569
600028
600519
601001
000858
000729
000002
600428
600269
000001
600337
600117
000822
000063
601898
600066
600282
600036
000685
600812
600030
600432
000898
000709
000717
600535
000423
600029
000707
000090
600036
000002
600585
000792
600030
600000
601898
000933
600015
601186
600019
000937
600050
000895
000825
600547
601390
600519
601398
601628
000717
000898
601166
600028
000002
601628
601006
600267
600449
600030
600100
601939
600325
601111
600201
600557
600596
000878
600019
600036
600005
600737
601186
002024
000002
000157
601919
601699
000338
601088
600036
600005
601001
000527
600031
601166
601898
600348
600362
000069
000960
600048
601666
000839
601166
600037
000983
601318
600737
601699
000898
600096
600267
600518
600036
000972
600348
600962
002001
000597
000792
600196
600596
601166
600036
600016
601398
000983
601666
600048
600050
600005
000002
600030
600019
000937
601088
601318
600141
000869
600737
000565
000898
600600
600000
600031
600409
000635
000069
000597
600348
600251
000063
000651
600596
600312
000877
600102
601628
000707
002001
600028
600216
600036
002048
000002
601088
000488
600123
600521
600000
600100
002109
600030
601919
600016
601169
600808
600879
600196
601628
000983
600030
000792
000623
600598
601088
600019
600005
000002
601939
000895
600251
600050
600028
600739
002069
600519
000858
000729
601628
600150
000858
000069
601169
601318
000898
601088
601857
600036
600519
600739
600019
601333
600787
000655
000933
600396
600028
600550
600026
600649
600050
601318
600900
600519
601898
600028
601006
600009
600037
601939
601088
601328
000538
000667
601186
600325
601899
601958
000680
600456
600019
600030
000792
600519
601088
000527
000912
600005
000839
600009
600739
000568
600690
000401
601628
600900
600585
000002
000858
601001
000402
000528
600050
601898
600585
000069
601088
600887
600030
000933
600069
000807
000024
601601
000758
600971
000729
600383
601111
601808
600016
601006
601169
600238
600717
000568
600036
000002
600005
600087
002024
600030
600026
600015
000088
600694
000858
600519
600000
000001
600019
000002
600030
600016
600000
601398
600005
600036
600835
000937
601006
000063
600050
000983
601628
601857
600583
601088
601919
000792
000002
600030
600000
600036
600550
000858
601006
600887
000792
000562
000983
601318
000629
600596
000063
000969
600266
600812
000422
600816
600962
601919
000401
600737
600005
601088
600519
600009
601898
000983
601318
601398
601939
002024
600251
600188
600000
600439
000937
600737
600036
600309
000001
601918
601186
000568
601111
000063
000912
000002
600036
000839
601939
000527
000651
600019
601088
000402
600585
000157
600521
601919
601601
600196
600995
000061
600737
600030
000031
600000
000002
600036
601601
000623
601398
000402
600019
600486
600550
600050
600426
601628
000039
601186
600803
601006
600028
000002
000402
601808
600019
601939
601398
600005
600036
600016
600037
601088
002024
600058
000635
000539
000729
000960
600078
601398
600028
600000
600019
000402
601939
000002
600585
600036
600686
601166
600005
600519
601088
600900
601857
000024
000651
000612
601169
601006
600058
002024
000046
600717
600188
600089
601808
000729
601988
600087
000792
000717
000878
002078
600022
601009
600202
600970
600027
000039
000338
000932
601628
601088
600036
600030
600028
601169
600188
600000
000001
601601
000825
600019
600050
000063
000002
600005
601166
600001
000012
000963
600900
600348
600030
600426
601398
600660
601857
002008
600299
600000
000983
600009
600428
000837
601088
600973
601006
000157
600694
000858
000800
000527
600690
000402
600688
000629
600031
600686
000069
600837
000933
000002
600596
600036
600831
600660
600888
600276
600048
600835
600028
000528
000422
600000
600050
000933
601328
600383
600470
601939
600030
600325
000581
000858
600016
002202
000709
600036
000002
600585
600348
600685
600036
601898
000983
600299
000878
601006
600519
601318
600000
002024
600309
600312
600066
600150
000024
601628
000568
601398
600016
600036
601939
600030
601006
600835
600875
600031
600000
000002
600019
600202
000968
000527
601898
600169
600141
600028
601628
000858
000002
600019
600000
600036
000792
600737
600001
600028
601699
601939
600026
600096
601006
000983
000895
600997
601186
000655
601666
600050
600036
600153
000026
600674
600737
601318
600030
600005
000002
600748
600058
601898
600100
600830
601166
600019
601919
601169
000063
601390
601600
601628
000599
600122
601186
000709
000401
600383
000612
601001
600308
000667
600270
600316
600031
601939
600469
600019
601628
601601
600015
600036
600028
601088
600325
600816
000858
600582
600361
002024
000402
600806
000012
600161
600649
000538
601390
601919
600030
600019
600001
000623
000709
600050
600739
600005
601898
601186
601628
000063
000898
600022
000001
600037
000729
601666
000488
601398
600016
600000
600005
601898
000898
000069
600001
601318
000729
000960
601186
600031
600887
600795
600058
600117
600631
600585
601601
600036
600176
600016
600686
600000
600270
600019
600616
600009
601628
601898
600798
601006
000800
000759
600761
000708
600500
600320
000898
000002
601088
002024
601628
000069
600019
600383
600750
600017
600050
000046
600141
600048
601398
000568
000423
600547
601600
600231
000063
600005
000063
002024
600000
000568
000792
000651
601666
600028
600547
000983
600050
601186
000401
600596
000024
600026
601318
600415
600036
600383
600717
601328
600737
000623
600309
000612
601006
601166
600048
600519
600067
000581
600251
000001
000002
000709
600299
600036
601088
000937
002024
000002
000983
000024
601318
600518
000568
600031
601006
601166
600585
600325
000933
000528
600582
601939
600547
600015
601186
000002
000069
000338
600325
000001
601001
000667
600058
000157
000858
600251
000878
000758
600016
600188
600409
600295
600469
600036
600000
601318
600028
600005
601919
000983
601628
600030
600586
600830
601939
000423
600798
000063
600019
002073
601166
600315
000968
000858
600015
600019
600875
601318
601166
600000
000768
600383
601398
600036
600523
000983
000069
600030
600050
000061
601328
000002
601898
600019
600005
600036
601006
600900
600717
601398
600030
601166
000898
000709
000629
000089
600690
601328
000088
600585
600017
000528
600050
601390
000002
600029
600859
600005
600030
600000
000402
600348
600598
600196
000792
600050
600019
601166
600036
002029
601006
000568
600797
000001
600019
000983
600000
600050
600036
000063
601919
601088
600016
600096
002211
000069
002202
601186
601628
600037
600649
601318
600586
601166
000651
000002
600036
000858
600005
601088
600357
000792
600997
600325
600547
601666
601398
600737
000063
002251
000911
002022
000568
600036
600016
600550
600030
600019
600111
000937
000983
601398
601166
600835
600312
000422
601919
601939
600000
601088
600050
601857
002024
601318
600036
600019
601898
600000
000002
600005
600428
600030
600585
000983
600050
000063
600825
601006
000898
000001
601666
600547
600015
601088
600019
600030
601006
600050
600096
000898
601898
600028
000488
600005
600029
601628
600737
601390
600308
601111
600739
000983
000425
600005
600748
000063
000002
000568
600016
600000
000937
600737
000898
600376
600489
002024
000616
600048
600409
600036
600078
000825
002194
600036
000063
600005
600428
000002
600050
000800
600028
000933
601169
000401
601006
600875
000400
600585
600432
000792
000651
000709
600271
600583
600067
600547
601666
600815
000933
600348
000758
000069
600036
600000
600030
600309
600550
600138
600308
000001
000063
600362
600779
002083
000422
600489
600219
600519
000002
600036
600029
600859
000001
002216
601988
600019
601390
002024
000528
600000
601939
000402
600795
600323
600415
000024
601088
000042
600875
601088
601006
000878
000522
000758
600118
000680
600529
600004
000568
600005
002078
000825
600583
600299
600718
000755
600616
600426
600050
601390
600015
600739
000002
600598
601919
600019
601898
600585
600188
600000
600028
000012
600467
601958
600426
600096
600348
000839
000002
601166
601088
600000
601808
600141
601898
600048
600383
000933
601857
600036
600887
000157
600497
600585
000960
000024
000895
601919
600000
000002
000911
600036
600050
600048
000063
600030
601318
600028
601186
600737
600015
600887
601088
601898
002053
600600
000422
601939
600029
600176
601857
601919
600005
000602
601808
600325
600725
000792
000568
002038
600019
600547
600795
600011
601111
600664
002008
600585
600963
600028
600030
601318
600036
000667
000951
000898
000839
000069
600519
601398
000002
000912
600677
600835
600583
600016
000960
601628
600030
600028
600036
601318
000002
600000
601857
600096
600019
600050
600058
000933
000651
000792
000612
000568
600362
000917
600005
601600
600600
601398
600725
600519
601318
002024
600005
601166
601398
601006
601088
600641
601939
000707
600649
601919
600825
600028
600352
600677
600348
000792
600547
600000
000001
000898
600713
000069
601186
600231
601006
601808
600016
600015
600896
000568
600900
600880
000028
000983
600102
601939
600519
000422
000800
000001
600251
600050
601088
601628
000612
601318
600748
601186
600005
600019
000069
000002
000625
600675
601006
600383
601398
600036
002024
000651
000568
600000
600423
601088
000825
000002
600519
000157
600031
601318
000878
601166
000933
600019
000937
000983
000550
600585
600050
600887
601628
601857
601919
601318
000550
601166
601939
000528
600000
600216
601398
000001
000002
600067
600183
000825
000024
601318
600016
600585
600050
000002
600196
600000
000869
600015
000898
601328
000061
000983
600005
600309
601939
002024
000012
000501
600717
600019
600036
600030
000563
601939
600391
600271
600581
601318
601006
600315
600690
600176
600351
600859
000898
600693
600682
600828
600517
000002
601166
601919
600048
002024
000878
601898
600031
600123
600325
600362
600000
600019
000960
000046
600005
600456
000667
000157
000792
600050
600036
000063
000002
600000
000568
000800
600585
002024
000898
000709
000937
600048
600026
601808
601088
601318
600005
600717
000001
600309
601088
600019
000002
601939
600005
600596
000001
600026
601328
600050
601808
000898
600887
000933
601390
601398
600195
601006
601601
601857
600005
000488
600016
601628
601088
000063
600598
600019
601398
601006
000012
000428
601898
601318
600900
601390
600036
000876
600028
000898
600028
600585
000568
600660
000527
000858
000063
600320
000651
000878
601919
600309
000338
600686
601166
600456
600887
601328
000869
600036
600016
600050
000002
601318
000568
600019
600005
600596
600015
601898
600585
600143
600048
600031
600150
600519
601398
600660
601628
600016
600963
601006
600036
000002
000028
601088
600276
600880
600895
600660
000895
600535
601699
600195
600201
600428
600675
600026
600631
600016
600096
000898
000002
600019
600005
600028
600036
601318
601857
000402
600596
601088
000063
000800
600585
601166
000822
000568
600000
000001
600050
600036
600686
002038
600320
600030
600584
601857
601601
600028
600000
601006
000002
600031
600887
000807
600096
600005
000800
601919
600208
600033
600585
601166
000778
600521
000858
002106
601398
000898
600795
000927
002056
600009
600489
600383
600098
601318
000501
601328
600352
600019
600276
002024
600596
601169
600897
600048
600018
600361
600016
600350
600962
600360
600563
600519
601898
600028
600583
601628
601318
600694
601088
601328
601398
000898
000488
601006
601601
000983
601808
600000
600456
600332
000401
600028
600030
600036
000001
600325
000903
600997
000002
600015
600677
600019
600612
000999
600016
600569
601186
000069
600362
000858
600795
600030
600231
600028
600050
000001
600316
600428
600019
000629
601857
000617
000581
600686
600808
000878
600540
000912
000566
600037
002161
600900
601318
600166
600016
600188
600117
000825
600100
600100
000932
601318
600383
600030
600316
600512
600739
600570
601857
000858
601628
600547
601166
600050
600261
600016
000667
000002
600348
600519
600062
600596
600761
601666
601166
000568
000680
600202
000422
600000
600557
600036
601398
601628
000528
600674
002038
600963
000932
601088
601398
600686
000402
601006
600036
000338
000063
601328
600022
600141
600066
600406
601666
601939
600887
600078
000159
000972
600761
000623
601919
600739
600030
600001
000709
600050
601628
000488
600022
000898
601186
600019
601898
601939
000729
600037
000001
000755
601666
000568
600000
600026
000898
600005
000800
000933
600036
601088
000792
600596
000651
000822
600048
600111
600395
600583
000063
601166
601666
000858
600036
600005
600309
000002
000825
600050
600900
600000
601006
600978
601666
600089
600019
000024
600048
600031
600489
601390
600859
600015
000069
000903
000612
000423
000917
600761
000937
600238
601166
601088
600019
600028
000063
600050
000002
600000
600748
601939
000983
601166
000912
000858
600100
600739
600036
601666
600360
600048
600663
601939
000002
601628
600005
600030
601186
000568
601318
000012
600550
600048
600309
000423
600000
600635
000402
600153
600879
600009
600416
600050
600005
600036
601169
601919
600037
601006
601390
600016
000002
601666
000063
600111
600000
601088
000568
600123
601111
000937
600325
601398
000024
600028
000001
600005
601111
601318
601919
000024
600036
002078
601186
000933
000069
601088
600048
601006
000002
600050
600875
000932
000709
600036
000002
600030
000063
600005
000937
600050
000612
600835
601006
601390
600426
002024
601398
601186
601318
600423
600585
000651
000983
600000
000001
601186
000898
600713
000069
601808
600015
601006
600016
600096
600231
600102
600900
000707
000983
601939
600880
600896
600519
601390
000060
000612
600004
600550
600879
000402
600880
601006
600266
000933
000550
600887
600141
600694
601601
000839
000758
601088
002187
600028
601328
000024
600143
601398
000528
600030
000069
000568
600150
002024
600102
000002
600036
600519
000001
601988
601166
601628
600015
000612
600005
000002
600019
600875
000651
601808
600362
600176
601088
600030
600748
600009
600352
600000
600694
600415
000063
600036
000709
000002
600058
600000
600153
600123
000878
600028
600026
600470
000402
600887
600360
600497
600050
600808
600005
600089
600997
000159
600078
600005
000002
601398
600000
601939
600036
601857
600519
000792
000568
000001
600050
600016
000937
000024
600028
600585
600325
000858
000612
600000
000002
600036
002024
000680
601318
000937
601328
601919
000001
600016
600019
600026
601006
000581
000898
600966
000069
600585
601088
600036
601088
000983
600779
000898
600519
601699
000651
600028
601318
000709
600096
000402
600019
600309
601166
600423
600383
601808
000878
601919
002024
601628
000568
600036
600519
600019
600026
000651
600000
601318
600585
600030
600050
000002
601857
600048
601166
000612
000063
600690
601088
601318
601939
600030
601006
600315
600019
601328
000898
600028
600036
601628
600694
000423
600009
600100
600050
000069
000563
600028
601398
601088
600019
600036
000002
600900
600111
601006
600875
601166
000898
601808
000001
600009
600269
600718
002242
000800
601898
600036
000001
000917
600000
000858
600026
000012
002212
600674
600550
000002
601001
002154
600348
600005
002029
600748
600858
600030
000895
600030
601318
600550
600900
601186
600028
600050
601666
601111
600029
600839
601601
600036
000002
600001
000932
000839
600143
601628
000667
000960
600026
000839
000878
000822
600997
601666
601088
601186
601600
601699
600357
000858
002024
000969
600295
600978
600188
000063
600585
601088
600036
000937
000878
000069
601001
601898
601166
600585
600048
601318
002024
600859
600005
600031
600026
601919
600325
601666
600631
600031
002024
600036
601166
000063
000651
601939
600779
000002
600309
002032
600660
600122
600266
600600
000792
000024
000898
600519
600028
600153
600547
600050
000667
600150
601166
600030
000709
600489
600348
601318
000002
000778
600016
600655
000001
600256
600748
600674
600804
