8134
601166
600031
600030
000024
600631
600005
000488
600022
600582
000898
000983
600028
600761
600169
600383
600858
600685
600663
600000
600317
600036
002024
000898
000039
600809
000793
000822
600423
600123
600000
600895
601006
600900
000951
000625
000088
600195
000157
600016
600642
600036
600028
000778
600000
600519
600019
600037
601628
600529
600663
000839
600022
600685
600331
600631
000983
000402
600153
601166
600456
000568
601699
000917
000999
600048
000021
600087
600169
600176
600269
600005
002008
000930
600547
600285
000869
600100
000793
600100
600997
600030
000933
000910
002084
600549
600592
601111
000972
600486
600499
600729
600628
600000
600279
600832
002122
600015
000667
600096
000952
600141
600880
600028
600036
600009
600236
600570
600325
601628
000022
000400
600327
600240
600001
600631
600831
600201
600960
000652
002024
600261
000027
600011
000031
000046
000800
000061
600895
600380
002022
600686
000002
000012
000001
600030
600036
000002
601318
600019
600900
601166
600028
601628
600104
600016
600102
601006
600649
000568
600519
600029
601111
000983
600150
000878
600000
000039
000625
000539
000612
601666
600887
000031
000729
600786
600282
600320
600459
600309
600489
600096
000831
600481
600675
600736
000858
600050
600048
000410
600688
600432
000063
600875
000024
600005
600582
600795
600383
000709
000402
000401
601001
600169
600290
600631
600111
600268
600583
000061
000908
600596
000562
002045
600037
000807
600854
600900
601628
601398
600036
000898
601006
600519
000002
000009
000422
600497
000972
000001
600299
601318
000012
600596
600030
600320
600786
600352
600176
600639
000860
000562
600824
600016
000089
600636
600028
600779
000869
600528
000858
600202
600642
600694
000060
000623
600096
600169
600748
600100
600009
600177
000024
600325
000528
000717
600153
600879
000402
600820
600739
600010
000680
600050
600664
000999
600797
600895
600019
600519
600009
601398
601628
600143
002024
600030
600028
000869
600875
600585
600066
601318
600879
002028
600312
600000
601166
000039
002069
600000
600900
601398
600030
600019
600005
600036
000002
600016
000792
601166
600795
600886
600153
600325
000951
600535
000001
600596
600009
600808
600686
600183
600022
000402
601318
000651
600739
002024
600583
600675
600748
600102
601006
000422
600888
600479
000858
000539
600299
600028
000717
600482
001696
601111
600012
600037
600428
600309
601919
600993
600067
000729
600729
600887
000825
000898
600519
600089
601628
000338
600350
600525
600290
600096
600469
600307
600383
600150
600066
000046
000839
002068
600303
600123
600660
002122
000581
600529
601699
002078
002121
600236
600761
600026
600880
600835
002061
000028
000625
600062
000709
600582
000568
002003
600439
600895
002038
600104
601003
600438
600030
600016
000039
000002
600519
000063
600036
600019
000768
600660
600005
000651
000410
600858
000987
600859
601006
600011
600631
000898
600900
600875
000869
600583
000402
600000
600795
600761
600276
000538
600511
600332
000069
000562
000629
600685
000031
600628
601318
600887
000927
600690
000822
000002
600100
600900
600016
600675
000039
601318
600320
600519
000088
600050
002024
600978
000932
600015
600036
600030
600887
600660
000006
600240
600028
000983
002052
600031
000090
601398
600367
000541
600583
601166
000629
600085
600309
600210
000024
000581
600161
601006
601628
600143
600628
000022
000778
600601
600005
000825
600525
600098
600785
000608
000860
600736
000837
600074
600317
000069
600058
000930
600795
600270
000828
600673
000755
600886
601111
000612
002069
000027
600166
600019
000900
000568
600572
600582
000400
600189
600780
600547
600748
000848
000061
600409
600651
002010
600600
600829
600880
600694
000997
600037
000869
001696
002095
000001
600102
002025
000837
600230
600022
600533
002106
002010
600482
601006
600469
600584
600561
000046
600535
600000
600428
002001
600900
600423
600861
002046
600383
000972
600050
600330
600607
600183
600268
000973
600580
000963
600012
600713
000662
600665
000069
600030
600754
600161
600082
000488
600195
002128
600785
000960
600684
601398
000661
600432
600838
601628
600071
600106
002076
600520
600036
601628
600030
600019
000063
000410
000039
600583
000069
600717
600143
000402
000898
000792
600037
600859
600028
000157
600900
600005
600675
600511
600585
000858
600519
000001
000878
000623
601006
600348
600780
600067
600016
601001
000002
600183
600270
600000
000829
002025
600887
000821
000422
000983
601318
600004
600000
600900
600016
600030
000829
600019
600616
600694
600519
600596
002024
600308
600309
600236
600415
600348
000792
600895
000088
600436
600028
000402
002069
600161
600100
600859
600739
600971
600143
000898
600085
000612
600748
002092
600795
000608
600828
600270
600406
600887
000685
600472
600428
601318
000002
600269
601628
600531
000968
000960
601628
601398
601318
600100
000898
600019
600028
601988
600036
600519
600000
600050
600009
600016
600469
600030
000825
000839
600583
601919
600028
600900
000157
000024
600016
600697
000680
000002
000910
600320
000970
000623
000562
000629
600131
600005
600685
000751
000039
000612
600036
600030
601628
600739
600315
600000
600066
600028
600016
000581
600963
600655
000597
000623
601006
600675
000858
000157
000709
600518
600015
000024
000666
000001
600585
600663
600219
600104
601699
600875
600050
000063
600748
600118
600019
600396
600266
600054
601166
600754
600835
600269
600439
000612
000039
600361
600150
000002
600879
600900
600997
600309
000419
600183
600189
600886
000983
600138
600616
000800
000539
600009
000401
000839
600109
600662
000815
600491
000652
000667
601111
600438
600000
600036
000002
600028
000001
600030
601166
600048
601318
000709
600663
000825
600022
600900
600031
600685
600005
002024
600016
000623
000778
000651
600036
600030
601628
601006
000401
600016
600973
600586
600028
600517
600150
000709
000060
600050
000869
600649
000829
000024
600970
000858
600067
000062
000908
000762
600000
000039
000839
601398
600591
600096
000717
600325
600361
002007
000652
601001
000507
600585
600009
000069
600583
600887
600005
600019
600048
000831
600736
000792
000338
600258
000960
000063
600037
600029
000937
600015
600529
000823
000898
000531
600322
600808
000825
600104
600584
600261
002028
600423
000759
600795
600210
600978
600748
000550
600166
601166
000002
600195
601166
000623
600019
600036
600001
600028
600663
600320
000002
600808
000755
000425
600205
000839
000717
600005
000568
000651
600820
000858
600590
600409
600426
600036
600000
000002
000612
002120
600978
000401
600616
600348
601166
002116
000528
000039
600887
000402
600230
000878
600031
000792
000623
600104
600026
600122
600690
600331
000858
600361
000726
600009
600263
600309
000828
000006
601318
600825
600028
000501
600055
600383
000836
600590
000597
600638
000999
601006
000910
600011
000061
600635
600308
600343
000952
600210
000584
600240
600835
600266
000001
600555
600030
600280
000598
600583
000562
600085
000831
000900
600363
002073
600378
000609
600216
000568
600679
000755
601628
000422
600832
000822
600517
000823
000159
000651
600549
600206
600362
600016
600050
600300
000541
000839
600197
600627
000400
000625
600365
000418
600177
600798
600015
600600
600269
600535
000423
601699
600713
600511
600585
600037
600858
000063
000024
000522
000717
600823
600685
600066
600162
002007
600578
002082
600754
600519
600418
600785
600005
600720
600824
600584
600320
600900
000657
600036
600026
600050
601318
000063
600019
000878
601006
000983
000528
600795
600104
600010
600631
600820
600270
000897
601699
600997
600055
600348
600017
600001
000709
000932
000520
000550
600062
000698
600087
600717
000059
000401
000868
000959
000680
000800
000937
002106
600006
600710
600863
002078
600121
600500
600377
002031
600269
600835
600198
600350
600019
601628
600030
600005
600900
601398
601318
000717
000729
600000
601872
601003
000002
600519
600808
000768
002131
002128
600307
002133
601628
600030
600202
600383
601318
600000
000651
600456
001696
000917
000002
000858
600138
600195
000090
600879
000619
600320
000852
600628
601628
000910
600900
000983
002093
000525
600123
000952
600030
600997
600100
600111
600694
600976
000933
600588
600271
600309
000927
600795
601166
600499
002084
600030
600036
000625
000898
600104
600997
600686
600096
002063
600832
000800
600009
600100
600795
600486
600592
601318
000024
600519
002024
600549
600001
600694
600583
600015
600458
600570
600299
601628
600279
600327
000002
600089
600970
600261
600361
000933
600960
600900
000972
600258
600312
000792
000002
600016
600000
600086
600052
600030
600331
600036
600713
600252
600240
600325
600059
600005
600019
600600
600026
601166
001696
600058
000001
000024
600048
000960
601166
600383
000157
600019
000422
600660
600026
600786
601006
000039
600219
000088
600036
600428
000612
000651
000983
600282
600009
600036
600900
600050
600019
601628
600030
600009
601318
600028
600000
000063
600004
600001
000402
000002
000001
000898
000983
000878
601111
000858
600383
600048
000069
600887
000539
600717
601398
000869
600378
600361
600835
000759
601919
600282
600309
601006
000987
002008
000910
600481
600016
000933
600096
000917
600085
601001
000875
600007
600123
600268
601699
000022
000027
600859
600547
600019
600028
600016
600900
000898
600036
600005
601006
600009
000001
601318
601398
600875
600150
600717
000651
600583
600309
600001
000423
600031
000002
000709
600015
000717
600694
600050
600143
600584
000069
000063
600519
600859
600299
600383
600549
000858
600641
000088
000338
600102
601628
000792
600456
600675
600008
000572
000016
000402
600418
600315
600022
601166
000401
600761
600269
600423
600189
600026
600037
000568
600308
002122
600386
600887
000419
600590
600616
002022
600331
600125
600895
600673
600337
600795
600169
600361
000758
600686
600086
000410
601166
000410
600067
002097
600479
600675
000852
600588
601628
000402
600383
600019
000987
600299
600616
000718
600809
600036
600150
002028
600036
000878
000002
600030
600900
600104
600266
000063
600325
600000
601699
000001
600004
600569
000960
600150
600879
000858
600015
600600
601006
000069
600887
000401
600675
600997
600337
600016
600015
600717
600037
600036
601166
600887
000088
600690
000001
600583
600005
600675
601318
600009
600030
600584
000069
600266
600258
600360
000768
600588
600001
002078
000401
600086
600315
600859
000625
000061
601006
000718
600085
000623
600325
600694
000401
000761
000858
000024
600048
600886
600655
600037
600267
600036
601318
600322
002024
600011
000729
000581
600005
601111
600835
600887
000063
600183
600067
000777
600628
000507
600238
000062
600030
000002
600309
600320
600900
000858
000001
600005
000623
600739
600000
600549
000651
600016
600879
600036
600009
000825
600019
000751
600100
000898
600748
601628
600616
000157
600713
600059
600195
601166
600795
000039
000917
601666
600037
601318
000920
600518
600519
600628
600835
000666
600820
600585
600380
600323
600886
600058
000972
600266
600011
000031
600348
600718
000525
000652
600125
600383
600161
000978
000559
600183
000629
000568
600031
600694
000933
600415
000860
600299
000063
600642
000619
002037
600607
600316
000069
000790
000852
600022
600231
000060
600811
600750
000600
002007
600026
000888
000090
600327
000530
000039
600588
600009
600036
600019
600000
600050
600685
600016
600096
600423
600897
600585
600028
002022
600596
600271
600219
600900
000060
600962
600348
000983
600026
600693
000528
000937
600428
600280
600015
600236
000581
002129
600521
000888
601111
601628
002028
600019
600030
600005
600000
600795
600887
600900
600808
000951
600886
600036
601398
600236
600535
000088
000539
600583
600026
600596
600529
600900
600005
600000
600030
600019
600016
000002
601398
601318
600036
000001
600009
601919
000046
601006
600153
000402
600535
600886
000898
600325
600236
600428
000581
600266
600183
601333
601166
000623
600739
600808
600795
000422
600307
600005
600886
000539
601919
600096
600828
600019
600183
600048
000028
002081
601628
600823
600000
600331
600533
600428
600482
000024
000061
600028
600036
600900
000002
600030
000898
000568
600016
600519
600361
000012
000825
600000
000039
002024
600309
601006
601398
000024
600195
600693
600428
600022
600383
000793
600607
000792
600031
000581
000680
000419
601166
000157
000625
600019
600037
600631
000527
000910
600548
600831
601919
000522
000951
601111
600380
000402
600795
600649
600685
000022
000651
600066
600050
600322
600598
600005
601628
000759
000619
600033
600584
000937
600104
601699
000829
600806
600426
600761
000528
000848
600797
600026
600879
600824
000063
600665
601318
600963
600585
600823
600895
000657
000882
600161
600016
600030
600036
600739
600219
002024
600026
000157
000623
600129
000039
600000
000063
600639
600631
600825
600978
000858
000708
600675
600308
600886
002038
600075
000031
600201
600690
600616
600420
600123
000825
600195
000898
000042
600009
002028
600415
000002
601318
600879
600428
600104
600895
600015
600058
600801
600585
600019
000876
002001
601988
600673
600809
000987
002054
000983
600199
601628
000022
600263
000060
600881
600829
600117
000528
600011
600303
600348
600697
600586
600785
600022
600694
000910
600320
000709
600028
600900
600005
600125
600572
601398
002045
600990
600993
600004
000807
600085
000677
000572
000501
000878
601919
600582
000402
601111
000625
600467
000024
600196
601166
600230
000001
000061
000515
000069
600059
000758
002024
600325
600009
600642
601166
600030
000858
000800
600011
600062
601006
000063
000666
600396
600475
600000
600028
000069
600019
600036
000568
600997
600067
000709
000898
600655
600048
600100
600096
600299
600835
600312
002083
600675
600607
601001
000933
600489
600519
600036
002024
000063
000002
601398
600104
601166
600016
600019
600028
600900
000825
600383
600694
600000
600050
600015
600718
600895
000039
600469
000024
600036
600016
600348
600316
601699
600019
600900
600050
600694
600000
002061
600859
000002
600458
000751
600064
600591
000538
601166
002022
600415
000069
600096
601318
600795
600115
600432
601398
000063
600693
601628
600030
600456
600428
600240
600104
000400
000960
600036
600000
600299
000927
000758
600050
601006
000768
600269
600489
600995
600547
600016
000002
002078
000898
600026
600497
600195
600739
000069
600058
000900
600316
000623
000060
600067
600177
600331
601318
000024
000046
000858
000625
600383
600795
000562
600052
600832
600549
000616
000522
600677
600308
000027
600100
000807
600725
000655
600019
600162
000952
000786
000039
600971
000792
002047
600029
000089
601111
600352
600282
002073
000878
600673
600028
600087
600519
000028
600030
000002
600519
000039
600036
600900
600028
600031
600019
600009
601318
002024
600011
600835
000488
000063
600642
000024
601006
600312
600016
600717
600000
600030
600029
600048
000002
600036
000001
601318
601628
000960
600519
600309
000623
000024
600028
600005
601699
000069
600037
600266
600527
000651
600675
000819
000983
600016
600439
600739
600383
600859
600546
600019
600470
002024
600690
000785
000046
000616
600900
600067
600325
600655
600971
600352
000402
600390
600331
000401
600482
000560
600031
600030
600036
000002
601988
600028
600005
600050
000001
600016
000825
002024
600900
000402
600309
000562
600690
600000
000061
600739
600029
601006
000063
601318
600519
000951
600859
000960
000858
600019
600887
000039
000623
000088
601166
601111
601628
000401
600195
000024
000898
000792
600675
600616
000059
000933
600198
600470
600547
000878
000759
000069
600169
600809
000538
600161
600052
600825
600639
600787
000751
601001
600015
600325
000839
000661
000560
600383
600583
600031
000652
000565
600655
000568
600858
002007
600058
000410
600525
000022
000001
000625
601628
600016
000898
000063
600030
000825
000039
000858
600036
600005
600000
002024
600028
601318
600900
000002
000157
000661
600887
600048
000983
000402
600015
600519
600859
600138
600713
601166
000651
600835
600694
600309
600166
600192
000960
000401
600022
600019
600547
600489
600739
600787
000927
600195
601006
600036
600000
600030
600519
600005
601166
600547
600048
000402
600169
600383
000869
000651
600859
600037
000046
000983
600900
601318
600031
600000
000069
600009
600675
600900
600383
600030
000562
600005
000002
601628
000858
600016
600019
000039
601006
600004
600748
000839
600309
600037
000568
600143
600036
600030
601318
600000
600786
600050
600150
600583
000858
601988
600875
000002
000157
601398
600309
600761
600028
000002
600028
000792
600030
600583
600143
000039
000157
600019
000410
600000
000898
000825
600005
600320
600206
600299
600685
600383
600690
002037
600582
600009
600048
600585
600519
600675
002097
000063
000625
000651
000024
600428
000528
000983
600467
600456
000402
601111
000966
600123
002122
600036
600067
600150
000807
600660
000821
600037
601166
600331
600096
600717
600547
600489
600472
601001
600495
601666
600352
600104
601628
600750
600010
600022
000878
601318
000612
600761
000709
600997
600879
000060
600780
601006
000338
600529
000069
000419
000401
600309
000560
600015
600386
600509
600991
600030
600036
600195
600428
600000
600009
600900
601006
002024
600717
600859
600795
600016
601628
600269
600143
600897
600697
600350
000001
600004
600467
600371
600123
000488
600500
600519
000560
000069
000063
600035
600694
600086
600809
601318
600396
000039
600426
000410
600978
000848
600201
600219
600015
000623
600376
002097
601988
600029
000900
002025
601398
601001
600005
600236
000792
000860
600583
600361
601111
600750
601166
600337
000031
600785
600887
600790
600030
600000
002024
601628
600036
601001
000755
000001
600685
600886
600348
600547
600176
600675
600528
600019
600005
600050
600150
600177
600325
600048
000338
601318
600970
000898
600104
000800
000024
600739
600879
600875
601919
600089
000652
600641
000410
000401
600016
000927
000157
000402
000858
600309
600361
600075
000829
000651
600028
600823
600219
600548
000002
600519
002038
600550
000400
002028
000729
000878
000090
000520
600717
600438
600007
600997
600087
600673
600036
600016
600000
600015
601318
600019
000039
000001
600997
601166
000898
600195
000937
600383
600166
600785
600360
000792
000063
002024
000002
600030
600005
000422
600900
600050
600236
600269
000623
600028
600177
000933
002038
600075
600780
000060
600519
000858
600739
600717
000807
000088
000951
600583
002010
600456
600123
600331
000651
600348
000878
000612
000616
600663
600022
000402
000952
000400
600309
000157
000927
600299
600887
000006
600675
000825
600415
600282
000709
600037
600639
600012
600467
600963
600150
600054
601666
600201
600971
600096
600685
600970
600469
000815
600642
000869
000089
000903
600129
600307
000528
600143
600459
600007
600590
000619
600017
002021
600834
600595
000932
000707
601001
600351
600206
600118
002106
600262
600325
000761
600266
600067
000755
000850
000401
000042
600161
000024
000900
000708
600810
000983
601699
002068
600033
600748
600831
000717
000919
002022
000939
000963
000630
600697
002080
600098
600438
601006
000562
601872
600122
600026
600418
600828
000960
000062
600160
600725
002045
000625
600867
600481
600786
600489
600741
000636
600019
600000
600030
600900
600016
000858
600050
600036
600005
000652
600028
000002
600739
000898
600015
600320
600717
000001
601006
000060
601166
000897
000623
600058
000039
600150
002069
000878
000027
600331
600837
000751
000629
000839
600887
002128
000562
000999
000088
600085
600519
000063
601001
601628
000960
000983
000807
601111
000630
600631
600547
601318
000612
600808
600879
000581
600064
600685
000501
600009
600036
600000
000002
600030
600309
000858
600005
600016
600583
600028
000039
600019
600739
000027
601318
000568
000878
600900
000825
601919
601628
600036
600050
000069
000012
000869
600900
600887
600030
000088
600690
600236
000001
600569
000709
000761
601318
600189
000793
000402
600880
600087
000063
002078
601006
000819
600519
600628
600535
000822
000997
600028
000002
002111
600978
600785
600268
600962
000031
600161
000090
600971
600005
600406
600004
600015
600309
002021
601111
600888
600764
600303
000998
600016
600900
600102
000839
600050
600028
600036
000402
000983
600009
000729
600096
601666
000539
601006
600887
600005
600832
600030
600438
000060
601318
600428
002025
600713
601333
601398
600362
000001
600662
600467
601628
000069
000616
000401
000066
002095
600675
600895
002001
600820
600628
002106
000709
600266
600598
000858
600884
002022
600188
600640
000581
600048
600649
000937
601005
600000
000559
000002
600219
600748
000089
600075
600563
000837
600971
000039
600725
600665
600482
600071
600426
600316
600006
600597
600561
600886
000831
600838
600322
600835
600098
000960
600169
000800
600022
600001
000973
600470
000912
600012
000488
600795
000807
601111
600584
000878
601002
600072
600469
600183
601998
600257
600238
600028
600383
000069
600030
601006
000024
600616
600005
600075
600036
000568
000002
600900
000917
000858
600879
600111
600597
000401
600649
600088
600482
002102
000951
600308
601398
600795
600016
000157
600740
002082
601318
600037
600087
002056
600737
000515
600675
600320
000022
600050
000031
600717
600501
601628
002043
002106
600007
600019
600230
600449
002018
000617
600357
000792
000717
000021
600997
600058
000825
600253
000538
000012
000690
600677
600470
600085
600367
000063
600317
600350
000550
600527
600859
000060
600183
600027
600886
600831
000539
600548
600132
600583
600547
600966
000762
002073
600519
000528
600584
000039
600410
000400
600005
600432
600000
600028
600616
600016
000898
600270
601166
000031
600426
600019
600236
601919
600690
000402
600317
600100
600717
600684
000815
600697
002052
000685
000538
000089
600169
000541
000001
600795
600005
600432
600000
600028
600616
600016
000898
600270
601166
000031
600426
600019
600236
601919
600690
000402
600317
600100
600717
600684
000815
600697
002052
000685
000538
000089
600169
000541
000001
600795
600900
600026
600030
600028
600087
600675
600016
600325
600000
000507
000623
000973
600993
600500
600323
600795
600428
600008
600396
600236
600990
600748
601628
600688
600570
600125
000088
600004
000510
600290
000968
000858
000785
000520
601006
000002
600131
600896
000667
000929
600029
600879
600219
000006
600230
600872
600301
600393
600810
000027
000960
600011
600036
601628
600000
600831
000898
600030
600016
002106
000825
000027
600348
000792
000159
600409
600970
601919
600050
600153
000063
600009
600036
600000
601628
601318
600028
600900
600016
601398
600030
600005
000898
600519
000825
000002
600009
600050
600019
600100
600308
000157
601166
000800
600456
002024
000839
000933
000063
000778
601006
600832
000822
000401
600325
000927
000027
000039
000612
600887
000759
600266
600015
601666
600690
600583
000541
600037
600718
000338
600511
600396
000768
600022
600331
600694
000963
601628
601166
600456
600030
601318
000951
000829
000987
600016
601006
600005
600308
600583
000933
000825
600718
600009
000006
000063
600022
600320
600028
000858
600036
600085
600019
601318
600685
600887
000568
600026
600050
000061
000069
600005
600016
000528
600000
600521
000401
002129
000002
600717
000729
000898
600686
600309
600030
600675
600150
000402
000793
600000
600309
000825
601628
601318
600036
000338
600415
600009
600037
601398
600019
600963
600015
600176
600628
000572
600016
600495
600376
600030
600085
000527
600036
600030
600309
601166
600009
000069
000002
002024
600100
601318
600519
600219
600015
600320
601006
600123
000709
000063
000858
601628
600036
600000
600005
000898
600028
000858
600019
600026
002024
601318
000063
000568
000002
600675
000768
600177
600316
000623
600739
000001
600016
600320
600050
000039
600458
600309
601006
600528
000612
600331
600888
600895
600383
600048
000503
600067
002008
600416
600251
600201
600900
600052
000751
000917
600519
600100
002122
601398
000800
600677
600166
600628
600372
000157
600795
601699
600489
600835
000718
000680
000690
600595
000629
000755
000709
000920
600010
600115
000778
600606
600104
600009
600508
000910
002022
600875
601002
600219
600863
600685
600298
600396
000927
600122
600282
000538
600125
600375
600348
000661
600591
000790
601628
600663
600161
600027
600008
600509
000983
601166
000507
600350
600096
000060
600015
000069
000859
600029
600820
600978
600583
600176
600192
000425
000963
000960
600517
600548
600960
600071
000562
600036
002024
000063
600596
601318
600030
600519
600028
600000
000024
600900
000338
600009
000002
600050
600219
600019
600585
600309
601628
600100
600036
601628
000069
600016
600736
601318
600050
600823
000423
600015
600320
600519
000063
002132
002023
600331
600765
000888
002036
601318
600900
601628
600019
600036
600016
600050
600009
000002
600000
600887
600028
600030
600383
600588
000729
000858
600004
600415
600271
600036
600030
600019
601318
000002
601398
601988
600000
002024
600383
600009
600050
600832
600895
600028
000039
000157
600309
000858
600320
000402
000031
000089
000625
000063
600519
600000
600104
600028
600036
600050
600019
601318
600001
000800
000002
002024
000983
600015
600005
600675
600037
000063
600616
000759
000898
600641
600029
601166
000709
601699
601628
000039
000006
000751
600096
600591
600736
600348
600663
600383
000917
600058
600639
600010
601111
600022
600855
600697
000878
600895
600360
000858
600316
600048
600123
000419
600016
000024
600694
000002
600016
600000
600309
600005
600519
600271
600320
600737
600331
000825
600325
601398
000039
600879
600973
601166
600150
600036
000402
600900
601628
600026
600011
600236
600015
000063
600050
600028
600269
600428
600717
000022
600020
601398
000429
600012
600035
600121
600037
600323
600896
000027
000548
600886
000900
600008
601006
600004
600795
000828
600033
600021
000917
000930
000858
600879
600377
000531
600995
600350
000088
600141
600219
600036
600900
600028
600030
600787
601006
600896
600016
000709
000960
600009
600884
000755
601318
000655
600026
601628
000623
000858
600019
002010
600428
000968
600684
600755
000933
600675
600000
002128
600416
600887
000825
600895
600748
600795
000848
000759
600655
600872
600527
000598
600570
600489
600125
000690
600828
600879
000619
600087
600810
000999
000973
601333
600436
002111
000822
000837
600415
000926
000061
002069
600535
000793
000024
000919
000522
600122
600589
600005
600258
600607
600519
600307
600066
000531
600177
600963
000768
600029
600325
000559
600993
600393
000088
600426
600446
000513
600054
000961
601166
601919
600005
600019
600028
600016
600036
601001
000568
600456
600825
600320
000002
000425
600694
000839
600547
600208
600383
002024
600030
600036
601318
601006
600978
000828
000006
600426
600000
000157
600009
000039
000651
000792
000002
600019
000709
000858
601166
002120
600028
600406
000069
000831
002116
600320
600031
601628
600900
600230
000024
601001
600858
000623
000027
600050
600309
000031
600011
600016
000401
000999
600104
002073
600280
000423
000726
600037
600547
600337
600276
600717
600489
600269
600638
600887
600761
600439
601600
600785
600616
000609
600361
600529
600875
000690
000063
600628
000876
601333
000528
600240
000910
000400
000488
000417
600886
000584
600206
000963
600739
600005
600383
600268
600596
600085
000402
600009
600048
600143
601699
600005
600246
000829
600000
600036
600100
600305
000878
600161
600525
000418
600886
000568
002028
600718
002097
002024
600236
002111
600900
600096
000837
600269
600500
600748
600555
000559
000960
600835
000069
600690
000936
600028
601166
600717
601628
601318
000581
600361
000063
600717
600036
601006
000069
600406
600824
600348
600583
600183
600309
000970
600997
600694
600588
002135
600036
600519
601318
600016
000002
600030
600000
000069
002024
601166
600309
600383
601919
000792
600583
600585
600005
000039
601001
600276
000024
600037
600596
600048
000538
000063
600809
600694
600859
601699
600761
601006
600970
600361
600007
600019
601628
000402
600675
600887
000006
601111
600085
600269
600150
600123
600028
600600
000933
000829
600729
002008
600685
600900
600258
000090
600582
002022
600315
000157
000625
000400
600206
600348
600312
002007
000401
600748
000839
000987
600161
600143
000825
000623
000410
600895
000562
002061
600050
000917
000869
600489
000528
600584
600739
600299
600616
600831
000858
000999
600547
600458
600867
002032
600029
000888
002037
000568
600829
600428
000927
600298
600195
600456
600028
600016
600036
601006
600786
000793
601318
600030
000002
600900
601398
600019
600963
000625
600383
600050
600037
000402
000157
000800
600415
000527
600641
600309
600176
000338
600331
600519
000060
000858
000878
002024
600000
601628
601318
600675
600016
600415
000983
600406
000612
000755
600489
600009
600508
600066
000002
600016
600036
600519
600030
600000
002024
600015
600585
600031
600808
600739
600143
000858
601628
600005
600383
601318
000629
600009
600649
600309
600008
600177
600660
600196
000792
000069
000623
600269
600331
600415
600895
000537
600408
600740
600887
600685
000063
600072
600050
600694
600809
000839
600675
600531
600704
002069
600123
600717
000060
000919
600028
600428
600863
600529
600884
000001
600963
000898
600096
000876
600642
000878
000698
600312
000401
002041
000927
600518
600067
600352
600688
600761
600362
600271
600001
600107
600219
600348
000731
600900
000869
002028
000562
601166
600795
000568
000758
000829
600019
000510
000031
000748
600755
000522
000598
600598
600236
600104
000960
600004
600488
600832
600677
000009
600960
600978
000428
600390
600166
000983
000006
000024
600087
000951
000680
600161
600176
000625
600357
600583
600109
601398
000539
600663
600621
000900
600859
600195
600115
600210
000157
600563
000612
600066
600867
600497
000976
600037
600439
600500
600874
000959
000933
600217
000755
600432
600470
601111
600064
600100
600594
600230
600600
002071
600547
600299
600549
002003
600360
002076
002098
600486
600276
002084
002078
600416
600546
600584
002007
600085
600438
600183
002045
600033
600036
600016
600000
600050
600900
600694
600030
000002
600028
600019
601006
600005
601318
600887
600309
600009
000858
600583
600519
600549
601988
000792
000898
000157
600037
601919
600104
600348
600795
600631
000024
000983
000061
600600
600880
000528
000402
600001
600997
600718
600660
600004
600970
600085
600098
600059
000581
000568
600361
600058
000619
600383
000937
600686
600325
000027
000755
600861
600396
600011
600320
600588
000917
000807
002024
600208
600266
601001
000960
000063
600125
600596
600801
000759
000825
600030
601166
600066
600325
600036
601006
600690
600219
600309
000063
600583
600685
600415
600616
600361
600718
600585
000031
000002
000800
000616
000858
600488
000707
000778
600665
000559
600104
600694
601318
600022
600432
000090
600031
000983
000550
600118
600900
000410
600785
000839
600872
000625
600350
600859
600479
000402
000528
600016
000069
600887
600067
600962
600423
000978
600416
000698
002010
600459
600810
600007
000709
000972
002084
600726
000751
600570
000562
000755
600000
000501
600316
000515
600257
002007
601628
600036
600030
600016
000002
600000
601006
000069
600028
600832
000898
600276
000562
600019
601318
600050
600900
000858
600718
600859
600036
600019
600050
600096
600900
600348
000933
600588
600809
002022
600309
600591
600009
600549
600686
000039
002029
600028
000839
600360
000878
600423
000888
600596
002045
600867
600270
600271
000089
600085
600563
601628
000898
600315
600036
600028
000001
600050
601166
601919
601628
600104
600048
600019
600900
600000
601398
600350
000027
000402
000063
000002
600688
000708
600036
600009
600030
600028
000825
601628
000001
601318
000858
600037
000002
601398
600050
000898
000063
601006
600269
000839
600019
600005
600748
600308
000039
000970
000402
000951
600675
600011
601919
600900
600000
600631
600004
000778
600150
000060
000822
600519
600583
600795
002024
600100
000768
000800
000963
600456
000990
600331
600718
000024
000987
600832
600688
601166
600016
600066
000933
000541
600509
000612
600016
000001
600087
601318
000960
000778
601006
600823
600022
600685
000024
600230
600456
600529
600779
000698
000022
000937
000528
601699
002128
600809
000912
600858
000829
601628
600376
600072
600375
600476
000759
600391
000761
000625
600535
000402
600997
600423
002068
002084
000876
000917
600897
600365
600320
600016
600900
600036
600030
600009
600028
601318
000793
601166
000898
000157
000858
600138
600202
600299
600125
600011
600829
000528
600690
000963
000983
600350
600675
600628
600519
000501
000651
600886
600325
000792
000661
600026
000401
600616
600104
600740
600085
600900
000858
601318
600088
600005
600325
002007
000088
600519
000063
002106
600028
600888
601006
000951
002102
601628
600271
600111
600019
600238
600616
000002
000933
600348
600261
000539
600449
600748
600631
600230
600253
601001
600050
600482
600880
000937
600584
600467
601991
000717
002043
000792
000869
600786
000983
600287
600036
600265
000528
002070
600317
600132
600803
002082
600104
000027
002093
600086
600030
600739
600019
000562
600036
600900
600835
000825
601006
000709
600177
600005
000400
600008
600649
600104
600183
600009
600867
000858
600607
600307
000623
600100
600000
600895
600166
600627
600616
000039
000002
000969
600639
601628
000680
600675
000031
600631
600236
000089
000612
600015
600331
000060
000069
002080
600308
600416
600820
000983
600169
600206
600118
000402
601333
600050
000063
000839
000651
600312
000860
600299
600887
000837
600585
000528
000793
601991
600348
600022
600048
600010
000800
600001
000920
000652
600231
600406
600438
600276
600685
600067
600138
600528
600439
600268
600824
600085
600415
600557
600660
600495
000021
000831
600834
600028
000929
000963
000059
600151
600491
000401
600257
600054
600192
600655
600303
000066
600500
600325
600829
600690
000933
002041
600535
600461
600519
600642
600832
000930
600188
600323
600352
600176
000629
600162
600030
600837
000562
601006
600019
600361
600469
600016
000666
600616
000858
600655
600835
601166
000651
000898
600000
600036
000063
600100
600258
000886
000625
600110
000002
600386
000680
600790
600028
600584
600138
600895
600104
600436
000900
600005
600877
002045
000709
600269
601111
000729
000825
600010
600963
600410
600607
600123
000661
600122
000039
600350
600007
000758
600628
000759
000748
600151
002124
600332
600266
600210
000807
600748
600261
000401
000402
600528
600195
600161
600066
000768
600754
600511
600426
600688
600221
600500
600415
000983
600582
002022
600642
000933
600166
600405
600238
600360
600348
000488
000157
600809
600694
002008
600383
600460
600598
600535
002024
000652
600861
600280
600650
000550
600611
600662
000751
000024
000690
600030
600036
000039
600416
000002
600895
600519
600675
600028
000758
600309
000917
601318
600104
600748
000748
600019
000568
600219
000522
000042
000338
600428
600052
600823
600016
601006
600236
600489
600383
601588
600166
601628
600406
600585
600649
000510
000429
600572
600009
600143
000935
000069
600521
000623
000629
000001
600048
000839
000718
000869
600029
600547
600378
600000
000908
000617
600879
600004
600663
000539
000657
600282
600331
600472
601002
000860
600601
600809
600026
002009
600607
002074
002022
600855
600655
000852
000636
600050
600797
000858
600008
002123
600522
000014
600161
002038
000401
600162
002069
000063
600299
600066
600458
600316
600528
600005
600694
600887
600059
600597
000920
002007
600858
600072
600408
600582
600900
000157
601328
002037
600169
600423
000755
600456
601111
600563
600801
000410
600426
600315
600118
000651
600694
600331
600028
600739
600585
000063
601318
600717
600266
000751
000829
600019
000718
601919
000623
000069
600823
600085
600489
600036
600030
000002
000063
600000
600019
601006
000800
600096
000858
601628
600028
600005
600009
600219
600519
600299
600309
600111
600104
000933
600100
600016
000625
600325
600900
002024
600717
600276
600428
600583
600887
600320
000528
600037
600628
600031
600050
600271
600832
000825
600489
600361
600570
002008
000538
600177
000758
600312
000869
601318
600303
601398
000839
000039
600396
601001
000402
000157
600219
600028
600309
600900
601628
000060
601318
600019
600009
000039
000088
600325
600026
000538
601398
600535
000983
600456
600050
600269
600048
000651
000829
600786
600428
600529
601166
601699
000090
600475
000619
600271
600662
000963
000548
600132
600426
600588
600875
000922
600000
002008
600125
600100
600787
000157
600327
600131
600525
000807
002106
002022
600725
002050
000422
600497
000933
600280
601318
600030
600036
600009
601628
600383
600028
600048
000002
600519
600900
600004
600104
601111
600685
000402
000625
600000
000001
600361
600690
002024
600019
601006
600827
600655
000869
601699
600016
600096
601919
000951
600600
600001
000338
600631
600118
000024
000069
600036
600030
000625
600900
601398
600009
600019
600016
000002
600048
601318
600519
000898
600050
600028
601628
600104
601006
600887
600000
601111
601988
600005
000039
600383
600649
002024
000100
600528
600827
600690
000410
600320
000402
000528
600125
600001
000024
000069
600685
600031
000157
000951
600361
000651
601919
600007
600309
000869
000063
600548
000858
600089
600100
600717
000001
600761
600029
600058
600026
600835
600770
600535
601699
000400
600660
600879
600183
600583
600694
600096
600886
600085
600009
600569
600900
000069
600717
601111
600690
000402
000709
600016
000927
002078
600320
600001
601628
000898
000401
600177
600030
000538
000002
600036
600019
600030
601398
600005
600009
601318
600029
000898
601628
600026
600832
600011
600016
000625
601006
000858
600050
600886
000027
600717
600519
000089
000001
000927
600900
600000
600320
600795
600000
600030
600036
600019
600900
000858
000001
600009
600050
600005
000800
600694
000046
601318
601628
000898
600320
601006
600016
600309
600030
600000
600016
600005
000002
600019
601628
000581
600028
601318
600009
601919
000046
601166
000069
600739
000001
600036
600325
600022
601628
600426
600352
601006
002025
000898
600585
600005
600150
600717
000983
000829
600859
600456
000792
600675
600309
000338
600037
002024
600028
600202
600740
600416
600268
600192
600589
600177
600169
600690
000501
000858
000792
600016
600036
600997
000908
600087
600303
000963
600016
601318
600030
600036
600000
601628
000400
000157
601166
000825
000562
601919
000024
600037
000069
000792
601006
000063
000039
600585
600887
000898
600019
000401
600005
600050
600309
600015
600017
601318
600143
600195
600037
600236
600816
000709
000410
600583
600016
002076
600036
600016
600000
600019
600005
000858
000002
600030
000652
600015
000063
600739
000039
000060
000751
600900
601166
000046
000623
600717
600050
600331
601111
600320
000027
000898
000878
000983
000917
000778
601628
000157
600308
600718
002024
601318
000822
600861
000829
600509
000963
600266
600396
600100
600675
000522
600016
000060
600028
601006
601628
601318
600028
600100
601398
600519
601988
600009
600030
600456
600016
000402
600036
600469
000768
600795
002024
601919
000538
600583
600900
000898
000983
600663
000917
601628
000568
600008
000698
601919
600858
000878
600000
600823
600331
000778
601166
000425
000839
600290
600900
600036
601318
600050
000338
600519
000822
600019
600325
600176
000063
600096
600309
000959
000061
600748
002080
600675
600125
600219
600030
600000
002010
000823
600016
600261
600028
000898
000157
000822
000060
000960
600529
000717
000952
601001
600418
600019
600533
600785
600058
000063
600036
600320
601166
601006
600428
600030
000726
600028
000001
000568
000612
600016
600050
600973
600343
600230
600015
000999
600066
000755
600019
600028
600036
600900
000898
600030
000002
600660
000983
600348
000069
600005
000792
600795
600350
600694
600016
600011
000063
600098
600009
600000
000619
600596
600361
600012
000401
600675
000825
600269
600649
002048
600352
000709
601006
600036
601166
600500
600030
600519
000800
601318
600026
600997
600348
600900
600053
002135
600408
600019
600761
002004
600824
601006
000858
600030
000793
600000
600019
600037
000002
601398
000983
600016
000625
600036
600786
601318
600717
600123
600963
000825
600270
000651
600797
600005
600028
000652
600415
600628
600195
600886
600900
600718
600641
000402
600176
600795
600383
600501
601166
000527
601699
600309
000501
000759
002028
600528
000768
000777
000157
600348
000528
002007
600509
000012
600312
000927
600215
600125
000538
600835
600690
600495
600240
600208
600875
600895
600616
600236
600428
600511
600693
601628
600030
601318
600000
000755
600048
600879
000983
600066
600508
600331
000869
000829
600271
000429
000878
600406
000568
600009
600675
600000
600028
600030
600019
600549
600016
600011
000937
600879
000825
000069
600533
601919
600820
600361
600150
600900
600325
000061
600001
600000
600030
600019
600900
000568
000898
000063
600016
600028
600001
601628
600428
601318
600547
601001
000024
600361
600997
000069
600308
600028
600005
600036
000858
600015
600000
600016
600019
600820
601628
000778
000039
000709
000002
601318
600639
600900
000157
000024
000090
600309
600519
600383
600694
600583
600016
601318
600000
002023
002122
600030
600019
000848
600886
600309
600829
000963
600639
600628
601166
601006
600036
601111
600880
600352
600694
600887
600125
600795
600019
000709
600320
600585
601628
600739
600887
601318
000559
600022
600655
600085
600036
600835
000002
601166
600016
600028
600062
600030
600048
600282
000623
600741
002083
600015
000538
000792
600639
600096
000878
600519
600201
000423
600529
600475
600690
600557
000046
600640
600662
600467
000629
000060
600859
000729
000063
000616
000898
600246
000651
000830
600299
000100
000687
000778
600456
601111
600649
601002
600528
600587
600071
601398
600050
600160
600808
000338
600177
000717
600100
600600
600138
600257
600481
600183
600000
000850
000069
600432
600717
600675
000501
600036
600030
600000
600900
601006
000002
600028
601318
601166
600690
002024
600019
600309
600009
600895
000157
000022
000338
000063
000024
600104
600628
600631
600675
600005
000933
000937
600717
000759
000625
600600
600269
000898
600308
600835
000069
600585
000651
000825
600596
600016
600879
601600
600823
601628
600007
600183
000581
600050
000088
600660
600011
600266
600143
600325
000709
600085
600096
000027
000792
601001
600348
600859
000837
000860
600997
600037
600161
000987
600383
600123
000031
600267
600067
600489
000568
600423
000822
600299
600519
002024
601628
600030
600036
600009
000002
000063
600585
600309
600383
000039
000012
600660
600694
600143
002028
000869
600315
600000
600271
000538
601166
600028
600596
600312
601318
000400
002069
600161
000402
600415
600887
002076
002094
000338
000978
600166
600880
002007
600631
600423
002129
600588
600298
600962
600426
000651
000792
600600
601919
000024
600361
600000
600016
600900
601919
000829
600019
600519
601318
000792
600596
600028
600694
600308
000898
600616
000402
600971
600348
000002
000608
600143
600887
600748
600583
600001
000046
600236
000683
002092
600631
600739
002024
000088
000968
600406
600161
600797
600828
600859
600415
000063
600100
600005
600675
600309
601001
600269
000932
000027
600331
600436
002069
000858
000983
600270
600795
600895
000831
000568
000987
600266
600511
600858
000612
600308
600740
601318
000662
601166
601628
600748
600616
000933
000157
600005
600022
600009
000822
600900
600832
000990
600718
000917
600036
600019
600000
601318
600050
600900
000063
600104
600005
601398
600519
000625
600066
600549
601006
600320
600887
600016
600030
600309
000402
600831
000338
600176
600600
600675
600123
600786
600521
000061
600875
600616
600268
600688
600048
600426
000612
000031
600230
600380
600125
600835
600280
002080
000022
002033
600578
600085
600269
600563
600262
601398
600005
600030
600320
600307
600739
600019
600036
600649
000858
600008
000800
600835
601006
600169
000839
600166
600616
000623
600895
601988
000562
000402
000060
600867
000969
000837
000002
600308
000825
000039
000680
600824
600829
000006
600675
600628
000651
600631
600331
600016
600022
601628
000807
600607
000963
600010
600887
000629
600491
600423
600303
600348
600117
000059
000983
600528
600208
600383
600508
600685
600067
600177
600015
000709
600104
600231
000831
000528
601001
000632
600028
600257
600963
600438
000929
000400
600820
600500
600634
600262
002041
000612
600096
600627
600048
000860
600247
000920
000625
601111
600183
600302
000559
600415
600236
600837
600269
000997
000066
600009
000798
000937
600100
600416
600888
600831
600151
000069
000028
600111
600655
600170
600162
600268
000157
600808
000876
600312
600195
000063
600410
600456
600001
600138
600517
000031
600290
000978
600150
600000
000930
600570
600282
600470
600805
600566
600071
000401
600487
002078
600391
600426
600215
600855
600967
600584
000616
000608
002005
600104
600100
600019
600337
600299
600305
000983
000651
600150
000917
600325
601001
000970
600820
600581
600177
000823
000031
600087
600202
600016
000002
600019
600000
600015
600036
600005
600383
600030
600519
601166
000528
600150
600694
600028
000898
000402
000858
000623
002024
000157
600309
600780
000024
000069
000792
600307
600026
601398
600809
600761
600312
600739
600596
600583
000001
600887
600858
000616
600067
600569
600031
600415
000825
601628
000625
600029
600177
000538
600348
600123
000869
000709
600166
000612
600867
000401
600673
000951
600595
600036
000887
600019
600162
600075
600122
600273
600737
600828
002080
600058
601006
600028
601166
600511
600048
600582
600066
000825
000963
600000
600302
600030
600406
000024
600879
600886
600855
000069
600622
000100
600125
601001
600161
600169
000559
600050
601628
000568
600690
000619
000815
600118
000917
600111
600309
000983
600350
600880
000155
600348
600009
600675
600717
000800
600343
600011
600519
600600
600085
600087
000828
600599
000629
600104
600299
600396
600664
000758
600995
600831
000151
600612
000157
600268
600790
600738
000612
600005
600230
000539
600630
000657
000159
600016
002081
601318
600030
000001
600000
601666
000630
600900
601628
600685
002128
000839
600456
600694
000755
000060
601166
600005
600022
600028
600075
600169
600331
600529
600823
600348
600323
600009
002024
601318
600028
600036
000024
000562
600016
600675
000608
000709
002032
600258
600062
600511
600276
600005
000826
000069
600820
600519
600022
600880
600000
600481
600631
000951
002123
600428
600102
600895
000858
601988
600832
600423
600795
000761
000028
002028
000039
600019
600697
000785
600973
000807
600330
000402
600008
600808
600408
600131
000937
600533
600360
002004
601666
600729
600978
000537
600085
000623
600809
600161
002133
000910
000559
600055
600472
002076
600406
601111
000584
600232
600348
000822
600188
600015
600383
000680
000983
600761
600642
000825
000970
600900
000869
600026
600415
600361
600535
600694
000698
600607
600267
600713
000060
600201
600063
600202
600206
600521
002111
000878
600010
000935
000987
000612
600016
000069
600675
600000
600085
600036
600521
600685
000002
600717
600030
600309
600900
600150
600867
600628
600009
600219
600019
600607
600005
000617
600748
000039
600887
000157
000729
600100
000402
000528
000768
000625
000063
600028
000858
600015
600320
600585
600072
600067
000878
600050
000024
600583
600111
600125
000839
000651
600886
600963
600161
600790
601628
601318
600428
000807
600026
000022
600761
600631
000568
601006
600118
600832
600859
600192
600838
000898
600096
600348
600208
600361
600337
000698
600895
600809
000663
600630
000419
600888
600596
000060
600519
000001
600114
600616
601001
000759
600660
600997
600312
000792
002024
600177
600327
600162
000876
000527
002031
600432
600383
002010
000400
000619
600391
600597
601699
000970
600240
600031
600655
600694
600595
000983
601328
600380
000988
600528
600198
002037
000785
600469
000751
002129
600754
000793
002021
600416
002128
000012
600978
600036
601318
000002
601628
600000
600005
600016
600219
600123
600900
600050
600019
601166
000778
000488
000983
000538
600048
000858
000039
600736
600019
000039
600030
600096
600036
600016
600050
000898
600028
600307
600973
600067
600428
000060
000709
600166
000823
000822
601398
601006
000338
600533
000680
600000
000531
600261
000550
600423
000157
600009
600467
600900
601111
601628
000652
000933
600584
600015
000410
600361
600586
600675
600685
600104
600258
000069
600269
000876
600325
600590
000748
000917
600456
600529
600026
600963
000565
600058
601318
600208
600418
600517
002028
600005
600563
600069
000762
000001
000807
600426
601001
600717
000825
000952
600785
000727
600476
000815
600697
600019
600028
600030
601628
601919
600036
600997
600001
000024
600320
600016
600006
600717
600600
600026
600590
000717
000920
600808
600198
600688
000959
000009
600643
600328
600110
000748
000999
600182
600019
600028
000002
000521
600900
000068
600135
600000
600011
600005
600015
600519
600009
600036
601006
000651
600066
000063
000898
600585
600177
000039
600030
000825
600037
000402
601318
600887
600682
600271
000528
600664
600026
600660
000625
600865
000906
000629
000527
600183
000933
600547
000983
000157
600150
600686
600809
000923
600050
601398
600133
600527
601628
600269
000637
000423
600871
000908
000668
000951
000975
000858
000001
600795
000026
600018
000838
000519
002024
000089
600406
600739
601166
601988
600320
600309
600642
000069
600276
000623
600211
600104
600010
601111
600383
600379
600583
601328
600008
600001
000716
600717
600675
600811
600511
000024
600208
600832
000652
000792
000793
000932
000401
600886
600601
000751
000709
600655
600031
000060
600631
000562
600143
600029
600497
600331
600048
600694
600068
600100
000027
000758
601998
600859
600027
600761
600868
000630
600690
600879
600108
600741
000839
600569
600653
600839
600808
000778
000088
000031
600663
600085
600500
000729
000539
000538
600895
000410
000488
600628
600058
000800
600635
600596
600004
000960
600196
000036
600348
600050
600104
600016
600036
601166
600325
600030
600309
000501
000063
000625
600570
600879
000748
600150
000709
000002
000960
600166
600831
000410
000707
600118
600019
000759
600343
600616
000917
600383
600015
000157
000825
600348
000662
000031
600531
601628
601318
600029
000538
000562
600426
600316
000858
600188
600416
000089
600176
600872
002007
600067
000533
600219
000078
000539
600677
000151
600663
600690
600100
600585
600832
000630
600269
000069
000039
601006
600016
600005
600036
600583
000402
600019
600028
600015
600383
600000
000858
000983
600001
600694
600123
600270
600675
600900
600829
000709
600754
601628
000651
600348
600299
600887
000157
601398
600519
000002
000562
000792
000538
600729
000717
000825
600309
600808
000625
600533
600122
600809
600456
600050
600500
600748
600582
002037
601318
600320
601001
000063
600831
600006
000619
600350
000089
600269
000917
600361
000970
000027
002069
600895
600183
000963
600642
600428
000568
000716
000024
002008
600963
601166
002023
600031
000898
600086
600816
000762
600117
600377
002111
600188
600312
000768
600037
000046
000400
600607
600315
600795
600000
600016
600028
600036
601166
600900
000002
000581
600519
600690
600111
600050
600169
000063
600266
600808
600019
600718
600584
600037
000625
600240
600269
600823
600005
002024
000983
600089
600104
000024
000848
600015
600415
600020
600348
000869
600026
000401
000651
600616
600886
601001
600827
601006
600688
600322
600011
000157
600143
600004
000021
000422
600309
600887
601166
600019
601628
601318
600037
000858
600900
600016
600028
601006
600717
000402
600583
000069
600859
000063
600036
600761
600631
600616
601628
600015
600309
600030
600000
000039
600016
002075
600600
600694
000063
600050
601318
000898
600519
600028
601006
600693
601398
600009
600019
600036
600000
600005
000983
000039
000792
000898
601318
000825
600030
600026
600309
601666
600900
601699
000157
601333
600596
600016
600036
600030
000825
002024
600000
600809
601166
000002
600423
601006
600123
000157
000012
600066
000550
000759
000987
600028
000088
600383
600030
600489
600000
600016
601628
000002
600036
600547
000623
000960
000758
600497
600456
600428
600067
600299
000069
000625
600104
600795
600005
000002
601628
000825
600900
600030
600739
000562
600016
600050
002024
000001
000061
000858
601166
000623
600031
000960
600717
000792
600036
600019
000063
600000
601006
600900
002024
600143
601318
000792
600005
600583
600585
600361
000858
000002
000825
600739
600428
601166
600019
601398
600900
600050
600028
000402
000002
600005
600036
600009
000898
600000
600320
600195
000528
000027
000878
600519
600583
000625
601318
000012
600030
600887
600331
000063
000933
000001
600125
600303
601006
600026
600832
600332
600787
600015
601111
600030
000002
600036
600016
600000
601318
000825
600019
601628
002024
000063
000858
600005
000069
600675
600309
601166
600600
600177
000960
601006
000829
000878
000848
000718
601919
000625
600348
000983
600331
600009
600028
600519
600859
600085
600900
600150
000538
000898
000001
600521
600685
000612
000401
000157
000039
600000
600030
600036
600761
600016
600737
000825
000002
600320
600028
000402
600150
600596
600660
600383
600879
600048
600456
600583
600036
600028
000002
600030
600050
000858
600019
600016
600795
601988
601318
601398
000063
600085
600005
000898
000001
600519
000792
600887
000625
000402
600007
000878
000951
000825
000024
600350
600030
600005
600000
000858
600019
601318
600100
002024
600028
000031
000898
600276
600016
000002
600383
600585
000063
600308
601628
601919
601318
600162
600050
600005
000858
601001
000898
000792
600000
000887
600028
600030
601006
600016
000963
000063
000024
600031
601166
600415
600717
000912
600019
600016
600177
000031
600036
000002
600739
600030
600655
000933
000069
600219
000858
000623
601111
600138
600718
000001
600518
000612
600028
000878
600809
600000
600396
600642
600192
600832
600616
600685
600161
600881
600837
000951
600102
601006
000978
600787
600054
600050
600729
000758
600415
000815
601628
600611
000063
002022
000625
600761
600495
000869
600037
600519
600748
601166
000401
000709
600639
600104
002007
600675
600015
600682
600246
600859
601398
002031
600009
601318
600269
600026
600016
600028
601628
600009
000858
600900
000729
601318
600030
000768
600607
600111
600320
600000
600309
600675
000069
600887
600748
600886
600019
600036
000792
600636
600428
600085
600030
601166
000001
000002
601318
600036
000898
600663
601006
600000
000402
600005
600583
000562
600717
600028
000012
600616
600519
601628
600036
600028
000002
600519
600016
600019
601919
600005
600030
601318
600050
600320
600887
000501
002024
600761
600150
600585
000895
601328
600036
600000
600030
600028
000898
601318
000623
000002
600688
601006
600019
600011
000983
000828
600739
600015
000858
601919
600887
601628
600104
600616
600210
600005
601166
600036
600030
600000
600019
600900
601628
600809
600675
000983
600631
600005
600016
601318
000568
601919
000027
601006
000031
000063
000002
600036
000709
000410
601006
600309
000063
601318
600582
601166
000581
600415
000039
600500
000568
600970
000002
600900
000617
000024
600022
000402
600786
600000
000157
600036
601318
600028
600797
600030
000793
600009
000825
601006
000002
600019
600519
000338
600037
600309
600015
600036
600000
600519
601318
600030
000898
000002
600900
601628
600019
600016
002024
600048
600309
600331
600028
600143
000858
601006
000839
600084
000828
600000
600016
000878
000826
600611
000539
600030
600675
600331
000858
600036
600887
600428
600082
600323
600200
601628
600528
600900
000983
000897
600383
600535
000069
600821
600529
600000
600036
600019
600900
600030
600050
600100
600616
000063
000858
601166
000960
601006
000501
600104
600015
601398
600325
000800
600176
601318
000759
600309
600118
600219
000002
600489
600415
600031
000562
600008
600123
000507
000768
000709
600028
600685
601988
000625
600879
002007
000031
600307
600485
600166
000748
600694
600547
600675
600677
600426
600009
000151
000778
600832
600066
000707
000825
600808
000910
600343
000897
000927
600570
600257
600001
600550
000790
600316
000559
600472
600036
600015
600639
601006
000709
000858
600016
000778
600000
000039
000002
600616
600694
600028
600005
600019
000001
600030
600383
000402
000338
601166
601318
600030
000528
600009
600000
600036
600309
000625
000039
600519
600639
600016
600096
600596
600125
600880
600886
601006
600036
600030
600309
000002
000927
601166
600005
600031
600037
600584
601006
600000
600016
600019
600290
000718
000063
600059
600028
000983
600161
600169
601318
600111
600011
000425
600183
600963
600208
600360
600166
601628
600886
000157
600240
600628
600808
600521
600009
600206
600622
600814
002064
600016
000090
600005
600085
000858
000970
600585
600365
000859
600582
600660
600535
600690
600688
000657
600804
600203
600201
600835
600717
000717
600887
000667
600900
000709
600456
600978
000677
600266
600030
000881
600662
600000
000949
600406
000828
600028
601318
000709
600019
000002
600717
600036
600835
600085
600022
600739
000042
000616
600887
600639
000402
000001
600808
600007
600030
600030
000002
000568
600739
600169
600895
600675
000718
000031
000001
600048
600315
000652
600600
002038
600416
000069
600109
601628
000917
600596
000758
600266
601006
000006
600962
600528
000839
600028
600000
600331
600476
600750
600458
000657
600489
600029
600320
000425
600004
000908
600115
600887
000522
600535
000793
002018
600748
000024
000933
000636
600270
600161
000046
002046
600859
000537
600985
000858
600312
601166
600350
600521
601002
600036
600780
600082
600601
600365
600391
601111
600337
600019
000898
000002
600030
600036
600016
600887
601006
600000
600028
600150
600900
600694
601398
601318
000800
000088
600004
000402
600104
000951
601318
600036
600219
601628
000024
600309
600030
600009
600739
000002
000623
000039
600019
000061
000069
600428
600858
600519
000792
