8006
600115
002399
600016
600963
600351
000001
600015
002038
600153
600048
600104
000513
000759
600036
600000
600029
600125
600880
000425
002094
601166
600193
002340
002140
000983
002220
002104
601169
000969
000937
000423
600707
600100
600316
600815
600183
000987
600178
000718
601318
600298
601166
600016
000425
600339
600028
600267
600079
600406
002050
600036
000001
000651
000917
600549
000400
002154
000157
600887
601318
002202
600900
000729
002399
601601
600383
600066
600104
600600
000001
000839
000581
002007
000898
600089
600596
600888
601166
600115
600000
600104
300002
000001
601166
600036
000338
601106
002024
600019
000060
600303
600100
600123
000422
600518
600035
600166
600660
000800
600150
002344
000527
300027
300004
000012
002202
600195
600309
600703
600739
600185
000425
600153
002041
601168
000997
000630
600048
600795
002191
601899
600000
601788
002304
002092
600518
600111
600036
600425
601166
002073
601299
600267
000423
601003
600778
000858
600048
600581
600439
600166
000712
000602
000413
601166
600139
600816
600887
601006
000338
000401
600016
000059
600720
600694
600452
600000
002012
600576
600519
600789
002001
000581
600216
000001
000848
000516
002308
600078
002094
000021
002220
002005
600582
002067
000651
600887
002129
300027
600519
600058
600016
601318
000858
600028
601601
000983
601166
000401
601939
600518
601699
600511
600019
600352
000898
600000
600866
600690
600195
600031
000792
601299
601088
601857
600036
601166
601899
601866
600017
600005
601169
601628
600028
601601
000762
600598
600050
601988
601600
601328
000878
600316
000630
600118
600479
000060
002232
000800
600028
600050
601166
002336
600178
600111
600690
600432
000527
600038
601958
000651
600000
300059
600362
601318
600089
601169
000423
600096
600271
601668
002045
601866
600837
000858
000069
600900
000807
600036
002251
000612
002008
600085
000677
601918
000960
600677
600480
601808
000768
600990
601857
601299
000002
600997
600030
601168
000901
000933
600188
600583
000522
600660
300002
600418
600345
600737
000063
600141
002261
600332
601618
600616
601788
600859
600748
600016
002148
600657
601628
600475
600551
600088
000547
600498
600879
300033
600183
600104
600166
002216
600675
600765
600590
002055
600570
600000
600079
600518
600537
000400
600406
000800
600887
000848
601318
600036
000858
000423
601001
600195
002285
601699
600015
600030
000895
600415
601001
600557
000338
000869
000417
600519
600327
000602
601918
600570
000788
002106
000001
002269
002089
601601
600036
600875
600458
601111
601601
600015
600489
600383
600739
601699
601318
600031
000400
600694
000825
600028
002202
600580
002064
000157
600388
600499
601088
000848
600572
600016
600547
600036
600403
600019
600875
000012
600067
000937
600000
600298
000598
600030
002080
600166
000024
600256
600115
600195
600837
000860
601318
600900
002202
601989
600050
601919
601601
000623
000839
000059
002008
601111
600030
600396
600000
600048
000060
600196
600550
600029
600519
000538
600196
002024
600809
600415
600970
600557
600202
600875
600000
600315
600594
600298
601166
601398
600280
000786
601318
600036
601328
601988
601939
600307
000937
000400
601628
600015
002344
002024
600117
000933
600178
002054
002106
600839
002316
000418
601009
600188
600000
000550
600031
600432
600739
600266
600123
601988
601166
600741
000917
600019
601628
600016
000423
000027
000858
600284
600779
600030
601939
000983
002028
600000
601166
600804
000402
601607
600050
600879
600104
600887
600580
600518
000157
002336
600096
600195
600036
000060
600016
601318
600036
601601
600000
600415
600030
600256
000402
000829
600067
600742
601111
002005
600537
601169
600406
002073
600875
600196
600029
002106
601988
600193
600060
000729
600015
600658
600050
600596
601766
002129
601111
000533
002104
002013
600560
002109
600870
000715
600036
002095
000157
601166
600016
600125
000729
601999
601318
600406
000422
002099
600485
600547
600597
601601
601111
601169
600183
600900
600519
601601
000001
601169
000568
000157
000937
000021
000401
000651
600123
601318
600655
600188
601088
600829
600000
601166
000877
600650
000338
600037
600887
600125
000551
601601
600519
600016
600511
000895
002041
000656
600523
000063
600000
000937
600031
002351
000792
000400
601318
002007
601166
600739
600202
600161
600016
600123
600795
002250
600196
601169
002022
601601
000001
002001
600332
000983
000049
600585
600036
600050
600348
600000
601318
600519
600123
601398
600016
600216
000422
000829
002001
600352
000060
000758
600867
600549
600111
600141
600100
601601
000001
600383
000039
000401
600352
600000
002008
000983
600104
600309
600036
002042
002241
600875
600498
600485
600809
600439
600000
601169
600036
000651
600015
000423
000792
600028
601111
002024
600785
000400
002384
000963
600066
000537
600887
000623
600423
600525
000893
000401
000039
600537
601328
000858
600425
600150
600270
000951
600376
600508
000728
601318
600016
600030
601939
000001
601006
600007
000039
000002
600015
000651
600153
600881
601618
000401
601299
601766
601088
002304
600511
600036
000898
600312
600276
000550
600219
600153
000895
601166
002095
000001
600030
600050
600036
600718
002001
002005
000063
601166
600000
601988
600216
600271
002129
600418
600166
002220
000568
002380
600078
000001
601601
600519
600348
000983
600031
002024
600196
600596
600271
600690
600036
600068
002153
601607
600223
600428
600875
000425
000519
000596
600887
601318
600809
601111
601998
600125
002041
002142
600000
000524
000786
600837
000930
600765
600489
600273
600778
601169
600376
600305
000061
600694
002304
000937
002157
600600
600573
002344
600704
002148
601601
600075
000858
600035
600575
600138
000551
000895
600122
002043
300070
600315
600000
600036
600068
000671
601888
600048
000060
002273
002326
600884
601601
002351
600812
600423
002142
601998
600622
600176
000055
000713
000636
002129
000969
002008
000903
002261
000917
600739
000061
000983
002104
002093
600595
600271
600879
600268
600718
000024
000837
600439
600226
600830
600285
002067
002163
000861
000829
600050
600015
601169
000862
002297
600330
601857
002019
002251
600239
600664
000100
000898
600316
600122
600468
000602
600581
600036
600000
000983
600875
600016
601601
601318
601166
601001
600607
000060
000937
002422
000069
601898
002202
000063
600842
000400
600718
601166
601601
600104
000800
600019
601318
601628
601398
000927
600742
601169
000001
601186
601390
600015
002202
601106
600100
601006
600900
600000
000338
002261
600418
600166
000829
600388
600859
000630
600795
600185
600739
000063
600196
600198
600150
600887
600031
600036
000024
002011
000826
600522
600880
600376
002154
300027
600580
000759
600197
002001
601998
600089
600067
002063
300012
600481
002291
601168
002327
300058
002345
002146
002293
000877
000404
600303
600685
600707
600325
000157
600590
000568
600410
002123
000012
600991
002158
000888
600809
002214
002041
600581
600690
000598
002344
000527
002292
000776
600000
601318
000612
601988
600197
000983
600351
601111
000937
600468
601766
600410
601398
600048
000800
600030
600805
600837
000598
600221
600271
601328
601678
600208
600895
601688
000338
600009
000651
600832
600104
600115
600739
000063
600838
601919
600166
600971
000988
600805
600655
600028
600326
601601
600195
600844
600111
002214
601166
601601
600118
000848
600456
002091
601318
600267
000762
002223
600198
002106
600664
600383
600038
600050
002038
600750
600549
600810
000400
000969
600115
002153
600062
600000
600869
600739
601169
600055
600518
600406
600770
000024
600583
000623
002261
600088
000786
600195
000983
002007
002148
600054
600536
601998
601999
002155
000547
600410
000999
000538
000060
600036
600087
600117
000961
600521
600395
600354
000655
000977
600048
000933
000612
600104
601988
000858
600050
601328
600028
600016
601111
000063
002024
000001
601857
601939
600900
601318
000800
601666
600015
600795
600031
600050
601166
600015
601169
002293
600900
002129
600117
601699
600690
600019
600396
000877
600380
600425
601919
601999
002106
600551
600863
600016
002080
000012
600028
000568
002230
600015
600063
600068
000671
600067
002236
600809
002146
002005
000157
601001
600481
600971
002159
601318
600036
600489
000937
600031
000983
002230
000338
600373
600406
600111
000848
000829
600887
600383
000895
000581
000157
600298
000566
600498
600326
600897
600298
002249
600628
600079
600963
600188
600616
000338
600068
002123
600029
600141
600366
600576
600231
600489
600198
600754
002056
600858
601999
600111
000671
600416
000759
600100
600066
002051
000063
600183
600068
000538
600298
600660
000937
000792
002067
000039
600337
600276
000800
000338
000888
000528
002310
002142
600499
600256
600439
002024
600481
600036
002230
002091
600875
000060
601318
600016
600580
600489
000826
600535
601111
601169
600138
000983
000937
600352
600315
000428
002106
600978
002078
600425
002092
600276
600655
600309
601166
601328
600590
600880
600009
002269
000338
600575
002238
600029
000762
601766
601299
002192
601006
600115
601601
600456
601111
601318
601398
600459
000858
601166
601169
002202
600000
000568
000063
600060
600221
600809
600519
600875
000001
600547
600195
000713
600983
601899
600111
600489
000400
601186
600900
601628
600785
000877
000157
000962
000024
002155
600997
600396
600628
000651
002041
000952
002304
600015
600354
000423
000401
600720
002007
600664
600169
600829
600383
601328
600887
000581
601988
000878
600312
600239
002252
600166
600546
002185
002123
002017
000735
000540
002215
600880
000969
600273
000338
000937
601666
002050
002121
000623
600739
002142
002220
002038
600016
000001
601939
600418
000951
000937
601166
600157
601299
600029
601601
000983
600036
000157
000778
000401
000708
600704
600271
000063
600036
000969
600970
000996
000400
600016
002028
600704
600271
600176
600000
600128
600837
600067
600100
600406
600739
600581
600884
600312
000623
600016
600383
600030
600195
600048
600690
601318
601166
000858
600138
002376
600028
000002
000063
002296
600019
600704
002073
600529
002123
601111
600000
000024
600519
000527
600029
600348
600779
600050
002007
601766
600196
601699
600177
000983
601166
002155
000729
601169
002202
600887
000425
600037
600739
600089
600000
600015
600518
600597
600379
600016
601318
600416
600550
601628
002007
002104
600036
600563
600406
600000
600425
002092
600036
600256
000823
000021
600581
600197
000826
002106
002194
002007
600100
600075
600267
002142
600303
000877
002415
000537
600123
600498
000679
000400
600628
600015
600778
600707
000061
600111
600036
601318
002080
600111
600456
000001
600104
600062
600704
000012
000069
002153
600198
600873
601939
600997
000800
600348
000559
600416
000063
600256
600100
002024
002415
600016
002008
600797
002236
002375
002315
600844
000559
600737
600436
000665
002038
600690
002310
601318
002081
002063
600365
601328
601169
600880
600123
600873
002250
002422
300059
000829
600693
002342
002316
600036
300072
002122
600420
600859
000788
600877
000759
002304
000009
601699
002159
300002
600030
600439
600050
600100
601899
601111
600029
600837
002155
601318
600739
600026
601788
000488
601919
000623
600088
600880
601628
600963
600111
600966
000858
002007
000651
600066
000423
000568
600660
002123
000800
002073
600031
000538
600887
000999
000063
000069
002294
002285
601166
002223
600036
600016
600588
600900
000963
002022
002250
000858
600537
000527
600703
600276
000823
300041
600252
000039
601111
601328
600366
600809
600884
600309
002020
002326
000596
600425
600015
002238
002159
600739
000951
002104
600298
600837
600997
600518
002157
300003
600858
600028
600315
002008
600075
000969
300049
600019
002152
601001
000501
002066
002029
002355
600303
000423
600690
600519
000932
000602
600664
002152
600859
600694
000898
000786
000527
601179
000568
600585
600280
000069
300059
002415
002416
300086
600900
601398
601988
600048
000800
601006
600269
600050
000937
600115
600489
601607
600383
000983
600837
002142
000973
601111
601009
000522
000792
601318
600000
601111
600125
000983
600309
600050
000090
600581
600060
600123
600458
600239
600031
601601
600026
600048
000157
600595
600000
000001
600529
600271
601318
601601
600410
600383
000729
600325
600055
600502
002008
600829
601111
600690
000060
600997
601989
002351
002081
600536
600537
600198
600572
600406
000400
002065
002163
000661
600050
002339
002322
000021
300040
002325
600588
002212
002310
600521
600100
600739
000527
000933
600118
601318
601101
601607
600850
002024
600030
002236
600362
002249
601169
600963
000063
601866
000960
600120
600887
002215
600315
000400
000792
600481
600019
002009
000338
600037
002241
600458
000538
002041
002029
600406
600523
000425
002045
600339
600256
601169
601318
600000
600580
000423
601601
601009
002028
601699
600123
600261
002106
000983
002252
600707
600348
000860
000963
600581
000612
002024
002041
000898
000024
600563
000001
002142
600036
601666
000651
000933
002007
000960
000501
002375
600276
600600
601988
002045
600594
300041
600416
000823
002158
600271
600266
002089
002241
000858
601398
600197
601166
002250
600739
600231
600987
601111
002202
601601
000762
601299
000858
600456
600000
601318
600169
002155
601766
600547
601169
600875
601166
000063
002007
600519
601006
600809
000400
000581
600111
000423
600489
600195
600383
601328
601899
000568
002304
000713
600983
600060
600900
002041
600221
600015
601398
600396
000157
600997
600628
600664
600785
000651
000877
000952
600720
601628
000338
600166
000937
600546
002252
002185
000969
600354
002110
601318
600015
601111
600000
601601
600468
000060
600750
000933
600029
000729
601939
000895
000951
600887
600178
600115
600067
600256
000063
002024
000858
600664
601607
600351
000999
601088
600352
600519
600970
000963
000063
000568
000869
600036
002202
601166
600276
000581
600557
601601
600016
002106
601628
000933
002038
601318
600183
601166
000729
600785
000983
002336
600085
600694
002384
600887
300002
000541
002310
600519
601699
600036
601398
000858
000983
000157
600177
600016
600569
000063
600583
002024
600019
600426
000792
000061
600660
600881
600309
601601
600019
600036
002376
002325
601318
002073
600016
000983
600079
000581
000963
600352
600195
600537
002154
000028
601111
600050
600138
601166
601328
601398
600029
600580
600036
600332
600887
600030
000501
000402
600068
600508
000623
600805
002011
600379
600500
000009
600216
600529
002001
600416
000988
600967
600713
002376
600312
601398
002251
600500
000788
601939
600723
600068
600664
601166
600812
601169
601628
000858
601318
600518
002322
600199
002334
600036
002358
002296
600660
601699
600060
300003
600016
002123
600880
601601
000983
002051
600348
601601
601318
600028
000858
600036
601169
600547
600111
601688
601009
600519
000009
000792
600195
601628
600118
600000
600312
600739
600089
601318
000001
600519
601166
601601
000061
600029
601111
002344
002028
600050
600887
600436
600125
000848
000063
600518
000858
002104
601688
600489
600690
000860
000596
000729
600713
600060
600202
000970
600588
600529
000988
600337
000983
601628
600050
600016
601328
600030
002028
000402
600036
601318
601601
600631
600000
000061
000028
600522
002336
000100
600879
600122
600125
601318
600036
600016
000024
600383
601328
600000
601601
000425
600875
000858
000507
600050
600859
000401
600690
600111
600015
002202
601699
002315
600100
600519
601318
601166
600458
600015
601169
600000
300036
600588
300059
000762
000860
300027
000858
000960
002311
600489
000001
600298
000063
600166
600348
002273
600765
600031
600629
000651
000877
002261
600196
000401
000021
000568
600837
600425
600547
600739
600016
600123
002155
600089
600991
002339
600456
600521
600809
600570
600879
000937
601001
000157
600050
000039
000680
000990
600500
600828
600104
002142
000917
600373
600202
600312
600458
600028
601788
000581
600595
601268
002073
601989
600597
601299
600019
600761
002214
000969
600031
600588
002200
600858
600036
601318
600718
002152
601166
601088
600016
000028
601601
000425
600195
002153
000547
002045
600600
601628
600197
600048
000869
601318
601998
000960
600000
600106
000901
601328
600150
600900
600502
600283
600183
600169
600826
600839
000973
600509
600100
600467
600583
000718
600312
000988
002327
600967
000514
000748
000534
600416
600543
000926
600783
600704
600171
600622
600330
600737
600765
600456
600855
002022
000796
000026
600879
000559
000920
600362
002182
601988
600240
600831
000612
600383
601808
601699
600900
000983
600309
002266
000937
002269
600030
600059
000061
002028
600423
000655
000825
601989
002022
000858
600881
300048
000401
601601
000063
000568
600029
600000
600582
000422
600036
000581
000825
000401
000983
600309
600592
000528
000762
600765
002080
600409
002164
601166
601318
000800
600690
600837
600489
600037
000983
601699
600060
600348
600595
000422
000338
600123
000933
000937
000568
000021
000651
601988
601166
600489
002048
600000
600271
002303
601939
600375
600547
000776
000612
000623
000016
000951
000823
600036
002032
002241
601186
002106
601788
600887
000933
000983
601001
601601
601318
000527
002375
601989
000970
600595
600123
002065
000338
000630
600015
002060
000001
600000
600221
000776
002311
600310
002315
000762
600489
000566
600770
600481
601601
000759
600547
600866
000990
600809
000009
000792
600176
600814
600238
600622
600650
600557
002024
600276
601607
600535
600015
000538
600519
600858
600511
600489
600062
600161
600697
000999
600785
002315
600594
601628
000776
000729
000001
002092
600161
601601
000961
601169
600085
600563
000839
002281
601166
600016
600036
000989
002146
600383
600519
002032
002329
002336
600382
600739
600519
601166
600016
600089
000989
000792
600000
600978
000898
000001
600549
600048
600295
600628
000825
600550
600415
601299
601808
600028
601006
000401
600019
002024
601186
000893
600202
600418
000778
600029
601989
600141
002092
601998
600125
000951
600183
600485
000401
600547
000425
600327
600132
300058
000541
600015
600036
000002
601628
600048
600100
600683
000031
000608
601318
600383
000612
600519
600416
600426
601688
600713
600690
000792
000876
600028
601006
600015
601328
600688
600770
600188
002142
000069
600029
600100
600329
601668
601318
000932
600377
000024
600871
600115
600327
002041
600125
002304
000061
600458
600518
601111
000338
002157
600406
002106
600312
600893
002029
600079
600809
002154
000937
002344
000792
600068
601999
000541
600303
600963
000869
600522
000513
600576
600360
600037
002056
000551
600279
600580
002038
000619
002064
601166
002092
000983
002362
002148
600738
600309
002123
600351
002215
002255
000826
601166
600104
002248
000917
601398
000060
300004
002158
002340
002303
002290
600519
600900
300077
300058
600525
600016
600000
601919
000821
600993
601939
000538
600978
000596
000937
000963
002353
300011
600812
000878
600581
000001
300070
002097
600352
601766
601299
000568
000063
000418
002028
600410
600036
600183
000001
600519
600837
600115
600415
600016
000528
002008
600062
601111
002153
000527
002080
601318
002115
600060
601318
600000
600268
601111
600887
600050
601001
601699
000566
000651
000012
000338
600276
600036
000792
600216
600221
600581
002261
600690
002163
600456
002013
600458
000718
600259
000915
600535
600587
002384
600055
600546
000423
000530
000537
600597
600129
600425
600825
600197
000969
002129
600068
002094
600268
600710
600036
000933
600517
600894
601318
601111
601939
002109
600468
600967
000001
000858
002220
002233
000063
600000
600963
601318
600887
000917
000024
000001
600029
600325
000568
601166
601601
002001
000762
000338
600582
600197
601919
000046
600000
601166
600111
000338
600256
002249
000540
600795
002005
600720
000400
600058
600337
600396
600518
600068
600395
002324
600789
600157
601939
600125
601166
601398
600844
000729
600000
600379
600068
600348
600831
600089
600499
600202
002005
000400
000651
600778
000423
600111
600000
600036
601186
600196
000969
600348
600111
600366
000400
300077
600858
000608
000910
000948
600449
600999
000513
000983
600081
600750
600518
600315
600000
601601
002179
000001
000400
000650
600549
000428
000858
600031
600666
600351
000839
002092
002073
600475
600582
600664
600309
600583
600329
000877
002142
600425
601111
002202
000951
600104
000829
002123
600276
600739
600102
002038
600202
000848
002073
601607
601601
000400
600383
600887
601318
000069
600031
600481
600825
600125
600036
600016
600166
000425
600809
002344
600489
000792
000063
002038
601318
600115
601166
000983
601111
601328
000960
600872
600547
000009
600036
000783
000001
601688
600111
002310
601169
601299
600037
601601
600583
600820
601857
000060
000878
601318
000338
600251
600000
600017
600035
600895
002025
600266
600643
600519
600036
000792
600418
600016
600439
000596
600000
601998
002051
000860
601001
000937
002008
600557
601169
600795
600183
002310
600869
000039
600595
600461
000999
600750
000001
000002
000024
600048
600050
600208
000046
000878
601857
601998
000069
600795
600348
600266
601628
601601
002045
601166
600383
002340
600887
601111
600178
600519
600664
600518
600029
600498
000983
600115
600048
000063
002007
000001
600586
000999
000623
600104
002148
000800
600383
000951
000898
000024
002080
600997
600298
600141
002154
600036
600348
600079
600000
601318
002063
601601
600498
600858
600416
002007
600111
000983
600395
600123
002073
600028
000001
000581
601318
000937
600036
600016
000837
600267
000625
600157
000656
000858
600081
600143
000759
000630
000729
600879
600168
600188
601088
600031
000061
000895
600352
600694
600125
600380
600866
000063
002172
600521
600527
600983
600596
000402
000415
600391
600395
000652
600312
600309
601601
600016
601607
600256
600111
600739
600183
600664
600125
000425
600000
600348
600489
600718
600216
002041
000877
600580
600332
600581
601318
601299
000858
000937
600037
601766
600031
600352
000983
601601
000024
600256
600100
600036
600125
601166
002202
601600
601699
601169
002019
002364
600590
002197
002249
002091
600379
000566
000541
002315
000811
300070
002353
002292
600359
000823
000060
600622
002318
002106
000983
002179
000937
600511
600673
600036
002241
600537
601857
600383
600266
600153
601111
000009
600019
600183
601398
002106
000024
600271
600549
601009
000823
300077
600029
600812
600111
001696
601989
600196
600176
600879
000800
600100
600509
000860
000988
600664
000933
600529
600036
600736
000858
000930
600416
601398
600267
600000
600406
601601
600100
000917
600712
002138
000039
600096
600037
000963
600111
601299
600549
601788
601111
600309
000401
600256
600068
601328
000652
600000
600239
601688
600036
300070
600585
601888
000049
601398
601939
000546
600499
002197
600077
600348
002274
601601
601318
601166
002106
002310
600000
002092
002431
000528
002122
002325
000729
000858
000157
600594
000513
000533
002293
300044
600276
000983
600123
600078
600216
000581
000418
600693
601699
002252
002031
000895
000978
600071
000930
000933
601918
002313
000961
600481
600054
000338
000792
600037
600125
000895
600523
002041
601601
600511
000012
000612
002351
600535
000527
600000
000063
600016
000400
000551
002303
601318
000983
601111
000960
600872
600596
600547
000783
000001
601166
600115
601688
600195
601328
600050
600718
601601
000009
002310
600029
000983
000937
601318
002080
000933
600690
600383
601601
600875
000157
600166
600031
000001
000012
002106
000400
601166
600016
002200
600499
600410
600329
601169
000862
002063
002202
600563
600252
002007
002024
600348
600595
600050
600547
600271
600060
600581
600887
000961
600507
600537
600195
600395
000848
000598
000559
002146
600000
000581
600303
600600
600067
000061
600368
000401
000960
002022
600038
600111
601318
600000
601169
000049
600690
000759
600067
000063
002415
600208
600383
600352
000829
600060
002155
600161
002099
000762
600560
002422
601328
000157
000983
600016
600312
600000
601318
601111
000937
002066
600557
600050
600391
600036
000582
000759
600309
000061
000001
000656
600202
600143
600028
002320
600036
600312
000422
600125
002353
002121
002028
600804
601989
600837
300070
000001
600037
600019
600050
600258
600569
600875
600690
600036
000063
600383
600100
601328
002024
600000
002007
600804
000538
000718
000400
600519
002163
600068
000001
601166
600067
600015
000937
002123
000999
600256
600060
600415
000800
600019
002152
600123
600742
601601
601699
000786
600252
001696
002065
600036
600983
002202
600458
600352
601808
600199
600030
600019
601601
600048
000063
600050
600036
600825
600481
002121
002304
600900
600519
600600
000759
600325
600000
600779
601398
600806
002148
600738
000983
002255
002362
600309
002123
000917
002215
600351
002248
600581
002081
601166
002290
000338
000826
600519
300058
600016
600525
300004
000060
002158
300077
600000
000821
000919
600812
600978
002303
002340
000001
600195
000612
000878
002353
601398
300070
000937
600900
002088
601601
000983
600596
002028
600111
601166
000792
600406
000400
600031
601607
002123
600015
600580
000061
600141
002146
000961
000918
000540
601318
002202
600000
601398
600016
600196
600694
000061
600035
601601
600970
600519
600580
600383
600456
600030
600067
600251
601857
600887
600016
600489
600036
600547
600096
600118
000425
000792
600406
000858
601166
600000
600309
600029
600030
600519
002092
600111
000652
600256
600256
600499
002324
600547
600352
600481
601318
600309
002067
600036
600596
000933
600029
000983
002230
601998
000829
601166
002344
000063
600498
000969
000423
600978
600887
600616
000898
601678
600176
600837
601318
000933
000983
600523
600153
600960
600497
601958
600595
600900
600096
600030
600881
000158
600208
601088
600188
600519
000063
000858
600887
600590
000568
600664
002024
000937
600487
000983
601607
000869
000400
600351
000001
600050
600481
600276
601001
601169
600036
601988
601166
000858
600000
000550
600739
600519
600547
002415
601111
000063
000987
601601
000568
000157
600362
600153
600028
601318
002007
600100
002008
600000
601166
600202
600161
600030
600795
600879
600518
600036
600123
600545
600125
600263
600546
600166
600386
002230
600590
600765
600016
601009
002142
000581
600693
600376
601111
000651
600015
600997
600895
000616
600035
000060
000550
600325
600016
000680
000630
600720
000933
300055
000651
000063
600160
000729
002038
600277
002028
002416
600062
600664
002384
002437
002362
002007
002155
002387
300026
600016
600528
600050
600048
000024
600900
000425
601939
600383
600581
600475
000983
600005
601989
601299
000959
600068
601398
601628
000858
600299
601601
600077
000898
600036
600810
600584
000893
600202
600660
000001
600125
000778
600485
000063
601111
600157
600581
600036
600183
000951
000527
002099
000639
600875
600585
300058
002003
002007
000536
002225
002089
002081
600054
600395
000338
002306
300072
002421
601766
600785
600129
600487
600594
600348
000522
600303
601111
300039
002009
600029
600481
600036
600183
002024
600000
600048
000728
600031
601318
000338
000401
601601
600197
002225
600498
000983
600707
000063
000001
601998
601328
600036
600016
600307
000686
000623
600739
600717
600050
600428
000063
601169
601766
000651
600170
601186
600475
600087
600522
002123
600326
601111
600616
600068
000338
600963
002249
600545
600141
600489
600111
600030
600183
600628
600997
601999
600019
600198
000917
600060
000623
600500
600375
600489
000837
600227
000425
000625
600887
601989
000028
002010
002038
000888
600118
600050
002081
600547
600405
000566
000887
000541
600289
600363
002019
000937
002390
600028
600435
600877
601111
600000
000652
601169
000338
000710
600900
600268
000554
600830
000927
000776
600778
000410
601601
300018
600303
600016
600884
600050
600406
000788
600269
601601
601318
000527
600383
601111
600029
600115
000063
600498
601628
000729
000060
600690
000983
000024
600004
600048
600104
000895
600123
600694
000061
000895
600208
600503
000338
600519
002310
600858
601318
600271
600031
000021
000939
000063
000024
600050
002007
002304
601299
600660
601328
600104
601179
000800
601006
601628
000869
601318
601168
000625
600583
600015
600886
601088
601988
600741
000898
600031
600036
600019
601318
600036
601111
601166
002202
600000
000063
600383
000157
000528
601601
000400
000800
600048
600050
600600
000001
000826
000423
000898
600031
600060
000527
600089
600000
600581
600425
002092
002106
000001
000848
600028
600125
000581
000651
600256
600750
600518
600580
000060
600123
002194
000878
600546
002422
002304
600028
000792
600352
000001
000718
002310
600036
000983
600178
002007
000063
000338
000061
600016
600519
600050
600694
601601
601628
000568
600050
600519
600196
600062
002024
600410
000338
600664
600489
600535
000417
600308
600256
600000
000823
600529
601607
600573
002142
002129
601009
600176
000969
601318
000042
002019
600894
600067
002220
601958
000608
600710
002094
600227
600193
600468
600268
000400
002109
600622
600068
600068
601006
000969
601601
000060
600884
600050
601766
000862
600028
002297
002129
600100
601958
600571
600268
600056
600095
600307
600872
601857
600316
000042
601888
600961
000602
600486
000608
600866
002094
600196
601166
600312
000059
600118
600037
600750
002106
002041
600031
002051
000826
002091
600221
600563
000960
600660
000998
000596
002001
000718
000811
600038
000848
600183
300072
000969
000540
600502
600053
600111
000972
600054
600557
300030
002138
600707
600580
002155
000713
002254
600467
600498
002293
000650
000999
600869
600584
000937
002004
600352
600316
000519
000963
600664
600739
600866
601318
600055
000987
600690
000024
600111
600309
000527
600418
601186
601857
000616
002022
600600
000060
000566
600779
600325
600036
000001
600832
600031
000028
601699
000541
601998
600837
600713
600227
600276
601988
000858
600062
002153
002390
300015
600068
600583
601318
000983
000878
600664
000937
601766
600019
601166
000858
000063
600519
600183
600875
601299
600383
600487
601600
000002
000568
600198
000960
600100
002022
601106
600331
000972
601318
000983
601699
601601
000060
600038
600893
000901
601179
600067
000547
000917
600482
600866
600508
000566
000887
600837
600141
002050
000612
300058
601168
002249
600884
000639
000021
002153
600585
600496
600900
002274
600809
000823
601318
601607
600884
601166
002250
002165
000060
600529
002056
600859
600307
600271
300003
600166
600827
000061
600571
000665
600323
002073
002123
600600
002089
000811
600036
000423
601111
600590
600489
600845
000651
601607
600875
002152
600104
002202
600522
600216
000858
601318
600016
601009
000629
600028
000858
601601
601169
600000
601166
600036
601398
000918
601328
000039
000002
600185
600861
300002
600657
000001
601601
002194
600016
002415
000024
000933
000401
002236
000063
600739
601788
600035
000422
601898
601166
000718
002202
000069
000656
000961
601111
600900
601398
601111
002202
601857
600309
600195
000061
002152
000829
002104
601601
600036
601607
600875
600125
601299
600739
002073
600067
600050
600547
601111
000983
601607
600037
000651
000612
600016
600036
600048
601166
600489
000063
000825
600188
600362
600030
000792
600111
601939
600015
601988
600348
600048
000039
000024
000933
000960
600649
600816
000680
600169
000009
000562
601168
000100
000528
000063
600782
600887
600019
600037
600089
000425
600518
601628
601318
600000
600597
600379
002104
601601
600739
600406
600550
600563
600425
000061
600859
601328
600123
300055
300002
000729
000878
002344
002375
002073
002024
600196
002081
300012
002191
000423
600166
002041
600518
601111
002345
600202
600581
600570
600415
601318
002320
000061
600036
600122
002028
600289
002019
601888
000060
002073
600435
600580
600739
002104
000960
600036
600383
002106
000983
000338
000718
600742
601166
002005
600590
002142
000786
002088
000926
600395
601088
000858
600089
600582
000401
600100
600770
600125
600221
002024
000651
002315
601169
600196
000776
600458
600062
601166
600537
600570
600038
000860
000869
600031
600894
000009
000527
000729
002007
600406
000559
600713
000709
600125
000917
002250
600267
600197
600111
000538
600068
600123
000973
600499
600425
601678
000965
600208
600535
600176
002008
600549
600256
600100
600016
600137
600188
002013
000537
600030
000422
601601
600197
600339
000546
600036
600316
600111
601899
601788
600489
601939
600456
002155
601318
000898
600580
600141
000063
600193
600789
002358
600893
000680
600581
000551
600881
600812
600590
000623
600777
601958
000046
601628
600015
600583
600523
000933
600531
600312
600368
600999
601600
600000
600118
002092
600509
601666
601888
600697
600048
000158
601106
601169
600056
600268
600470
600322
600037
600804
600085
601857
600545
600117
600139
600050
600019
600673
002193
300039
600236
600438
000400
000897
002011
000893
600028
600086
600087
002005
600875
600195
600216
600499
601888
000933
002273
600000
600031
000826
000651
600782
600694
601318
600739
000652
600460
002024
600036
600498
600420
601006
600100
600517
000060
601601
600079
600439
002017
000012
600132
600068
002152
600111
000581
600395
600467
000983
600582
002200
000063
600115
002399
600016
600963
000001
600015
002038
600104
600351
600153
000759
600000
600036
600048
000513
002001
000425
600125
600880
600050
000937
601318
601111
600000
002028
600028
600231
600176
600117
600036
000100
600622
600289
600096
600782
000917
601919
600386
601601
002106
600742
600383
000786
601001
000718
000568
000055
600089
600508
600582
600016
600309
600590
002005
600252
600067
600720
002088
601111
600879
000983
600158
600785
000401
600546
600036
600502
600543
002139
601318
000868
002165
000001
002225
600329
600963
601166
601318
600000
601989
600030
600016
000612
600521
000937
601666
002106
000550
600060
600123
000823
000100
002048
000792
000829
000630
002007
300039
601111
600016
002225
002296
002159
600750
002309
600054
002215
600221
000811
600570
000338
601169
002038
600395
600859
600519
600887
600406
601318
600570
600537
600079
000400
000848
600000
600518
000423
000060
002151
600993
002014
002063
000998
002437
002285
000028
002007
601601
601166
600750
600664
600352
600276
002024
000858
601166
600351
601607
600693
600557
600887
600208
000999
600594
000963
600062
600196
600252
000338
002223
000858
601318
601169
600000
601601
600036
002142
601166
000926
601398
000629
600028
000918
600016
601328
601988
600240
600657
000039
600185
600519
601318
002202
600036
000001
600000
000712
600900
002242
601169
600007
000338
600016
600050
601166
601601
601006
601009
000858
601628
000602
601088
600583
000623
601666
600000
600795
600166
300002
601106
600104
000800
601166
600031
300027
000069
600999
601788
000997
601318
600837
002091
600037
000001
600383
600664
002017
600529
600048
600030
000012
601318
600153
600016
000860
600879
002233
600035
002133
002024
600015
000009
000759
601888
600563
600029
601111
601318
000823
601628
601166
601919
000537
600000
000338
600015
000858
600797
600206
600573
601601
600664
600410
600163
600960
601169
600036
600547
000063
600739
600000
002415
000550
601601
600519
601988
000060
000401
601111
000937
600028
600029
000157
601688
601166
600739
000568
000009
002202
600030
601166
600900
600583
600036
600271
000926
600100
601989
600289
000729
002064
600675
600737
600500
600019
000001
601601
000712
600036
600510
601169
600016
600139
601166
600000
000338
000602
600050
601318
600720
600452
601088
000413
000937
000973
000895
300077
600036
600327
002123
300002
300070
002415
002292
002183
600352
002251
600303
600050
002142
300027
002140
000792
600875
002362
601318
300002
600000
300070
600019
600036
300055
600195
600887
600600
600707
600100
600479
000061
600693
600884
000988
002269
000501
600664
000869
601607
002022
000895
000999
600880
002310
600267
600068
002250
002003
000063
600893
600812
002081
000501
600535
600031
002038
600750
600000
600036
000983
000858
601601
000002
002202
600016
600582
600031
600383
000423
600048
601328
600030
000001
601398
601857
002344
600068
600036
000858
000400
600517
601607
601318
002202
600660
600631
600537
000800
000559
000651
601169
601009
600597
600031
600518
002022
600037
601318
600036
600048
601788
600583
600383
000009
600585
601666
600837
601169
601866
600016
000919
600068
601857
600570
600999
000917
600216
601166
600050
002024
601601
000625
000598
000651
000718
600271
600036
002422
000581
600016
000338
600519
601318
000858
600115
000063
002045
601166
600739
002048
600036
600066
000937
000568
601601
600015
600690
002005
600195
000028
600446
002039
000829
000898
000157
600309
600586
002024
000869
000063
000858
000568
000513
600664
601607
002202
600557
600351
000759
000963
601166
002003
600178
600031
600036
600835
000910
600900
600273
600028
000983
600406
002106
002249
002056
002158
600030
002155
600125
600993
000661
601111
002091
600547
000811
600884
601001
600123
601169
002121
002115
600038
600089
601998
002085
002254
000006
000400
600880
600383
600316
600489
000960
600518
002352
600037
002064
600460
002025
600535
000937
600106
600117
600487
600545
000939
600509
000401
600256
002248
000973
000925
600872
601009
600660
002017
000012
600019
600031
600029
000423
600708
000823
000513
002271
600418
600832
601939
600268
600428
000055
600999
002268
601607
002255
000887
600026
000060
000063
000898
600309
600425
600585
600676
601958
600388
600050
000826
600820
600742
600188
002241
600983
002157
000962
600481
600897
600893
600456
600198
600717
601006
600009
601398
600089
601318
600622
000541
000969
000021
002249
600478
601106
002056
600595
600202
601268
000060
000952
600481
600690
000996
000823
600485
601166
601169
600031
000001
600123
601699
600036
601601
000933
601009
000060
600850
600059
600348
000100
002385
601318
601918
600157
000926
000900
002092
600036
601166
000708
000951
601169
600219
600269
600016
600141
000792
600519
600153
601088
600867
000786
600585
600600
601003
600519
601699
600036
000983
600583
601398
600569
000792
000858
000926
000157
600660
000061
600177
600016
600694
002024
000063
600019
600426
601678
600123
600125
002013
600960
600583
600900
600221
600270
600035
600137
601006
600050
600804
000917
000548
600188
000933
600236
601699
600348
600350
600644
600029
600874
600176
002226
600028
000793
601111
000571
000905
000937
000301
600004
601857
600256
600269
600428
600880
600033
600377
600273
600563
000559
600100
000972
600303
000598
002041
000829
600707
002045
600239
600000
002091
000983
600467
000061
000001
002008
000050
600770
600547
002340
600830
000973
000823
600329
600132
601328
600750
002036
000777
002065
601111
000888
600897
600631
600571
002092
000848
600406
002118
002081
600518
600507
000963
002262
600489
600560
600256
000400
000652
600348
600354
000596
600261
002022
600837
002261
600079
000998
600125
600327
601788
000727
000811
600221
600481
600523
600036
000960
600455
000418
000612
000661
002138
600193
600482
000708
000878
002106
600425
002202
600581
600563
600202
002065
600015
002092
000021
002194
600395
000061
600585
002148
002051
600303
600201
600037
600188
601169
000823
600383
000858
601328
000001
600383
601009
600029
601688
002202
600325
000063
000012
002415
000009
000401
600037
002073
000069
601857
600418
002142
601006
601111
000858
600519
601398
000602
600312
600261
600315
600631
601318
600863
600276
600816
600879
600489
600655
000069
600673
601601
601989
600804
600079
600015
600111
000651
000338
600038
000400
000059
600664
000998
000728
600525
000063
002008
600729
600195
000712
000001
000983
601318
000063
002007
600887
000538
600348
600050
600060
000060
600425
600000
600256
000422
000001
002024
002230
600123
600535
600993
601601
000063
600963
000858
000917
000513
601318
000568
600900
000762
601919
000001
600280
600197
002038
600325
600289
002001
600694
000983
600036
601318
600000
601166
601601
000001
601169
000937
000598
600100
300002
000983
600707
600383
000527
600590
000404
300055
601111
000997
600019
600383
600694
600036
000937
002344
600048
000792
601601
000898
600690
000061
000983
000001
600031
000060
600035
600000
601166
000933
600489
002152
000581
601607
600166
600068
600079
600522
000937
600970
002269
600271
002202
002148
600456
000786
600036
600195
600879
002230
601988
600104
000858
600050
601328
600016
600028
601111
000063
601991
002024
000001
601857
601939
600015
601318
600900
601666
000800
600795
601318
600028
600348
000878
600036
601169
000060
002142
601601
601111
600267
600489
601166
600739
601666
000983
600030
600000
000630
000651
600489
000960
300027
600425
000566
000877
002315
600118
600547
600161
600329
000963
300059
600100
600765
000762
600778
600893
600062
600511
002322
000060
600362
600570
002236
600990
300048
600622
600557
600879
600850
600256
600316
000878
002155
600331
601766
600475
600038
600000
600252
600309
000811
600779
000877
000829
002123
000951
600000
600583
600202
002038
600785
600590
000983
002152
000715
002154
000858
601111
002202
002007
601111
000338
600395
600221
002415
002309
600122
600016
600054
300070
600050
002003
600348
002089
600036
000522
000001
002123
600423
000063
600202
600500
600036
600518
601699
601166
000537
000926
600581
601788
601006
600426
600362
000527
000069
000400
600055
600655
000655
002152
000651
600880
002073
600202
600309
600216
601111
600600
600875
600048
600036
002269
000423
601318
600298
002202
000028
600195
600016
600048
600028
000024
000031
000002
600675
000898
600383
600598
600019
600871
600665
601857
600016
000729
601166
000839
601318
600036
000718
000024
000983
600000
000933
600704
600326
000001
600535
002106
600383
600354
600583
600519
600079
000422
600458
000423
600360
600016
600085
000683
000157
601166
600295
601318
000937
000825
000898
600739
000012
600351
600557
600594
600978
600016
600585
600348
600664
600089
600879
600649
000800
600694
000338
002266
002024
000422
600519
600875
600309
002022
000759
600031
002154
600690
000537
601166
600666
002202
600036
600000
600546
600050
000061
002179
000983
600666
000400
600650
000009
600153
000650
000878
000428
001696
600549
601601
600009
600309
000001
600111
600425
600118
600036
600518
002422
600406
000538
002106
600256
600000
600458
000423
600125
600581
000848
600329
002092
600267
002304
600298
600557
600303
600778
600750
002353
600085
002123
000650
600844
600887
000823
000811
000829
000877
600075
600048
600166
601166
600580
601003
000401
600498
002146
000063
000826
600739
600009
600115
600166
600631
600664
600655
600657
600838
600326
600805
000338
600628
600736
600835
600832
600824
600834
600676
600089
600312
600036
600123
000060
600529
000400
601169
600893
000059
600016
600309
600066
600153
600823
600362
600495
600322
600096
600517
600184
002007
600050
600000
002326
002004
600036
000602
000826
002183
002251
002315
600303
002255
002415
600810
000338
002252
600875
002334
002399
600016
002202
600525
000983
601866
600015
600569
601919
600439
600528
600020
600428
000537
000898
600017
000926
600048
000778
000718
601169
600519
002024
601166
600036
000001
000063
600348
000933
600048
000792
600383
600123
000069
600000
601318
000939
601601
601169
600015
600831
600036
600000
600879
601169
000537
600312
000887
600030
600553
000858
600887
600546
600352
600511
000625
600391
601006
002384
600038
000568
600505
600348
600489
601106
600069
601328
000559
600028
600737
600487
600019
000009
600582
000927
000917
000973
000425
000665
000061
600694
601166
000983
601318
000527
600050
600118
002008
601607
600498
600655
601001
600075
600713
600879
600015
600000
000024
000063
002153
600085
600970
600000
600150
600519
600596
601166
000338
000001
600822
600827
000623
600415
600166
600875
600694
600585
600058
601328
000933
000937
601166
601989
600028
600351
600363
600804
600500
000898
601788
000776
601398
600085
600312
000623
000528
600059
600580
000001
600739
600223
601111
600535
600000
600383
002007
600887
601766
600690
000423
601699
600309
000063
000978
600379
000422
000826
002033
002008
600416
601688
000401
601088
600036
600276
600312
002304
601766
601299
000895
600519
600600
601318
600900
000898
000538
600511
000858
000418
601186
002092
600519
000063
600887
600879
601006
600030
000069
600028
000039
600096
601111
601668
000858
600015
601601
601989
600048
000792
600816
600649
000729
000651
000063
000800
600256
600100
000400
600546
601111
600406
600029
300070
000895
600078
600000
000021
600221
000061
600079
002022
601318
600036
600048
600267
600859
600879
600812
601001
600587
000858
601899
000063
600517
600830
600664
002261
600600
300026
000002
601111
601788
600270
002088
601939
601857
600251
600030
600383
002153
002024
601006
600780
002353
000998
000903
600016
600583
000338
002424
600581
601668
600529
002430
002269
600432
600031
600723
000527
600479
600655
600035
600739
002241
300015
601989
600386
600029
600585
600068
002157
002080
000514
600350
600570
000650
002293
600354
600960
601601
600509
000059
600132
600967
002351
600058
600228
600280
601169
601166
002303
601398
600693
601009
600036
601607
600859
000937
000024
000568
002142
601919
600597
000069
000960
600017
000898
600557
601318
000983
000016
002327
600694
000933
600125
600271
600029
600050
000100
600028
002194
601166
601939
600141
000401
600580
000800
601808
601666
000002
601318
600348
600026
600050
600028
600325
000860
000948
600487
600271
600573
601318
000858
600035
002073
000422
000651
600031
000729
600000
600123
000001
300002
600196
000338
600557
600718
000778
600100
601328
600216
000960
000878
600348
601857
002028
000625
600309
000528
600583
600858
000060
002024
600067
600383
600590
600123
600036
002267
600019
002328
600550
601919
600015
600161
601628
000869
002129
600029
600598
601088
000917
000568
600111
600694
000061
600900
600859
600858
601600
601601
601169
601989
600519
600804
600832
000002
000063
000422
002024
002073
000527
600037
600831
000829
002142
601166
600707
000917
601169
000568
601601
002005
600031
600195
601001
600000
002024
600739
600499
000826
601601
600068
000652
601318
600655
000933
601788
000651
600216
000878
002273
600500
600519
600388
000001
600415
600395
600660
600761
600271
600582
000930
600496
601989
000983
000060
600308
600269
601998
000858
601166
600098
002431
600592
600888
600089
000063
600000
002344
002318
300030
300044
600036
000987
600963
002328
002164
600546
600582
000939
000839
000063
601788
601169
000001
600037
600030
601328
600202
000960
601600
600195
000963
600600
600694
002249
600713
000895
000061
601111
600410
601398
600000
600298
600030
000001
600028
600339
600016
000425
601318
002050
600406
000651
601328
002154
002299
000895
000917
000729
600549
600467
600983
600123
000060
000933
000983
600348
000829
000527
600271
601166
000917
600030
601001
600518
600016
600595
600660
600188
000926
002422
601666
600100
600588
600178
000581
000937
000612
002024
601699
600037
600410
601398
601989
600196
600837
600887
000725
601169
000983
600887
601601
601318
002304
600036
600016
000063
600256
600037
600031
002121
000937
002241
600481
000338
000527
600050
002202
601607
002155
601958
002157
600273
600993
600487
600805
601111
600881
600352
601168
000876
002042
600029
601166
600509
600622
000616
600650
600028
600519
002422
600208
002336
002293
601328
601166
002215
600068
600795
601299
600141
601318
000422
000001
002029
600664
002202
600628
601318
600000
600036
000001
601106
600050
600596
600694
000063
600376
000060
002159
600690
000858
600035
600588
000729
000061
600085
600361
601601
601166
600460
600037
600125
600489
002344
000581
601111
600267
002153
600790
601166
601318
600060
600030
600489
600348
300002
600498
002238
000800
000829
000651
002202
000612
600202
600690
000988
000933
600104
000016
600037
000021
600547
002073
002106
600519
000968
600521
000718
000630
601318
600068
000012
000952
600000
002326
601179
002358
601601
000069
600028
600804
002376
000655
000933
600016
600664
600704
600583
000839
600585
000401
000651
601166
600036
000338
000951
600031
002115
600375
600517
000028
000786
600518
601328
600227
000625
601169
601989
600037
601169
000400
600183
000559
600588
601299
000024
000402
600198
601788
600050
600085
000823
600537
000541
600518
600111
601318
600267
600266
600312
601166
600887
600518
000602
601111
600880
000001
600828
600373
600804
000917
000937
600028
600351
601857
600497
000848
600276
601989
600900
600029
600510
600261
000982
601318
601939
600582
600085
002142
601607
600594
600879
000401
600067
600557
600500
601888
600738
600138
600511
000759
000973
000157
600597
600631
600054
600223
600104
000528
000541
000548
600019
600900
600519
600518
600037
000400
600481
601111
600537
600545
000055
600000
002228
600487
600326
600266
000960
600115
600499
600837
600507
002038
600036
600963
000823
600425
600183
002261
600030
600106
002202
601939
600050
601318
601111
600029
600036
002007
600000
600535
600166
600141
600485
600750
600416
000009
000063
000422
000338
600557
601169
600036
601166
601398
601318
600519
002142
601009
000069
600395
600693
000024
600859
600597
000568
600028
601607
600102
600557
600216
600050
600000
000898
000061
002202
000937
600029
000983
000400
000960
002303
000501
000903
600309
601601
000608
601106
000933
002028
600031
002008
600017
000651
000858
601006
600697
000063
601601
600585
600016
601398
600519
600271
000983
600123
002152
600546
002202
002200
600970
600825
601166
600263
600330
600770
002028
601111
600276
600880
600580
600050
000060
601398
600481
000951
600584
000063
600575
600875
601328
600655
600439
600519
000428
600581
002031
600000
600100
000527
600809
000895
601601
000917
600348
600271
000016
601166
000792
601106
601318
000839
000009
600068
000727
600570
601169
002104
600198
000933
600252
002065
002241
002091
002056
002194
002153
600809
000069
000417
000961
002080
002344
002376
002358
000623
000655
002081
600000
600418
002018
601318
002187
600036
600000
000021
300002
600600
600123
600030
600785
601628
000059
002304
000983
600900
000651
601601
600535
601166
600887
601166
600157
002092
000937
000024
600219
000422
000639
600600
000858
002099
000951
600141
000778
002050
600036
600281
600765
601318
000800
600879
601601
000983
600997
600036
600519
002142
600837
600081
000951
600348
000401
600050
600707
600176
002092
600584
000612
002249
600038
600050
601166
600015
601169
600900
002293
601699
000877
600690
002202
600425
601919
600303
002129
601999
600551
600019
002327
600029
601318
601318
600036
600900
600050
601166
601169
600000
601939
601328
600015
600739
000776
601857
601009
600016
601699
600028
601186
600489
000001
600547
601788
601601
600581
600999
601299
601766
000063
600030
601688
002215
600487
002004
600859
601607
300054
600329
002301
600993
002121
600352
002380
002294
601169
600273
600742
002376
002254
601166
300055
600481
002042
002106
600100
600406
300048
600036
002322
600038
601688
600594
601009
600388
600252
002157
000501
600703
600029
002296
002303
000400
300070
600115
600068
600588
002024
002437
002155
600557
002385
600000
601958
000963
601601
600535
600198
000973
000527
600060
000858
600143
000715
601111
600395
600805
600787
002318
000581
601766
002017
600016
600323
000909
000718
002038
600256
002256
002281
000639
002068
600986
600511
600649
600312
600380
600122
600754
000024
600622
601006
600816
002048
601166
600000
000983
000001
600068
000636
002422
002375
601101
600383
000792
600036
600062
600804
000402
002038
600089
002001
600218
600865
601318
601601
600016
600048
600036
000858
600875
000983
002022
600519
600089
600161
000002
600887
601628
600607
601166
000063
600790
000063
000568
000024
601166
000651
600048
000401
002022
600348
600887
600511
600660
600037
601989
000759
600161
600383
000581
601888
000983
600068
600303
600518
601999
600893
002056
600963
600348
600582
600037
000422
000869
000401
002221
000551
600900
600202
000568
600312
600592
000060
000878
601166
601958
600547
600519
000528
600331
601666
000039
600690
600418
601688
600583
000527
600739
600125
600067
600600
601328
601318
600089
002399
000729
600383
600066
000581
600900
600600
002202
601601
002007
600888
600596
600115
600664
000528
600522
000839
601166
601166
600123
000933
000983
000829
600348
000060
000527
000917
600271
600030
601001
600518
600016
600595
000926
600188
600660
002422
601666
600100
002024
600178
600588
000581
601699
600037
000651
601398
000937
600410
600880
600196
600887
601989
600185
600535
000823
000550
600837
000725
601166
601169
600015
601318
000880
000729
000858
601601
000002
600050
600289
601111
600594
000063
600031
000069
000568
601628
600059
600976
000069
600036
601166
601939
601318
601601
601169
002024
601628
000063
600900
000402
600739
000983
600519
600547
600048
000937
000858
000024
000527
000800
600050
601179
600997
600000
600100
600111
600739
000568
000762
000423
600690
002223
002241
601166
601601
000623
600703
002032
600750
000536
000538
300015
600588
000661
601999
600183
000547
600518
600511
600581
600312
002262
600053
600315
600055
002250
000596
600489
002252
000559
002375
600600
600522
000728
002106
600050
000063
002214
600580
002148
600111
600380
002155
600079
002022
000652
600298
600489
600583
000568
600031
600529
000063
600588
601106
601299
600362
600735
601111
600456
600839
600694
600438
600037
000422
000612
000911
600737
000901
000878
600619
600835
000860
600339
000032
000528
000796
002052
600966
000812
601318
600036
002023
600823
600765
601939
000683
002073
000651
000157
000800
002024
600850
600362
002096
600031
000930
601601
000887
000893
000858
000002
601318
601628
600547
000937
600029
600216
000718
601166
601398
000024
601666
600858
601601
000531
000060
000528
600048
600585
600580
600537
002154
600036
600054
000823
002038
002008
600884
600303
000963
600900
002236
600252
600703
300049
600825
002148
600195
600875
000983
601106
300055
600079
002326
000930
600028
002104
600557
600859
002214
600518
600366
000423
300048
002353
002041
002066
600305
601699
002117
601318
000063
000401
000400
002277
002165
300003
600600
000651
601888
600015
000061
600529
002193
002328
000024
000858
600037
002250
000988
000718
000596
300058
000729
600418
000778
002025
000060
601166
600325
600585
601006
600865
600216
601688
000930
601318
600739
600000
600266
600377
600418
600033
600125
000800
600016
600631
000066
600330
600655
600827
002152
600879
600571
600028
600805
600284
600009
600115
002017
600166
000926
600718
600824
000419
000651
600496
600628
000032
600326
000755
600664
000024
600900
600875
600812
600030
000718
600368
600739
600874
600410
000544
000069
002194
600749
600259
000752
000858
600770
600272
002310
000527
600396
601318
600036
002202
600519
000001
000712
600900
601318
601006
600030
000623
000776
601601
000602
601088
002242
601169
600036
600837
000413
000550
601628
601318
600068
601398
600690
600036
601988
601169
601666
600161
600066
600585
600362
601328
600048
600195
000759
600575
600895
600428
000783
000001
000726
000887
600068
600750
000877
600572
600273
000823
000400
000999
600059
600704
600537
600558
000568
000762
002385
600575
600828
601318
600036
601939
600016
600439
600765
000983
600456
600037
600015
600581
300002
600087
600067
000060
600804
000001
601166
600000
600050
600519
002008
600183
300048
600202
002303
600253
600963
002336
600690
000962
000963
600325
600735
600565
600068
002020
002038
600815
600309
600485
600507
600031
600754
600085
000402
002153
600535
600704
000718
600028
600257
600803
000501
002097
002200
600517
002114
600062
600239
600096
600383
002152
000921
600312
600395
600693
600580
000961
000024
000656
600991
601607
000829
600570
000698
000728
002036
600331
600879
600432
601318
600036
000930
600830
002269
601628
002430
600312
000783
600499
000055
600570
002185
002008
600460
000728
600511
002241
000762
600812
600509
600600
600050
600289
002156
600859
600638
601668
002202
600517
600361
601788
600967
000983
600529
000858
001696
000069
300026
000002
601006
600879
002024
600168
600256
000420
600585
000759
600587
600048
600016
601939
601899
600739
000063
002065
000998
600251
002139
002088
000651
601989
002262
600037
600736
000423
000598
601318
601601
000538
600111
000536
002114
600877
600239
600750
000547
000718
600267
000625
600256
000540
600166
000951
600550
600586
002236
600406
600809
600673
000559
600223
600489
000514
002254
601001
002262
000024
600481
002315
601999
002123
002353
600256
600737
601668
000998
600900
600523
600118
000629
000713
600316
600804
600089
600312
600075
600339
600354
000893
600778
600197
600545
600169
000635
600352
600426
600486
600779
000726
600280
000708
600897
600062
600115
000423
600600
000338
600859
600887
000550
600660
601628
600036
000951
601006
000418
601601
600366
600100
600216
601607
601939
600016
000612
000933
600812
601899
002167
601328
000988
000541
600157
600576
600338
600208
002249
600348
000338
600036
000612
600489
000988
601899
000501
000825
002089
000060
000401
600690
600805
600202
002073
600704
000717
002313
600584
601009
000937
000969
000823
002344
600547
002106
002340
601166
600395
002054
002104
000762
600704
002140
600628
000521
002024
600029
600839
