3141
600036
600694
000568
000031
600010
600196
000869
000807
000002
000970
000402
600316
600786
600489
600331
600037
600675
600583
600161
600497
600036
600900
600028
000002
600694
000031
600675
000060
600489
600316
600859
000807
600361
000157
000900
000960
600360
600420
600348
000069
600594
600533
000978
600963
600764
600547
600628
600296
600330
600320
000917
600741
600460
600550
600832
600630
000402
600519
600973
600016
600316
000768
000623
600036
000983
000488
000069
000657
000709
000060
600016
600104
600030
600655
000039
600879
600459
000410
600739
000061
600028
000858
000002
600887
600491
600050
600694
600030
000898
600177
600331
600036
600597
600688
600832
600631
600348
000039
600598
600596
600296
600009
600547
000807
600660
002028
600519
600036
002024
600563
000792
600320
002025
600271
600331
600030
600585
600583
600028
600415
000060
000069
600123
600406
600016
600879
000927
000538
600009
600875
600456
000619
600000
600694
600308
000983
600331
600036
600361
002024
600549
000060
600089
000839
000039
600150
000069
000858
600030
600028
600315
600269
600887
000970
600016
600296
600761
002029
600739
000729
600475
600104
000402
000837
000061
600835
000157
000759
000629
000792
600686
600031
600037
600879
600036
000002
600016
600694
000651
600030
600660
000869
600183
000024
000970
600761
600859
000623
600887
600519
000039
000063
000895
000550
600036
600549
600320
000651
000825
000807
600418
600879
000729
600497
600761
000528
600887
000006
600151
000619
600686
000402
000792
600525
000063
600316
600475
600028
600260
600863
000938
000039
600118
000839
000983
000762
000958
600660
600900
600416
600037
000972
600795
600397
000088
600202
000898
600269
600436
000063
600036
000069
600028
600050
000060
600361
600879
600970
600037
600809
600519
600030
600761
600320
000402
600309
000002
600859
600019
600887
000792
600220
600415
600675
000852
000898
600009
600406
600755
600125
600549
600000
600016
000970
600616
600583
600688
600031
000538
600271
600312
600660
600151
600694
000069
600050
000839
600426
000002
600271
600037
600000
000898
000937
000910
000060
600177
600675
000629
600811
600348
600859
600406
600125
600030
600036
600028
600151
000060
002024
600688
000002
000792
600331
600456
600005
600888
000063
600739
600694
000024
600550
600316
600879
600150
000039
600361
600028
600472
000002
000898
600432
600362
000608
600261
600320
600887
600001
600296
600205
000956
600361
000858
000069
600582
000783
600325
600036
600320
600000
600362
000002
600028
600015
000983
600317
600183
600348
600489
600583
600887
600832
600879
600118
600296
600761
000069
600519
002039
600809
000878
000538
600472
000630
600016
600415
000869
600717
002024
000759
000895
600205
000625
600331
000792
600332
000063
600584
600642
000629
600018
600718
600008
600123
000522
600089
600900
600009
600456
600054
600875
600871
600150
000060
600271
000024
600276
002029
600549
600439
600036
000629
000069
600361
600016
000623
000858
000063
600348
000039
600855
000878
600739
000024
600900
600029
000402
000876
600037
600383
600050
600361
000538
600489
600205
000063
000625
000002
600028
600456
600322
600331
600694
000061
600104
600688
600006
600036
600415
600005
600028
600036
600031
600009
000898
600030
000063
000630
600066
000707
000717
000423
600547
600104
600685
600761
600588
600888
000651
000002
600256
600348
000983
600895
600835
000733
600519
600050
600489
600628
002027
002024
600176
600348
600028
000063
600050
600887
600132
000983
600036
600009
600019
600270
600863
600016
000157
600078
000852
600075
600675
600033
600867
000088
600535
600205
600547
600795
002025
000581
600000
600688
000625
600036
600416
600150
000039
600050
000002
600458
600631
000930
000410
600019
002046
600616
000852
600528
600037
600249
000729
600125
000100
000002
600547
002024
600030
000858
600316
600036
600582
600320
600694
000792
600456
600415
600309
000970
600406
600028
600550
000833
600050
600887
600764
600832
000568
600361
600331
000157
600895
600315
000063
600132
000402
600205
600031
600879
600616
000069
000538
600489
600628
600028
600050
600406
600031
600383
600879
000423
600036
600547
600415
000002
000733
000951
600616
600533
600895
000978
600460
600764
600795
000983
600036
000002
600028
000061
600000
600016
600600
000069
000933
000617
600001
600426
600009
000768
600276
600811
600660
000825
600588
002028
000933
000063
000625
600036
000680
002025
000157
600348
600123
600050
000825
000927
000858
600973
000792
600216
002049
600009
600309
000410
002041
600028
002023
600479
600372
600030
600875
002021
000783
000898
600900
600710
600302
600050
600019
600029
000629
000488
000625
000917
600010
600900
600322
600267
000539
000616
600591
601988
600406
000089
600005
600598
600018
600036
600859
600900
000063
000069
600028
600183
600386
000858
600018
000758
000729
600000
000727
600723
600884
000012
000878
600282
600590
600151
600118
600859
000400
600036
000031
600694
600271
600583
000729
000758
000858
000060
000069
600739
000568
600316
600386
600361
000911
600036
000729
000858
000423
600660
600016
600879
600585
000039
600688
600739
600320
600717
600361
600028
000002
600331
000060
600006
600362
000157
000878
600519
000825
600018
600855
600150
600418
600036
000002
600289
000858
600028
600018
600016
600000
000758
000878
000063
000839
600033
600859
600900
000581
600350
600717
600436
000069
600748
600036
000786
000400
600296
600439
000630
002045
600307
000819
000997
000423
600033
600149
600066
000917
600016
000833
600697
600755
000039
000069
000858
600320
600028
000063
600519
000960
600309
600331
000792
000002
600583
600383
600084
000768
000623
000930
600000
002024
000878
600016
000612
600717
600298
600331
000069
600900
000858
600009
000895
600312
000978
600019
600628
600460
600036
600028
000088
600015
600320
000063
600075
600790
600631
600029
600350
600260
000157
600011
600895
600219
600832
600196
600418
000729
600036
000002
000061
000039
002024
600037
600030
600009
600535
000839
600361
600028
600177
600880
600739
000758
600050
600331
600036
600030
600089
000839
000983
000002
000970
000157
000039
600309
600205
002024
000917
600549
000063
000061
000069
600361
600289
002008
600089
000039
000002
000970
600549
600036
600423
000869
000837
600863
600030
000839
600161
600795
000157
600138
600325
600037
600289
000069
600036
000002
000970
600161
000063
600879
600037
600028
000837
600183
600000
600016
000625
000069
000792
600636
000402
600009
600276
600348
600036
600028
000060
000651
000069
000063
600331
600320
600456
600183
600761
600016
000997
002037
600172
600879
600211
000528
000792
600309
600271
600031
000060
000039
600825
600000
000024
000682
600438
000792
600592
600361
600019
600050
000951
600386
600033
600018
600764
600406
600302
600036
000002
000063
600050
600009
600037
600183
600519
600550
000898
002024
600331
600887
000039
600016
600309
000858
600028
600030
600717
600316
000970
600832
000709
600019
000825
600001
600269
000768
600151
000900
600582
000060
000997
600362
002025
600489
600415
000061
000895
000878
000088
000630
600831
600879
000792
600880
600970
600010
600472
601988
000839
600332
000538
000869
600102
000927
600360
600036
600900
000568
600028
600787
600880
000063
002024
000793
600718
000825
000024
000002
600642
002008
600963
000997
600219
600616
000970
600761
600177
600089
600677
000767
600050
600688
000039
600015
600855
600010
600363
000758
600694
600268
000768
600299
600584
600118
600594
000617
600572
000061
600879
600343
002022
600360
600423
002007
002028
600472
600271
000939
000917
600151
600031
600161
600196
600517
600741
002001
600583
600331
600456
600276
000060
600028
002024
600549
600497
600547
600519
600320
600348
000538
000002
000792
600525
600299
000027
600596
000063
600309
000900
600016
600009
000858
002024
600028
600694
600150
600809
000060
600016
600829
600533
600019
000792
600362
000858
600547
000402
000528
600033
000983
600879
600549
600460
000758
600320
600037
600036
600028
000069
000970
000866
000410
600415
000039
000858
600900
600406
000063
000768
600030
000623
600016
600361
600879
600028
600761
600688
000709
600019
600900
000088
600058
600420
000063
600309
600590
600099
000629
000951
600963
601988
600835
000792
002052
600050
600900
000002
000001
600036
000625
600183
600029
600009
000550
600000
000063
000039
000619
600269
600035
600584
600030
000709
600740
600028
600037
600739
000410
600268
000616
600320
000866
600583
600036
000039
600016
000768
600616
000001
600406
000402
600519
600879
600361
600016
600037
600887
600879
002024
600036
600547
600151
600316
600809
600000
000060
600331
600406
600271
600694
000895
600831
000858
000400
000568
600000
600688
600089
600028
600015
000718
600887
600205
600583
600296
000869
002024
600262
600858
600018
000895
600016
600037
000911
000619
600795
000402
000410
600320
600150
600010
600312
000069
600309
600028
000402
600549
600320
000825
000157
000002
600205
600688
600456
000898
000060
600582
600271
600694
600406
600143
000550
000538
000063
600685
600596
600037
600104
600177
000616
600312
600636
600583
000709
600362
600262
000568
600102
600686
600096
600519
600835
000761
000848
000708
000488
600467
600036
600009
002024
000069
600809
600350
600859
600887
600016
600485
000063
000088
600327
600030
600616
600467
600694
000619
000729
600795
600410
600035
000848
000826
600269
000531
600900
600519
600755
600386
600582
000402
600717
600236
000533
000858
600779
000538
000900
600028
000002
600016
002024
000839
600036
600887
600183
000858
600000
600694
000895
000069
600456
600348
600316
000060
600362
600583
600331
600036
600016
600900
000970
000969
600331
000630
600879
000002
000960
600123
600028
600000
000061
000410
600118
000012
600519
600362
000069
000792
600132
600597
002024
600829
000997
000869
002021
600472
600887
000039
000858
002038
000538
600309
000983
600320
600330
000852
000157
002046
600855
600360
000402
000823
600858
600811
600348
600009
600383
000858
600030
600058
000001
600018
600050
600010
000088
000002
000027
000623
000063
600739
600717
600008
600036
000652
000695
000039
000839
600028
600036
000825
000027
600030
000039
000002
600348
600887
600660
600004
600016
000839
600688
000858
600050
000024
600631
600519
600600
000987
600598
600007
600016
000825
000651
600835
000402
000807
600879
600811
600887
600050
600525
600143
000021
000024
600416
600282
000528
002032
600688
600761
600900
000402
000063
600879
600489
600795
600660
000630
600036
000022
600475
000768
600037
000001
000963
000423
600019
600030
600595
600183
000972
600028
000762
600035
600220
000021
000069
600331
600000
000933
600362
600547
600383
000616
000858
600330
000937
000060
002024
000709
600887
600616
600325
000002
600269
600036
600694
600497
000006
600009
600459
000568
000997
600348
600005
600016
600519
000839
600050
600030
600271
000006
000617
600183
600475
600795
000550
600550
600597
000898
600151
000910
600028
600811
600435
600900
000069
600177
600196
000617
000839
000006
000002
600050
600271
000063
600795
600475
000550
000898
000488
600089
600309
600636
600811
600028
600183
600036
000099
000758
600717
600084
600028
600415
000690
000063
000069
600547
600787
600861
600348
600795
000602
000612
600033
000061
600143
600036
600900
000619
600519
000932
600348
600028
600611
600582
600887
600642
000598
002007
600075
600426
600622
000069
600001
000301
600037
600688
000792
002024
600320
600694
600331
600685
000002
600456
000852
000063
000932
000060
000630
000617
000024
000039
600362
600879
600030
002024
600456
000792
000063
600879
000024
600694
000932
000002
600036
000630
600362
000987
002025
600320
600688
600050
600555
000767
600030
600028
600036
002024
000758
600015
600521
600787
600596
600320
600085
000039
600150
600585
600740
000898
000608
600879
600685
600583
002041
000858
600717
600550
000002
600688
600316
600900
000825
000898
600036
600050
600161
000099
000100
600875
000402
600636
600001
000501
000837
600050
000612
600855
600084
000157
000960
600616
000758
600688
000598
600196
600261
600742
600018
600786
000099
600331
600172
600096
600392
000657
000063
600449
000956
000866
000406
600002
000568
002024
000060
600787
600547
600694
600316
600151
000657
000002
000039
600331
601988
600423
000024
000858
600688
600330
600677
600299
000625
000930
600900
000157
000039
600028
000002
600009
000060
600406
600269
600036
600001
000927
600123
600276
600219
000729
600887
600631
600312
600519
000538
600296
000858
002024
000898
600879
000031
600362
000792
000528
600050
000400
000839
600033
000630
600202
000733
600895
000900
600502
600893
600296
600028
002027
600036
600037
000858
000568
600028
600900
600761
600809
002024
600616
000402
000898
000825
000060
600271
000069
600697
600963
000039
000768
600151
600350
000063
600123
600694
600787
600031
000061
000755
600717
600880
600036
600030
600900
600694
000002
000858
000898
600058
000027
000825
000069
000063
600016
600028
000001
600739
600887
000623
600547
600660
000024
600761
000039
000568
600348
000987
600009
600005
000759
600519
000550
000906
000729
000651
600858
000956
000897
000625
600415
600050
600009
600900
000917
600717
000089
600028
600787
600000
002039
000900
600030
600125
600350
600236
600104
600036
600642
600015
600330
600028
000069
600009
600036
600415
600205
600331
600787
600084
600887
600547
000690
600519
000099
600811
600872
000869
000402
000758
600572
000410
600717
600549
600000
600436
000762
600489
600085
000895
600855
600054
600535
600036
000858
600761
000951
000039
000069
600009
000002
600361
000898
000869
600123
600835
000895
600320
600195
600028
600330
000063
600350
600028
600596
600143
600811
600036
000402
600219
600256
600616
600590
600033
600062
600688
600636
600535
600177
600309
600172
000792
600858
600628
600880
000063
600000
600160
600366
600009
600308
000625
600795
600348
600037
000050
600176
600050
000898
600418
600867
600600
002014
600627
000021
000759
000568
600426
000726
600018
600271
000960
000157
000069
600688
600010
600811
000406
600050
600002
600036
600001
600423
000866
000060
000063
600468
002010
600616
000956
000858
600693
600058
600331
600588
600031
600037
600028
000063
000002
600125
600438
600016
000069
000898
600309
000825
600036
600330
600660
600415
000402
000858
000423
600028
600320
600583
600037
600016
000002
600183
600036
000069
000063
000839
000060
600362
002024
600831
600519
600809
600271
600761
600316
600879
000869
000402
000900
600309
600616
600887
600693
600582
600330
600685
600009
600312
600150
000792
000768
600331
600418
000157
002027
600594
600764
000858
600694
600660
600811
000423
000733
600270
600361
600456
000811
600276
600965
000970
000024
000895
000538
600718
000528
000488
000933
000061
000400
000831
600348
000088
002029
000616
600118
600489
000002
000024
600550
600754
600123
600000
000528
600009
600016
600036
000837
600639
000501
000099
600879
000602
600256
000997
600327
600787
600320
002024
000060
000895
600028
000839
000792
600036
600519
600887
600309
600583
000002
600331
600879
600016
000538
600688
600348
600415
000069
600456
600123
600316
600694
600675
000755
600196
600597
600616
000063
600028
600795
600088
600037
600016
600598
600831
000617
002024
600029
000858
600595
600011
600887
002046
600153
600005
600296
000839
600202
600019
600036
600009
600361
000088
000612
600001
000069
000858
600688
600000
600887
600085
600249
600031
000758
600348
600104
600016
000937
600036
600176
000630
000839
600110
600519
000001
600028
600002
600316
600677
600236
600050
000503
600026
600052
600151
000858
600563
000792
600030
600036
600028
000002
000069
000423
000792
600688
000858
600694
600887
600583
600631
000039
600205
000898
600547
600089
600643
600316
600000
000568
600456
600809
000538
600151
002024
000869
000839
002008
600500
600717
600585
600016
600651
600718
000807
600825
000024
600879
000060
000800
600616
600036
600019
600058
000825
600000
000709
600188
600282
000951
000651
002022
600426
000069
600028
000400
600588
600085
002029
600809
600639
600005
000927
600296
000625
000983
000060
000402
600585
600438
600729
600331
600521
600036
000616
600307
000581
000895
000157
600296
000039
600325
000629
600270
600755
600028
600000
000410
600019
600005
600521
600104
600519
600688
600030
000852
000970
000792
600316
002032
000039
600050
000630
600533
000538
600555
600875
600320
000617
000410
600879
600036
600416
600786
600859
600535
000807
600547
600015
600472
600320
600549
000063
600519
600331
600118
600675
000012
600900
000625
600085
600497
600361
600677
000060
600489
600161
600761
600150
000680
600183
000050
600316
600360
600022
600432
600533
600312
002027
600033
000028
600089
600438
600740
600694
600893
600456
000831
600525
600309
000629
000528
600511
600616
600597
000002
600282
600875
600050
600583
600036
600016
600033
000939
000581
600012
600535
600030
600176
600028
600717
600616
600320
600755
000963
600423
600660
600026
600028
000063
600588
600036
000839
000898
600900
000758
600418
000060
600808
002008
002024
600005
000528
600535
600887
600489
600547
000423
600016
600790
600028
600036
600585
600030
600636
000410
600015
600183
000002
600831
000157
002025
000060
600456
000063
600383
600348
600205
600887
000900
600811
600218
600500
600331
600035
600855
600547
000060
600489
600879
600296
600312
000900
000625
000858
600327
600350
000400
600033
600472
600331
600489
000002
000767
600563
000807
600161
600547
600016
000069
600855
600205
600299
002024
600000
600383
600875
600636
000625
000983
600018
600028
600879
000930
600439
600230
600028
600900
600316
000568
600879
600019
600694
600161
000970
600688
600320
600583
600005
600036
000792
000063
600859
000002
000012
000410
600030
600009
600028
000400
000069
600320
002024
000927
600000
000002
600549
000402
600519
600036
600694
600415
600563
000060
000063
600406
600331
000039
600628
600312
600963
600688
600315
600895
600636
600037
600123
000729
000069
000063
600348
600519
600037
000987
000002
600809
000568
600000
000528
000550
600636
600271
000831
600858
000960
000898
600811
600383
000400
600033
600406
000002
600028
600688
600036
000792
600694
600030
600005
600269
000063
600583
000060
600009
600033
000869
600383
002024
600050
600000
600456
000538
000024
600585
600320
000825
600151
600519
600739
600036
600196
600001
000932
600010
000027
600219
000768
600325
600016
600019
600900
600143
000488
000895
000898
600006
600690
600104
000021
600016
000063
600410
600028
600183
600299
600832
600036
600636
600037
600581
600736
002025
600383
600033
600015
000400
600489
000410
600597
000900
000002
600362
600886
600205
000089
600005
600309
000402
600030
600710
600269
600585
600067
600416
000928
600879
600089
000822
600777
002038
000619
000858
000024
600331
600631
600330
000758
600348
000686
600806
000069
000060
600694
000951
600378
600296
000910
600360
600595
000012
600456
002024
600596
000680
000569
600064
600123
600219
600795
000709
000157
600418
000612
002037
600012
600497
600888
600881
600260
600010
600887
000027
600900
600028
600036
000063
600125
600900
600030
000402
600019
600737
000410
600584
000898
600050
600060
000089
000927
600717
600123
000839
000423
600519
000970
600309
600900
000088
000858
600887
000538
600694
002024
600879
600362
002025
600005
600809
600320
600150
600761
000410
600616
000852
600582
600406
000619
600596
600270
600737
600824
000825
600786
600855
600571
600125
600900
600030
600216
000598
600122
600036
600205
600028
600900
000792
600694
600205
600583
600036
600887
002024
600309
600320
000069
600489
000402
600316
000002
600033
000060
600312
600519
600037
000538
600420
600497
600585
000839
000157
000807
000625
600361
000012
002025
600809
600009
000680
600143
600456
600331
000900
600740
600410
600472
000898
600036
000625
600001
000157
000024
600900
600418
600261
000488
600690
000039
600685
600973
000027
002032
600320
600472
000608
600978
600548
600660
000616
000729
600028
600887
600299
600432
000837
000858
600592
600325
600028
600036
002024
000002
600000
600973
600677
600016
600811
000039
600627
000917
600320
600489
000031
600197
000021
000088
000651
000568
600060
600184
000970
000858
600030
000878
600649
000069
600330
600289
600815
000829
000157
000402
600327
600162
600596
600685
600151
600583
600426
000930
600585
002041
600002
600718
600832
600472
000608
000708
600893
600519
600521
600322
600835
600775
600792
600015
600637
600616
600019
000983
600694
600639
000898
000619
600582
600740
600879
600309
600588
002001
600900
000001
600104
600660
002029
000060
000024
600150
600195
600887
600028
600036
600352
600019
000006
600795
600811
600009
600415
600408
600016
600649
000002
600886
000511
000001
000709
600309
600831
600963
600028
600009
600900
600717
600519
600887
600331
600036
600517
600820
600809
600183
600104
000002
600050
600724
000680
000898
600361
600085
600795
600261
600320
600036
000898
600028
000063
600009
600900
600019
000002
600795
600188
000423
600348
000983
600031
000069
600256
600631
600350
600123
600795
600688
000061
000898
600177
000069
000060
600036
600094
600028
000027
000002
600019
600066
600418
000402
000063
600276
600406
600694
600037
600832
600677
000623
600880
000729
600693
600831
000503
000917
600302
600371
600563
600009
600316
600088
600855
600030
600887
600491
600009
600085
600036
600900
600269
600016
600028
600418
000002
000069
600308
000900
600019
600050
600123
000402
600717
600348
000063
600795
600028
600761
600009
000568
600418
000858
600036
600000
600019
600887
000825
600183
600269
000063
600616
600900
600685
600331
600150
600066
600036
000983
600009
000933
600276
000002
600887
002021
600694
600456
600519
600761
000538
002007
600028
000825
600123
600050
600361
600309
000069
000852
600879
600036
000987
600887
600015
000002
600416
000024
600028
600479
600748
600019
000848
600325
002038
600900
000028
000402
000898
600036
000930
600887
000709
600220
600309
600005
000024
000538
600016
600028
600519
600331
600900
600009
000002
600117
000792
000629
600879
600547
000858
000568
600316
000623
000895
600019
600688
600001
000063
600030
600361
000069
600010
000911
600832
002008
600739
600963
000050
000839
600718
600258
000825
600535
600150
000917
600031
600694
600151
600585
000987
000761
600550
000617
600211
000978
600050
600362
600795
000550
000410
600054
000012
600438
002030
600439
600138
000549
002024
