10862
002635
000063
601336
000860
600559
002236
002612
000826
002310
002415
000002
300005
600030
600027
000888
600138
600521
601628
300105
000539
002656
300070
000651
002310
601318
002415
601888
002474
000858
601336
002236
000869
600809
600406
300027
000401
000651
000961
300323
000926
600585
600720
601699
000401
002065
000656
601377
000877
601166
002146
600837
601901
000680
000983
600467
600581
600585
002078
000651
600188
600062
002475
601117
600694
601588
002521
601299
002645
600016
002142
600050
002454
601668
000876
600104
601633
601166
600805
600742
601009
000715
000729
000669
600519
601336
600011
000002
600585
600383
000651
000157
600030
600837
000581
601918
600439
002024
600138
000401
002450
600060
600123
601601
000006
600030
600406
601318
000858
000157
000718
600031
600519
601179
600517
600518
002304
000671
600547
300070
600104
000895
000400
600704
601288
600021
601336
601318
601628
601333
000957
601258
600030
600694
002142
600742
601169
603366
600518
601398
601669
600837
000002
000069
600104
601318
601601
601628
600703
600519
601088
000538
600011
600881
600143
600000
002638
300102
600875
601106
000895
601166
600029
601669
000157
601318
601006
600036
600469
600500
000001
600397
000869
300198
600559
600066
600377
600309
002157
600546
002564
000024
002477
600109
600570
600256
000157
600519
000651
601166
000527
600518
000002
600199
600111
600585
601699
600887
600031
601601
600048
000848
002304
601336
002081
600104
000024
000069
000422
601628
600585
601992
600837
600383
600048
000001
002081
002429
000800
600067
600266
300115
601688
002375
600741
600031
000157
000858
000562
600109
600395
601318
600376
600383
601918
000776
000528
601336
000937
600801
600809
600742
000718
600458
000024
000686
600141
600266
600366
600702
600720
600881
600123
000651
600048
300032
600183
300005
600690
600010
600837
000568
600498
601699
600535
000527
000799
600104
002457
600351
600335
000422
600153
000789
000069
002205
600188
601992
000039
000596
002106
002277
002296
300039
600060
600547
600585
601699
600588
000002
000401
600030
601318
600267
000998
000430
000935
601336
000563
601006
000012
601088
000858
600425
000651
002603
000729
601601
600881
600016
601918
600519
000002
600325
601318
600887
600111
000858
600837
601111
300171
000157
601006
000970
600115
000778
600031
601318
600036
600030
600267
600547
600489
000063
000983
600104
601601
002396
000002
002477
600588
600837
002405
600707
000650
600518
002152
601669
600104
000069
000895
600016
000422
600315
002024
600141
002385
002157
600535
000861
600887
600019
000625
600000
600422
600489
600837
000629
600655
601669
000402
601668
600837
600785
300034
600485
601088
000157
600104
601628
002104
600597
600827
300039
300298
300159
600123
600251
600141
600585
300142
002281
000630
000937
000858
002456
300101
600582
002029
600642
601566
601601
601688
000423
600583
601699
600369
600011
600104
600875
600030
600637
601318
002024
000937
601699
600366
002241
000049
600348
000625
600312
600031
002304
002073
000024
000718
002236
600000
000001
600058
601318
601166
000893
000876
600967
000630
600729
000422
002204
601998
601169
000651
000869
002237
600694
600348
000568
600519
002304
600199
600256
601633
000858
000527
000157
601398
000024
600720
000848
600348
601918
002439
000937
601898
000650
600118
600048
601117
600395
601318
601699
601336
600048
000651
000937
600383
000568
600742
000783
000616
600373
600518
000630
600266
600741
002140
600030
601318
601628
000895
600519
000858
600298
600887
002535
300171
601898
002485
600395
600741
000630
601126
600111
600426
601808
600252
002029
601166
600585
600000
600028
000876
600729
601601
000002
601998
000069
600858
601009
002142
601169
600016
600104
002001
002588
300124
600348
601601
601888
600030
600837
600066
000024
000623
002065
300170
600048
002344
600739
002376
002430
000917
600518
000581
000069
000039
600366
000858
601601
600887
601166
601318
000651
000786
000002
600805
600742
600016
002092
002146
600199
002457
601668
600048
600469
002223
002017
601006
601668
600900
601336
600376
600582
601628
000926
601688
600795
600660
000568
000666
601669
000858
300039
000001
601939
601988
600048
600104
600011
000002
600976
600785
601398
000401
601166
600388
600366
600581
600702
600376
000651
600031
600585
000157
601088
601601
601699
300088
601336
600199
000562
601666
600742
000024
600809
600109
300032
000858
002277
600015
000401
600458
000596
600395
000422
600983
000961
600741
002146
002638
000750
002456
601166
002029
601918
002233
600223
000686
000789
000776
002106
601669
000423
000877
000799
002457
000100
600837
000002
002205
002296
300197
601318
600266
601668
600104
600720
601111
600157
000616
002244
000039
000656
000826
000718
600166
600519
600888
600601
002079
600262
002127
300046
002139
002322
002124
002395
002026
000429
002361
300066
002054
600438
600973
600975
000949
000967
601633
600031
000800
300115
300088
002638
000049
002635
002106
002422
600660
300156
000650
002293
300300
000568
002236
600348
300301
600518
601318
000002
000568
601699
600048
600030
600585
600362
600547
000422
600395
000527
600720
601628
600549
000338
600104
002230
002007
000937
600050
000069
601166
300079
600498
300070
002583
600048
600030
601318
002152
601398
000568
600718
002255
002465
600535
601117
600518
000858
600036
601299
600694
300332
000002
002457
000635
002067
300288
600050
601939
601169
601628
601006
600028
600029
601718
600517
600312
600795
000400
300187
600153
000063
600583
601857
000651
000063
002236
600050
300115
600690
002241
002063
601336
300027
600183
600498
002415
002065
600880
300002
000049
300301
002475
300232
601601
600011
002635
002049
600588
601009
601333
000926
000402
000069
000002
000800
000001
600742
601169
601398
000625
601288
601988
600887
600583
600900
000888
000729
600011
600009
002635
600027
600004
000538
002142
002353
000848
600600
600188
002244
601808
000063
601101
600048
600236
000686
601186
600886
000718
600015
600739
002056
600537
002106
002643
300077
600388
000540
600458
601318
000758
600600
002129
300222
600366
600549
002296
601009
000823
002223
600104
601166
600030
000423
000728
600805
000651
600741
601628
000568
600837
601601
601607
000002
000527
601688
600827
600585
600511
000069
601318
600837
000012
601808
601601
601006
002028
002140
600125
600383
600795
600594
600583
000063
601628
000858
002022
002001
002563
002397
601318
600016
000581
000024
600837
600030
000002
000625
600123
601901
000776
601788
000933
600383
000528
600141
002410
600111
600395
600742
600809
600518
000596
000799
002535
600535
000888
000423
600436
002293
600257
000568
000538
002327
600315
000780
600348
002482
600197
002475
601318
000895
000157
600519
600340
601166
000002
600498
002155
600085
600066
002029
600750
000937
300198
002663
000651
000729
300301
600518
601318
600519
601628
600036
600030
601888
601601
000596
002024
000858
000799
600809
601788
600079
000650
600887
000998
600893
601566
000789
600999
000401
600597
000895
300144
300070
000562
000568
600000
600056
600085
002039
601688
002106
600467
601669
600138
002422
601336
600059
000792
000601
002086
600125
000665
000063
300026
000888
002387
002033
600115
000069
600068
600312
002650
600837
601318
000651
000783
600000
000069
000157
600511
601169
601166
000858
000937
000338
600141
000063
000728
600383
600742
000800
000869
000926
002304
601601
600403
601939
601669
000937
002375
000895
600104
002025
000961
600016
002293
000718
002430
600376
600123
000671
600702
002007
000157
600031
002025
601318
000581
600900
002430
002415
002236
600967
600893
600741
600030
000024
600118
002396
601628
601006
600570
000895
600519
600104
600048
000063
600030
600549
600259
600893
600702
600887
600111
600058
000527
000616
600675
600779
600239
600418
601666
600011
000776
002296
600559
600805
600383
600741
600048
600406
601117
000568
600104
601633
000157
002146
002081
002375
000024
600031
601299
601601
601717
000063
002024
600837
600376
600066
600519
000528
000625
002415
000656
002241
002236
600016
000090
600199
300064
601169
601628
002185
600337
000858
002037
601126
300177
600887
600467
600036
002068
601898
600183
600875
000968
601901
002353
600815
002205
600030
002663
000783
000538
000666
300133
002477
000423
600054
600816
002511
600637
000728
300251
002456
002159
600030
002656
300027
002638
600337
002594
002116
601601
600176
000650
600340
000788
600519
002268
300007
002028
600104
002010
002419
002008
600015
600098
002063
600739
600108
600881
600565
002456
002068
300059
002214
600588
600016
601398
601009
600066
000858
600570
600015
002152
000063
601088
000861
600527
600859
601628
300054
002431
601601
600267
600809
601166
600519
601628
600739
600340
601336
000563
601288
601566
601601
600030
000501
601992
000666
000401
300273
600123
000968
000562
600489
000869
600060
601628
000423
600028
600315
601166
601808
002241
600016
000983
600729
600111
600011
000970
000792
300026
600031
600535
000527
600019
600050
601699
002583
600118
002179
600195
600316
000400
002281
600875
002638
600271
600123
300027
000877
300015
000002
000061
002299
600795
600348
600391
300006
600519
000639
300036
002465
600547
601989
601299
600893
600050
002069
600519
002304
002081
600276
002230
600383
000002
000858
002635
002028
600143
000651
000012
600778
600887
600697
600266
002375
600256
000002
000157
600519
601166
000651
000069
601318
000527
600887
600048
601336
002410
601601
600742
000513
600115
000848
000024
600199
601318
600970
600048
000002
601601
600519
000024
000858
601808
600015
600028
600742
600000
600383
601939
600030
601328
600016
600585
000651
600199
000157
600376
600066
000665
002422
000157
600104
600395
600048
000338
601288
000651
000858
600489
600547
601699
000069
600031
600153
000024
600016
601166
600036
600383
601601
600837
000430
002050
601318
000001
600011
601628
300005
600166
300197
000562
601111
600720
600742
300241
000039
000861
600690
601888
601788
601857
600016
002304
601717
000858
600030
601166
002385
600518
600036
600028
300251
300309
002531
002154
600056
600837
002535
600335
601313
002538
600016
600519
002429
600000
000584
600724
601588
300062
601288
000728
601001
600369
600837
600050
000799
601988
600028
600795
601628
000568
600059
600900
000157
600030
600030
002024
601318
600519
600863
002029
600153
600000
600104
000581
601628
600011
600271
601668
000528
600048
300079
601166
600177
601688
601336
002007
000651
600030
600837
600588
000858
600999
600383
601788
600019
601006
600498
000069
601866
600635
000024
000895
000998
600637
600031
000858
000550
000338
000422
000528
600585
600875
000039
300146
600881
000157
600887
600642
000401
600060
600886
300251
601933
600795
000002
601318
000527
600406
601328
600048
600000
000069
601992
600036
000402
600059
600015
000001
000063
601628
002029
601601
600600
000858
600383
600048
601318
000069
600502
600030
000983
600376
600208
600582
601699
000792
600498
002033
600594
600388
000568
600125
600050
601998
601318
600383
002038
600535
600518
601601
600750
600111
600048
600458
600060
300070
600809
600123
601628
600406
601888
600742
600702
002024
600395
000656
000961
000028
600741
600138
601918
002146
002456
002375
000568
601336
002431
000527
300228
600011
600027
600886
601857
600021
000538
600795
600859
600068
002153
601788
000690
600736
300033
600660
600396
002022
000063
002382
000423
600835
600594
600383
000651
600582
000999
002534
600535
000568
002508
600030
600066
000888
000718
000028
002470
600048
000513
600062
600999
601601
601318
000666
600123
600348
000651
000527
000726
600887
600354
601299
600325
002123
600036
000895
000900
600809
600703
600177
600015
002024
600337
000651
000625
600570
000581
601100
601601
600048
002216
600031
000887
600383
300110
000807
000024
002414
600761
300213
600479
601318
000157
600340
000937
600498
002155
600395
000729
600085
600239
002029
600750
601169
600066
300198
600366
002108
000983
002063
601699
000651
002081
601166
000002
600048
600383
002325
600518
600104
600690
601231
002415
002572
600859
600376
002293
600036
000961
002230
002236
000002
000157
600519
002024
600016
601601
600036
600585
601088
600489
601666
600376
600141
000402
600104
600030
601699
600395
600694
600031
000858
002311
002304
600519
002024
600535
000650
600079
600633
300043
600030
601888
000651
000876
601318
600016
601566
600467
002081
002099
601318
600383
600048
000024
600123
600546
002042
600104
600999
000895
601088
601699
300273
601601
601788
600582
000937
601688
600029
600547
600376
600048
600383
002167
002129
600519
000718
002146
002292
600887
600739
600674
600266
600724
600015
600109
000686
600755
000822
000989
600549
601166
600048
000926
600177
600585
600770
601699
600383
600066
000651
000581
600760
600239
601601
601100
600837
600704
600900
601918
000024
600048
600015
600395
300017
600030
000630
000568
000651
600016
600036
601699
000858
000636
600519
000157
600741
000562
600416
600157
000750
600383
600376
600104
600637
600702
600581
000961
002181
000338
600123
600809
000401
000927
600498
601888
601318
601377
300146
300113
002152
000002
002013
002241
600340
601166
600031
600197
600259
600373
600426
601009
002405
601669
600643
600021
000568
002638
000562
600594
002663
002106
601607
000007
600366
600369
600545
002131
601928
002368
600120
600588
000651
000858
600549
600742
000157
000895
600383
002304
600519
000069
000963
600030
600060
600066
600104
600887
002007
600741
600199
000800
600809
000527
600549
002155
000960
600585
600030
600031
000528
600395
000527
600036
600837
600048
600111
600720
000776
600348
600271
000630
000538
601336
600383
601318
600036
601166
000895
002477
601601
000423
002024
601398
600030
600547
600104
600031
002106
000527
600585
600362
000650
600970
600489
000002
600048
000039
002133
002481
600837
601117
002129
600109
600549
000063
000423
000729
600259
000731
601168
601336
601088
000800
000401
600616
601601
000592
600805
002671
000858
300027
600489
002182
600104
600875
600266
000826
000997
601669
600050
000157
600066
600585
600809
601318
600115
000926
000063
000629
600125
601699
600271
000983
601088
000423
002024
000425
600009
601718
000012
002482
002375
300124
300004
000002
000417
002422
600859
600827
000858
000422
600801
000963
002140
601628
601699
600208
600348
000800
000983
601636
002385
600372
000927
002431
002051
601668
300311
601166
000666
000001
601688
601888
601318
002123
600376
000568
600585
601992
000400
600582
000919
600048
000401
601299
600600
600406
601318
600999
600519
601788
000061
600369
002551
600428
600031
601933
000690
000552
000776
002024
000973
000538
600978
600028
601398
600153
601766
601117
000568
601299
600030
600050
000783
000338
600999
601318
600068
000157
600031
600815
600176
000538
000012
000423
601636
000858
600031
000527
601633
600048
600199
000568
600518
000651
000970
601088
600519
000538
600887
600547
002304
300133
601808
000423
600060
000157
600348
601800
000024
000858
600999
000568
600108
600010
600029
601318
601688
000792
601901
600176
600216
601601
000961
600115
601872
601601
600015
600397
000860
600710
601798
600978
000546
600362
600497
000609
600489
600369
000413
600036
000786
600596
600585
000060
600630
002004
600406
600376
601318
601688
000858
600585
002415
600030
601628
002146
600123
600362
600519
000401
600256
600383
002236
000680
000651
601336
601601
600276
000002
000895
600104
601088
600690
600015
000024
000937
601169
002140
000540
000527
000157
601009
000656
601766
600887
000069
600395
300005
002304
600223
600859
600048
600340
300146
601933
000568
000861
600030
000423
002603
600518
000989
000538
002223
002594
002069
002294
002304
600036
601166
600809
601601
000596
601336
601318
002251
600837
601688
002262
600315
300005
600199
002007
002657
600887
600763
002482
002293
000799
601328
601628
600535
000540
000686
002557
002646
600519
600276
600436
601100
000869
601998
600019
600048
002024
000069
300253
600511
601601
601318
600582
601328
002063
300182
600266
601628
600587
000002
002312
600572
601669
002293
600999
600077
000858
600261
002638
002415
002050
002029
600030
600837
601318
000895
002024
600585
601601
000858
600050
000937
000157
000422
000630
601699
000338
600276
000998
600066
000527
600837
601117
600518
002457
600585
600348
002007
000157
600031
601318
601808
000776
600502
600720
300070
000528
000983
000538
000780
600376
000683
600015
600267
600111
600259
601555
600268
002594
000970
600256
601318
000063
601101
601788
600058
002005
600143
002480
002129
600125
600458
300086
000789
600060
601318
601808
600048
002028
002153
600694
000625
000651
600858
601699
000933
600893
600549
002583
000581
601866
300300
002185
600521
000501
600778
000024
600481
600395
002024
601601
000750
600208
600031
600547
600315
600276
600406
002230
600348
600104
601238
300070
600694
600900
600422
600535
000625
600252
600027
002146
002140
600697
601166
600011
000069
601800
000888
000417
000539
300086
600858
600085
600585
000157
000789
600066
601088
600031
000527
000630
002146
600048
002482
002024
600970
600362
000528
600138
600315
600750
000625
000895
000937
000651
600597
000401
000858
002327
300070
002250
000616
000400
000060
000786
000049
002081
000550
600309
000063
002662
002123
000656
000002
002445
000002
000979
600036
600827
600987
600298
600079
600557
601318
600594
000963
601939
000423
000026
002345
002157
600697
002033
600143
600694
600036
600000
600104
600403
000961
600048
600594
601939
000671
600011
000069
601601
002081
600519
600329
000656
000888
000895
300228
601318
600518
000596
000651
000858
601601
000002
300253
000568
600535
000636
601699
000069
600587
002662
600276
300058
002415
601006
600011
002017
600239
600750
002144
600257
600519
601009
600027
600570
601336
600030
600675
002152
600694
600036
002400
000538
600583
600893
002385
000895
600261
002156
002073
601717
601899
600028
601088
600395
600188
600123
000762
600549
601857
601666
600547
000878
600111
600362
600489
601600
601898
600331
600546
002155
002594
600837
601788
600048
600383
600549
600643
600487
600887
600079
000937
600765
000860
000783
600223
002179
600176
000568
000630
000423
600372
000895
000680
000926
600585
000026
002167
002089
000550
002268
000039
000878
000573
600058
600141
000401
601991
600143
000100
000729
601628
601998
000401
601318
601766
600183
000728
600196
000680
000069
600221
600827
600703
601918
002092
600498
600115
000690
002001
600000
000425
000539
600837
601601
000895
000338
601318
600325
600031
600585
601668
000728
000877
000783
600880
600496
000933
002069
601628
000616
600887
601006
002415
601318
600837
600030
000157
600256
000024
601601
600518
000069
601688
600690
000895
600741
002024
600999
600585
600048
002482
000002
600837
601318
601808
601601
002140
002397
600594
000858
002028
600011
600125
601006
601628
000895
002266
600054
600276
601636
600383
000422
002310
600406
300070
002415
300115
002081
000568
600518
300256
002635
300207
000858
002475
002456
600888
600016
300159
601231
600702
300241
600030
600383
000002
600048
000402
600104
600549
600362
600260
601318
600036
601688
000630
000728
000157
600406
600015
000858
000024
000100
600690
600016
600887
601717
600703
002024
600815
600015
600016
600458
000527
002304
002167
600581
601166
000799
000024
601699
600395
600060
600837
600519
000926
000401
000776
002460
002573
600426
600153
601808
600489
002081
002450
600809
600309
300257
601766
300146
600101
002037
002456
601888
600223
600067
600104
600547
601169
601311
600612
000961
000656
601009
601798
600060
601808
601318
002583
002028
000024
000933
600549
600031
600893
600395
600694
601699
300300
600208
600858
600000
600315
600406
002024
600521
601601
601866
600778
601166
600048
601238
002185
000063
002153
000581
600166
002387
600720
000568
600887
600519
002375
002310
002503
600376
002146
002325
600702
600067
600742
002157
002474
601166
000961
300291
000650
300267
000550
000823
000616
600397
002140
600199
600366
002344
000970
000651
002205
002658
000596
002429
600531
601699
000540
002400
002673
002099
300020
600594
002094
002195
603001
600633
600816
000551
600266
300130
300156
002041
601311
002457
601808
002369
000858
000608
600976
601555
601318
002155
600197
600395
000566
000937
002029
600420
000562
600805
000951
000811
300058
601318
600015
601699
300070
600549
600383
002241
000063
000001
000024
600029
601601
601166
002029
600739
600111
002167
600085
600585
600369
000069
600267
601918
600521
601318
600030
600837
000800
000718
600276
000983
600816
601898
000858
000927
600739
600519
600778
300070
601699
000002
000069
601318
600519
601333
601601
600887
000527
000513
002304
600115
601006
000651
600199
600742
600048
000528
002063
600559
000999
600256
600111
600259
300005
601688
000568
002024
000858
601788
600837
002005
601669
000783
000937
000517
600116
600292
000716
002456
000063
601628
000931
300064
600887
002594
000527
600585
000157
601377
002482
600066
600999
600519
002051
002535
601628
000002
000401
600050
000651
601992
002375
002065
600048
601668
000049
601566
600406
600104
600383
002024
600223
601601
000596
600702
601318
300070
601166
601601
000800
600199
600030
000961
000002
600383
000537
600157
600837
000568
600048
601918
000001
600066
000970
601318
600031
600111
600887
002230
601601
601166
000776
000024
600048
600837
600498
600395
000651
000423
300146
002285
601336
000527
600809
000568
600104
300104
600157
002081
000799
600036
000002
601699
000338
002024
000528
600694
600016
600519
600015
000157
000069
300101
002055
002477
600585
002292
000581
300079
000538
600518
000012
300005
600059
000650
600702
600720
000826
000983
002037
000858
002325
002157
002306
000562
002106
600801
600489
002073
600587
002304
600066
600582
600141
002233
002594
600859
000789
600028
601169
002024
300226
002353
600085
600000
601169
600739
601998
600787
300228
600346
600111
002601
000157
600805
300087
002298
600570
300026
300071
600030
601318
002024
600519
600863
600645
002029
600036
600104
600000
601628
000581
600011
600271
600048
300079
000525
603366
601668
000002
601318
600030
600837
600383
601688
600519
601601
002304
600549
000960
000776
000002
600694
600058
600518
000630
600197
002142
600239
600109
600048
000616
600585
600066
600173
002024
000568
600616
600199
600123
000728
600015
002155
600111
600031
000858
002444
002073
000799
000157
600724
601808
002157
600546
601628
600160
000024
002296
600406
600636
002422
300058
600362
000069
600583
601718
600376
600467
002068
600881
601100
002564
000937
601699
000001
000968
002099
000426
000528
600395
600582
000635
600418
000983
000869
002310
000961
002327
002251
600999
002285
000728
600056
600239
600292
600298
000885
000776
600809
000858
002557
600266
600527
000878
600489
600543
600030
601929
600048
600238
000024
000522
600340
600104
601633
600583
600858
002039
601601
601808
000590
002191
600079
002594
000563
600030
002007
600104
600256
002241
600048
600011
600805
601006
002024
600660
601117
600522
601088
600778
600000
600079
600036
600298
000826
600010
600518
600395
600111
000786
601699
000937
000338
600741
601318
600801
601958
000926
601992
000970
600582
002325
600528
002081
600208
002024
600104
002007
000527
600970
600511
000338
601808
603001
000001
000651
600583
600690
600196
000581
601009
600011
601718
600079
600887
002241
000596
601566
000799
600809
002327
002358
600060
002236
600422
300005
002475
002353
002415
002055
300171
300043
601299
600000
601166
601717
600016
601668
600742
000876
002521
600694
002142
002645
002454
601766
601588
002048
600805
002570
000513
002073
600837
601318
600016
600048
601601
600376
000049
600030
600801
600373
600015
601788
601901
600585
000895
601688
600088
600067
601727
000858
600383
000776
600000
601669
600208
002456
000002
002205
600750
601336
600128
600720
300070
002244
600425
600586
601166
600496
002340
600085
600636
000012
601928
000735
002466
000059
600606
601800
600239
600260
600015
600675
600312
002428
002024
000061
600143
600088
601166
600961
601699
000960
000837
000338
002460
601601
000797
002438
600119
601318
000667
000937
002155
600716
600016
002483
600724
601866
600839
000024
000807
601958
600643
600395
000050
000630
000616
000009
600846
601727
600048
000983
600519
000002
600383
601699
000415
600123
000625
600366
600141
600518
000568
600208
600489
002482
600703
600143
600376
600547
000157
600406
002304
000002
600309
600048
600298
000858
000729
600859
000063
600517
600805
600887
000423
600030
600587
601888
601808
000630
300064
000024
600702
600030
600011
000651
600837
600266
000024
002635
601633
600999
002024
002400
002236
002567
000001
300058
600077
000069
300072
002415
300285
601601
600582
000858
600519
600597
000527
000919
600123
601669
600837
000024
601601
300039
002123
000729
601336
000562
601318
002619
000550
300070
601808
600495
600546
000728
002671
601991
002304
002311
600016
600741
600000
600519
000651
000568
601166
601328
600036
600031
601318
601117
000157
601857
300127
600309
600887
600585
600383
000651
000024
600519
600104
601398
000858
600031
600048
002304
000568
002236
000157
600015
000527
601166
002029
600019
002269
600016
600111
000933
600259
600739
002056
600010
000783
600837
601377
600000
600303
000002
002594
000540
002091
002129
600720
000877
600166
002024
000568
600036
002227
600312
600058
600549
002069
000522
600875
300039
601288
600015
000537
600422
600887
600366
002249
000069
600030
600519
600031
002167
600418
600123
002638
600059
600383
000738
600104
000973
000528
600704
601699
600739
000858
601166
000527
600519
601616
600376
600837
002007
601788
002241
000998
300156
600881
000157
601918
000002
600123
000989
600582
601117
600016
000895
600519
600066
002470
300124
600467
300157
000538
601601
600079
600750
601628
601800
002029
002656
000963
002065
600052
002073
600660
600335
002430
002567
300058
000069
600030
002638
300043
600572
600031
600048
000983
002271
000528
300134
002140
601601
600582
300241
002457
002662
000968
601318
600837
600518
000869
000858
600066
600535
601668
000157
600031
000527
000338
600887
000002
000651
002293
600276
600809
002216
600079
600143
600694
002458
002400
600153
600016
002408
002485
300214
300253
002099
002655
002283
300075
002526
600271
601727
601928
600535
601601
300208
000919
600690
600048
601668
000562
600702
600498
600406
002415
300146
000157
600031
600547
000625
000596
002304
002241
601318
601717
002236
600199
600048
601628
002156
000001
600015
600584
000423
600030
600587
601699
600804
600487
600498
600383
600267
002063
601166
002241
601601
002214
002436
601688
600028
601688
600036
600016
600750
000400
600642
600396
600050
000402
601318
000915
601169
600000
601588
002007
600153
000069
002344
300312
000858
601636
600123
002422
600739
601006
000528
000568
600236
601668
601992
000027
000543
000690
002038
600970
600546
000650
000401
601216
002410
600702
002546
300275
300105
002397
300301
002503
000157
002358
002638
300306
300298
300302
300267
601866
002005
002475
300070
600199
002649
300309
601669
300020
601872
300274
601919
000799
603366
300002
600261
000596
600963
600026
300313
000090
600104
601233
002322
000046
300323
600372
601601
000712
601166
000933
300316
300315
002285
300170
300150
002456
300124
000401
000998
002415
002236
002635
000895
002041
600703
600048
600720
002185
601628
600519
601318
600123
600030
600066
002375
000049
600702
600036
600079
600048
600157
600000
000024
000651
002146
600059
600585
600153
600138
000799
600332
600109
600612
000157
600312
000989
000028
300133
600741
601666
600585
601318
600970
000527
600549
601688
000423
600837
601699
600739
000826
000002
600030
600383
000157
600010
600395
600271
000012
600267
600585
601318
600030
600690
601369
000933
600325
600176
000401
600383
600649
600028
000926
600050
600837
000728
000069
000651
601688
000063
600519
000895
000157
601318
600030
000729
601166
600111
601100
600887
600549
600048
000983
600104
600837
600383
600000
600366
601939
600085
000002
000157
600031
000776
002638
601336
000651
600458
600109
600104
600376
000961
600809
600369
000401
000718
300032
600397
600742
002073
000024
601918
002146
002106
601166
000562
300088
600223
600983
601699
600239
002457
000789
600702
002205
000858
002375
600528
000826
000002
600967
601666
300241
000069
000970
601318
600585
000157
000651
600383
600000
000423
600742
000926
601169
000069
000858
000728
000937
000338
600141
000783
000063
600511
002081
601318
000651
000069
600153
002014
002574
600325
002564
002152
600491
000799
000919
600790
600837
600068
600655
601117
601992
600376
600863
600837
601717
601601
600395
600048
002277
601088
601166
600637
600050
000157
600143
000063
000786
601328
002155
000001
600491
002055
600519
601318
600809
000960
600707
600123
002385
000423
300207
002013
300241
601369
300079
600009
002369
600406
600183
000338
600016
000592
601169
000596
601009
000002
002185
600015
600697
300020
002241
600261
300070
000651
000999
601318
601601
600383
000401
002415
600030
600837
000895
600999
601628
000596
600570
600741
601788
601166
600015
600809
000630
600406
002244
000002
000527
601601
600036
000651
600383
601318
601628
000656
000069
600048
002146
601992
600153
600837
600585
000926
601919
000402
601668
600060
000568
600837
002635
600030
000858
600816
002660
000049
600750
002081
600066
601666
600011
600383
600489
600999
000800
002024
601699
600770
000858
600176
002155
600340
000012
002266
600467
000528
600141
000888
000979
600100
600970
000060
600456
600259
600549
600633
600373
600519
000002
600104
000527
601117
601318
601669
000630
600030
600557
600036
002140
600549
000937
000401
601688
600546
000338
601169
601601
600011
601857
601669
002104
000012
002156
601318
600028
002014
601991
600765
601088
600048
601169
600021
600138
600795
600739
000027
002470
601717
600518
000858
600560
002385
600030
002501
300309
300251
600056
300226
300300
300188
002154
002241
300306
002535
300269
300285
002361
600111
000895
601628
000012
000983
600585
600030
600348
600837
600153
601688
600550
601616
000400
000799
600383
600517
000401
600887
600068
002271
600079
000608
600072
300302
000049
002241
600704
600481
300136
600030
002049
300075
002153
000690
600128
600716
300196
002104
600432
600011
000807
600511
300039
300083
600663
600157
002079
002474
300115
000539
600027
000788
000423
000538
600535
300273
600750
600196
000999
600267
600079
300244
002007
002223
600511
300122
002603
002653
600252
600587
002038
600594
601318
600783
600616
601688
000562
600837
601628
601398
600750
600287
000776
600895
600505
600028
600635
000009
002024
000629
000989
600863
600519
000895
600015
002431
600406
000568
600036
600031
601899
002123
600585
600016
000157
000069
600048
600030
002375
000968
000937
600276
000650
002304
600827
601766
600118
000002
600383
000858
601601
601866
000157
002024
600239
000401
000069
000783
600893
600118
600030
002230
601669
002405
600166
300036
000100
601318
600239
601601
601628
600519
600048
002415
000568
002007
600030
600837
002106
000858
600011
600383
000002
000895
601288
600583
600765
002001
300027
601991
600537
600141
000024
002025
601669
601288
601318
000527
000157
600196
601166
600104
600060
600048
600406
002450
002573
002001
002024
600858
601100
601333
600016
000651
600101
000858
000651
601607
000568
000423
000937
600585
600383
600309
600031
000528
300267
000917
600048
000401
600406
002024
601566
600386
000157
600303
601318
600029
600208
000338
600801
600739
000926
000868
000559
600815
600239
000012
000918
600585
002594
002092
600000
600583
600418
600802
000060
000877
002244
600787
000957
000729
000528
002320
601628
000783
601918
601808
601166
601857
600015
002277
002345
000039
600584
000983
600085
002457
600750
000425
600549
600325
000503
601336
600641
600858
601555
000002
600048
601628
002535
600881
601318
600383
600030
600036
600000
000876
600104
600694
002594
000001
002345
600352
601336
600725
601318
000895
600111
600521
601628
600153
600348
600887
000012
600030
601688
000983
600837
000400
600376
000858
601788
000401
600585
600383
000001
000983
000968
601669
600388
600582
000712
000338
000728
002029
600585
000002
000598
600320
600292
000858
600298
600587
601628
600997
600519
002081
002304
600016
002375
600050
600383
000858
000002
600276
002028
600778
600694
000012
600887
000651
002069
000895
600266
002422
600028
600519
000983
600036
601166
000858
601328
601169
601088
601006
600583
000568
600425
000933
601928
002099
002128
601001
000963
000999
600199
600637
600157
300267
601933
300157
000629
600887
600048
600111
600030
600125
000024
600383
002594
300307
300182
300113
000999
600366
601318
002310
002415
601888
002474
002236
000869
000858
600809
600406
300027
000401
000961
000926
600585
601336
600720
000656
600199
601699
600018
600011
601727
601991
601558
600546
601918
600066
601933
600377
600315
600694
600403
601258
600143
601333
600022
600535
601098
600827
601318
600030
600016
000002
000527
601601
600518
600015
000630
600519
601699
600383
600153
600887
600271
002024
600298
000568
000651
600362
000568
600702
000799
002304
600048
002241
002400
600559
600809
300058
600422
600519
000423
000002
000869
300005
002474
300267
600535
000024
002293
000858
600383
601318
601006
601166
600887
601336
600036
600166
002024
600104
600999
000338
600138
600060
600015
600585
000401
000729
000527
600720
600000
600519
600104
000858
300070
601318
600518
002230
000024
000069
600309
002241
002396
002658
300105
300072
300124
002583
002029
600276
000893
002236
600422
600027
601288
600887
002004
600011
000538
000799
002353
601601
600009
600858
000807
000888
002612
002081
600141
600535
600694
002038
300229
300059
601933
600809
600637
002353
002638
000596
600859
300146
300309
600050
600315
600697
000895
002456
300015
000100
600521
300115
600030
600280
002353
600999
601318
600837
300285
002415
000024
000002
300170
002385
600048
002589
300217
002157
300058
600383
000543
002236
002304
601117
002099
600104
300070
000895
002334
300146
000422
600518
601555
000651
600498
002241
300251
002138
002484
000527
600805
600276
600702
600406
000423
300245
300210
600750
601166
600015
600000
000538
600036
600048
601628
000069
002405
002304
600690
000527
600729
601991
601998
000671
601328
000858
000157
600016
002042
601318
000592
002230
600067
600519
000002
601088
000540
600395
002154
601010
600143
601336
002293
002408
300005
600888
002415
601601
002458
002069
000858
600153
000982
300010
600030
600519
600048
000961
002400
600354
600011
600027
600795
601857
600021
000538
600660
600028
600859
000423
000623
000690
600875
600068
601318
600736
600125
000027
600886
000966
000413
000546
600397
000609
000656
600369
600636
002004
600031
600809
600111
600883
000426
600693
000869
600160
600695
000411
600568
600519
600734
600167
000623
601318
000002
000960
601336
000069
600348
000651
600104
601628
601601
000630
600497
002482
000961
600223
000157
601788
600048
600383
600999
601318
000002
600153
000527
600970
600030
601601
601377
600518
600104
600383
600048
601699
600519
601901
600060
600028
601857
600887
000728
002024
600011
601328
002233
600111
000933
000792
600036
601288
600259
600395
600010
002056
600875
000877
600887
600117
601377
600528
002594
601988
600104
600458
600332
000522
601106
002024
601166
600391
600739
600183
600048
600549
600015
000888
300123
600031
002389
600157
601398
000783
000002
000880
000860
000402
000961
600750
600837
600303
000858
000651
600309
300026
600422
600369
000623
600416
600251
601009
600240
600312
000937
002327
600839
600030
600837
600010
600489
002024
000983
000157
601318
600028
600111
000792
600060
600547
601688
000562
601989
000783
600549
000528
600031
600383
600048
601318
000024
000069
600030
600376
601601
600795
600837
601628
000776
000651
601699
601299
000937
000401
600266
600325
000961
601318
601601
000776
600585
600030
600261
000401
601336
601628
600999
000651
600276
000937
600837
600048
600104
600383
600858
600519
600036
601318
000069
002430
002567
600048
600031
600335
600837
600383
600572
600376
002271
002653
600030
002638
601717
600518
002073
600348
600312
000527
000858
600030
601601
600837
601318
600015
600000
600048
600104
000157
600887
000623
601088
601992
000937
600366
600875
600508
000538
600111
601299
600739
601808
600312
000527
601717
000858
002167
600395
600875
600239
600068
601628
600369
600251
600310
600048
002594
601336
600303
601555
600779
000651
000002
002129
000550
600340
000877
000776
002013
002306
000063
002014
002069
002195
000417
000777
600720
600690
300303
600518
000562
600499
600141
600422
002277
600010
002056
600549
601009
600787
600582
002482
000423
000630
600495
000540
600449
600820
000009
000422
600887
601088
600880
000780
002063
002209
600354
600805
002512
600765
002239
300094
600839
000012
600435
000973
002130
600362
600801
002005
600713
300031
601669
600104
601288
600016
600406
600036
600489
601899
002236
600694
600123
601117
000538
000937
002415
600702
002029
601699
600329
600521
000001
000983
000968
601669
600388
600582
000338
000712
000728
601628
002029
600585
000002
000598
600320
601318
300286
600362
000639
600587
000858
601318
600519
601117
600742
000157
002241
000656
002236
000895
600383
000400
600256
600395
600491
600741
601166
600028
600739
000069
600048
601688
600383
000671
000024
600376
601318
000680
000960
600256
000799
600549
600016
600030
000858
600199
002155
600276
600546
002157
601088
600837
601601
000630
600157
600537
000999
600518
002296
002063
000039
600612
601318
600050
000725
601628
601939
600060
601398
600720
000937
601788
002157
002123
000100
601336
000807
600636
600395
002638
600028
600837
601866
600703
000895
601857
300144
600970
600267
000157
600887
000540
600141
300027
000060
002230
002477
002475
000998
600337
600030
600521
600376
000961
002385
600030
600837
000157
002415
000069
600031
000024
000002
600104
601398
600585
601601
002431
600741
600125
601318
600742
600486
600406
600048
601318
601601
002304
600048
000002
000069
002195
000501
000651
600030
600887
000157
002325
601398
600383
000963
000568
002038
600199
600742
600104
600837
002375
002250
000002
600048
000651
601601
600519
000596
600837
600570
000937
600016
600030
600383
601666
601918
000063
000538
000423
600406
000568
600587
601717
600267
000826
002456
600329
002376
002436
300096
300010
600096
002304
000999
002065
000338
000783
600011
601318
601669
000002
600467
600048
002241
600742
600383
002269
600809
600837
600195
000581
600337
000039
002024
002415
600872
600036
601318
601628
600066
000401
000527
000651
600519
600016
000157
601699
600887
600048
600312
600000
600383
002106
601601
601788
000786
000049
000338
002273
601398
600535
000858
000528
000028
600015
000937
600138
000024
000998
002081
600079
601888
600549
000970
600028
600031
000651
000858
600519
000527
600199
601633
600048
600518
600887
000970
600016
000568
002304
002236
000157
000060
002241
000581
600547
000651
000002
601006
002304
600028
600030
601888
600312
600518
300027
600519
300291
600887
600048
600011
002236
002033
600900
002223
000858
600837
000651
600011
601808
600066
600583
601669
002269
600337
600887
601009
600048
600267
600406
601336
002244
600153
000783
000848
600872
600085
000848
002415
002236
600750
002482
603001
600016
002159
601336
000538
600702
000563
601166
600376
601699
002431
300070
300017
000732
600383
000651
000858
000001
601668
600123
000002
600585
600325
000568
600519
600048
000402
600000
002154
600403
601111
000069
600829
002073
600383
002304
000656
002444
000603
600048
600546
600031
002422
600978
002084
000002
601688
300124
000001
000596
000960
600694
000630
600519
600036
002230
000877
600029
000063
002261
300187
000400
601299
600583
600050
002457
601006
600096
601857
000635
300006
601866
601601
601169
600581
600795
000709
600694
300229
601939
601318
601009
600518
000002
600887
300267
002482
600060
601555
600096
600637
000423
600199
002385
600208
600837
601699
000786
601669
000536
000002
002024
601006
600362
601088
600030
000630
600348
601699
600837
600048
000629
600383
000063
601333
002155
000937
600125
000762
600376
600030
000527
600967
002024
600123
300007
600015
600739
000926
600880
600837
601318
600383
600138
601601
000157
600859
600256
000401
000069
000970
600048
002241
600176
000024
002535
002273
002635
600600
000002
601166
600315
000650
002104
600637
000651
600030
600199
600015
600079
600707
600837
300070
600406
600016
000568
600271
600742
002415
000887
000157
600376
002262
601808
600123
600066
002376
600104
600702
600570
600157
600138
600588
000630
002050
600801
601009
000961
002266
002353
300088
000069
002038
002589
600887
000935
002294
600547
600060
600779
002672
002456
600690
600587
002024
600104
002007
600970
000527
601238
600511
000338
600315
601808
600000
600196
603001
000581
600079
600887
600690
600597
000001
601857
600585
600325
000877
600496
300119
000783
002069
000069
600309
000728
600030
601688
600660
000060
600837
000895
000616
002385
000625
600331
000776
002063
600354
300253
600048
600971
002436
002055
002132
600322
002007
600348
002385
300135
002041
000028
002254
000869
002110
600418
000998
600837
000012
002309
601888
002344
002496
600720
600518
000718
600511
002054
000999
600583
300169
300295
601919
600403
000401
000895
300002
002612
600426
600581
000937
600585
600104
600516
601566
600307
601678
300300
600176
000046
600584
000157
002375
600011
000417
600859
600027
600078
002039
000521
002655
002001
002020
600096
000418
002484
600208
002241
600673
002157
300298
002038
600498
601933
000527
601628
601989
000800
600406
600519
600371
600016
000069
600015
600019
600048
601336
000598
002024
600352
000026
600098
600030
002236
002159
300054
002004
000848
002299
600518
000792
000780
002255
600486
601318
601101
600199
600535
600348
000651
601336
600837
600030
000028
600594
000002
600048
601601
600518
600197
000639
601717
000423
601901
600066
600036
002375
300058
000024
000402
002653
601318
000998
002353
000063
002024
600016
600887
600999
600104
600406
600837
002065
600588
601669
601169
002104
000999
002470
600138
601601
000826
002197
002209
000059
002195
600664
600036
600373
600765
601166
600015
300006
600739
600519
600376
600887
600067
002375
002503
002325
002474
000961
002310
601166
600199
002344
300267
002205
000616
002157
600702
000550
000858
002146
002400
000650
002195
600816
600805
603001
600197
002658
600366
600397
600594
600742
002673
002369
300020
601288
002457
300291
002099
600266
000551
002345
002429
000651
600066
002155
000823
002313
002570
000540
600060
600376
000650
000625
000002
002037
600795
002612
601166
600066
601369
600383
000063
300007
002629
300088
000935
600837
000869
600805
000069
600016
601166
600376
600036
601318
600739
000060
601088
000063
601668
600060
601601
600104
601628
600362
000069
600153
600000
601989
600123
600048
000002
600837
000157
000800
600795
601601
601318
600519
600196
600863
600518
300113
002475
002299
000671
300070
300122
600153
000848
600111
601336
600259
000338
000503
000568
600116
600068
601688
600694
000933
600177
600773
601601
002024
000012
000629
600664
600089
601377
600858
600765
600107
002480
601989
000728
300297
000063
600150
601628
002588
600309
300224
600415
002129
000407
600366
600176
002115
000725
300104
000157
000100
600519
002007
600060
600030
600998
601166
000937
600703
601318
000531
600795
300164
601088
002024
300079
600138
601668
600067
000402
000069
000024
600036
000002
600048
600376
600016
002146
000001
002242
600823
600383
600266
601006
600000
600660
601288
000423
601318
600518
000538
600535
000522
000895
600594
000661
600887
600329
000568
600332
600079
600993
000848
600588
002294
002262
002004
000568
600535
000423
000961
002294
000513
000999
600594
600048
600276
600557
002146
600690
000028
601992
000401
000963
600123
600383
000895
600837
601318
600337
600048
002024
601788
600030
002081
600500
601333
601398
000630
600519
601918
600395
600266
601088
600348
600703
600489
601928
601699
600900
600183
601688
600109
600809
600585
000338
600637
002241
600383
600694
000937
600176
600674
600837
000926
600153
600030
601636
300101
000012
600284
600815
600802
600863
601866
600586
600143
002445
600518
600339
600832
600702
002236
000024
601601
000799
601318
002415
600048
600383
600809
002241
002146
002344
600369
600559
000538
600157
600036
600123
000568
000799
601555
600111
000630
000671
600362
600030
600837
000002
000401
600109
600702
600048
000823
600036
002450
601628
600031
002431
600585
002325
600208
600383
300079
300170
002482
600246
002327
600537
601688
600557
600288
002589
002535
000651
000718
000528
000650
600223
000157
601318
600030
600048
002653
601601
000540
600779
000069
000538
600993
600804
300105
600015
600809
600519
600703
000568
600552
600888
600967
601318
000002
000568
600030
600048
600585
600547
600362
000527
600395
000422
601628
600720
600557
002230
002007
600104
600549
601088
000651
600030
600048
600036
600406
000069
000968
600015
600827
002146
600837
601766
600547
002431
000895
002310
002663
601118
600208
000983
000401
600104
000001
601166
600000
600015
601318
601398
600519
002429
600741
601998
002456
601633
600256
002385
000422
600887
600837
601169
002477
601336
601117
600028
600111
601857
002255
002140
601088
300054
000063
000895
600690
600588
600970
600315
600486
600535
601328
600000
000858
600104
000568
600028
601166
600166
601006
601668
002024
600585
600642
600030
002001
002073
600519
600256
600031
000100
002445
601169
601166
000616
000679
000876
600271
600795
600585
600252
600221
601088
600674
600000
600863
002073
601601
000895
601607
002007
601166
600016
600519
600036
600887
601398
601318
601601
600703
600216
600143
600549
002001
000858
002638
600000
600030
000001
000401
600395
600011
000527
600702
600518
600801
000157
600031
600519
600376
300072
002482
601318
000858
000401
600016
601166
002589
600837
300170
000338
600030
600048
300182
002341
000002
300226
000823
002450
600246
002375
600375
601939
000635
600597
600157
002063
002535
300216
002431
300020
002089
600383
600594
000728
000425
300079
601377
600257
000558
002285
601857
600426
000528
600887
000651
600720
002116
000718
600790
002397
600260
002325
601798
000527
600823
002029
600288
000581
002594
601288
601688
002051
000024
002144
000848
600104
002236
601669
601288
002029
300039
000539
300027
600329
600594
600521
600518
600376
601566
600511
002223
601166
600315
002177
600016
600031
600111
600875
002285
600259
000651
300062
600549
002004
000776
000002
002429
601766
600750
000783
002056
000157
600048
601318
600059
601106
000540
600637
601628
600369
000877
002063
600887
600050
600785
601669
002398
000888
300039
300088
601398
000568
600028
600030
600104
601166
000002
600176
600875
600395
002106
000157
600837
000858
000026
600309
601088
000401
000425
000623
600383
601009
601318
601601
600519
000799
600256
601688
600030
000858
000999
002157
601166
600549
601668
600376
601169
000024
000932
002155
600837
600383
002241
300136
002477
600157
600518
000568
600519
002236
000725
300027
600895
601668
002179
002230
600036
600266
600673
600340
002638
601336
600322
000590
000800
600809
002415
600197
300104
002146
601788
300090
000961
300146
600893
600393
000002
000776
600067
002375
000630
000536
600888
300298
000858
300017
600030
600594
000651
000422
600177
600036
000528
600030
000417
601918
601318
000527
002123
600261
000024
601668
600517
600720
600048
600395
002024
600970
000024
002653
600104
600066
601318
000651
002375
600837
000402
300058
600406
002029
600000
600016
601628
600999
002024
002241
600036
002304
300043
000786
600383
600519
600048
002146
600325
601336
600199
600079
000961
000651
000792
600518
000522
600502
300241
300170
000639
000895
600498
601992
600104
002241
600030
000656
600266
300285
600383
000568
002285
300303
000401
600702
600048
000002
601318
601886
000799
601991
000888
600031
600549
000728
000937
600559
600369
600581
600060
600016
000425
601328
601166
000157
600000
600519
000338
000002
601398
600585
601933
600535
601088
600031
601288
600600
600837
601668
002217
600662
000950
000599
002226
002221
600278
000626
002135
002209
600370
002053
002210
000631
000883
002031
000551
600398
000564
002394
600383
000858
000002
601088
600585
000625
000651
601166
601601
600376
601318
600079
000401
601688
600325
000543
600016
601877
000728
000581
300119
600690
600406
000069
600741
600859
600030
600594
601398
000937
600123
601288
600036
000858
600366
600547
300070
600888
601318
600585
000826
601766
600519
000776
600048
000630
600188
601988
000799
600060
601336
002431
601669
002241
600050
600809
002477
600348
000001
600489
600837
600519
601166
000650
600795
000002
000858
002024
601668
601669
600686
600104
601328
600383
600887
601888
600720
002236
600028
000568
000527
601166
601628
601918
600739
600859
000858
600066
600694
000926
000568
600518
000983
600266
000527
000623
601788
600015
600085
600309
600325
000651
600596
601318
000568
000729
000063
601668
000046
000540
600348
601601
000002
000401
000680
000800
002281
600657
600694
000402
600036
601628
600795
600271
600016
600690
000792
601318
600674
600030
600309
601601
000063
600837
601126
300274
000568
000999
000876
000869
601633
600199
600104
601669
600535
600000
600036
002672
601333
600694
000895
600637
600011
000799
000002
002612
600298
601166
601899
300026
600027
000792
600111
000933
601288
600010
000877
600117
600887
600739
000783
002594
600528
600104
000002
600015
600458
601988
300123
000522
600036
600893
000888
600549
600048
002056
002389
000858
002546
600750
002024
601166
000880
601377
000623
002327
600416
600031
000961
600059
600303
600259
600395
000860
600240
600875
000651
601106
601398
601555
600332
601009
600000
002106
600251
600312
300253
600787
601318
601788
000157
600031
600309
002293
600559
000869
601006
600123
600021
000937
600066
600546
600028
002157
000024
300216
002585
600570
601009
300198
600036
600377
600109
600795
000895
600067
300190
603001
600582
002671
600395
000927
002353
000001
000516
000728
600875
600858
002327
000885
600337
300295
600395
300099
601998
600199
601166
600123
600376
000568
002063
000069
601101
000423
600859
000728
000596
600109
601336
000651
600016
600837
600900
600030
601918
600795
002422
601989
600027
002138
000726
000598
000876
000729
600153
600863
002650
002226
002085
000069
000024
000401
600111
600585
601699
000616
600546
000998
000937
000157
601601
600048
600016
000651
600376
600395
600517
600104
600887
600967
601006
000568
002304
300101
600489
600720
000527
600177
002422
002475
000800
600079
600266
601918
601166
601318
600739
600066
601628
000568
600030
601788
600015
000926
000527
000983
600309
600085
600388
600518
600694
000400
600325
600104
000002
601166
600048
000858
000568
600016
000069
600036
600805
002024
601318
002038
600276
601601
601699
600376
600581
600859
000926
000527
000651
600559
600383
000024
600720
600809
002304
000417
600594
000898
000629
000538
000776
601669
000568
002024
600837
600583
000002
600376
002146
600383
600458
601766
002241
600030
000024
601688
000049
600266
600999
600535
000423
600594
600276
000028
600887
000538
600588
002294
600079
600030
600837
600332
002028
000895
000999
000963
000581
000157
601699
000540
600837
601788
600199
600354
600260
600153
601006
600383
600177
600048
600016
000002
000630
600030
600123
601688
600502
600104
601318
002396
000858
002241
600309
002658
002230
002410
300124
002583
300072
002294
600383
300105
300212
000069
300070
000024
002029
000725
601318
600030
600795
600050
000100
000157
600549
002353
601088
002007
600518
601288
600031
600066
601299
600998
300104
600703
002202
002241
002236
002038
601336
600376
600138
000888
002146
002415
300005
601788
000783
002310
000961
600837
600881
000686
601377
002635
601117
002612
000539
002269
600027
002656
002051
300105
600030
000401
601688
600887
601901
300115
600547
600585
002244
000651
600805
600888
601088
000024
601166
600015
600036
002055
600104
600383
601992
600000
300070
600742
000877
601318
601601
600612
600967
600741
000826
600535
601669
000049
601888
600801
600031
600362
002475
600011
600199
601318
600048
000002
000625
600208
000858
600266
600079
002065
002421
000024
002051
000528
600066
600104
601006
600062
600887
000616
000069
000629
600585
600141
000568
600383
600519
000540
000728
600720
300332
000651
000024
600881
000666
600549
600048
601877
601088
300157
002233
002024
600376
601318
600875
600859
000157
600436
002419
600426
600749
600028
000528
300127
600587
002038
002428
300011
600893
601555
600015
000858
000581
601318
600031
000157
600570
002157
000869
600309
600036
601117
002564
600546
300216
300159
600048
002671
600021
600559
002063
600011
002477
300164
600141
000024
002293
600795
300198
000581
600519
600066
600859
002469
600067
002110
600469
000686
600697
000937
300190
000998
600395
300212
300115
002398
002320
002457
001696
002024
000666
002127
601788
600030
601318
600999
600837
601788
601668
000002
600048
000024
600266
000858
000001
600177
600383
600600
601336
000728
000860
000069
000729
600036
600369
601088
600657
600141
601601
000783
600325
600376
600079
600528
000926
000540
600123
600185
600887
000656
000876
000631
000918
601928
600106
600312
600239
000837
600143
600260
002298
000797
000059
000061
002483
002438
600675
000009
601866
000735
600716
601727
002177
600060
600016
000425
601328
601166
600000
000157
600519
000002
000338
601398
601088
600535
601288
600585
600600
600837
601668
601006
601169
600030
600104
600703
600383
600048
600498
600036
000002
600881
600546
300156
000024
601699
600115
601216
600787
601009
600699
000338
600837
600519
000826
000651
601318
600518
600739
000024
600837
600406
002230
000417
000656
600036
300105
000937
600742
000401
601601
600362
000012
000858
000858
000002
600572
600570
600016
601888
000157
300207
600702
600267
600309
002482
601566
002038
002063
601318
600881
600315
000028
600831
601318
600585
600383
601601
600030
601328
000858
600519
000651
600325
000581
000338
600104
000616
600837
600079
002069
600188
000895
000002
000625
600585
600690
000708
002387
600079
000543
601601
000401
600837
601866
000999
600893
600188
000729
002503
300168
002521
002430
600050
002073
600177
601668
601166
600036
600016
600000
000538
000568
601328
601288
601939
600143
601398
601117
600498
600195
600276
000069
600519
600060
601857
600268
600028
002429
000988
601929
600694
601788
600770
600031
600736
601601
600776
600011
600456
000917
600704
600837
600787
601928
000566
600079
000860
002183
002460
002466
600707
002304
000869
002241
600059
600257
300196
002292
600467
600153
002162
002407
600559
000423
300171
600742
600362
600270
600176
002606
300039
600479
002038
600975
002387
002255
300105
600498
002508
002657
600875
002458
300084
002157
601872
002408
600837
601788
002241
300070
000401
000527
000157
601166
600518
600101
601328
002024
601601
600893
000926
300115
000718
600535
600016
600199
600383
000024
600720
002285
002037
600395
000616
600141
000401
600376
600519
000157
601166
002035
002081
600048
000937
000562
601318
600888
000422
000002
601318
600030
600837
600395
600016
601377
600348
601919
600104
601901
600549
600581
600519
000629
000538
600596
600223
601766
600015
601866
600366
000651
000157
600657
002375
002236
601628
600256
600690
000970
000024
600739
000858
601717
600256
600519
001696
002316
000537
600031
600879
000527
600397
600433
000800
002142
600386
600395
601336
600098
600354
601669
600557
300171
600383
002465
300195
002534
600881
600325
600875
600067
000809
300100
600486
000528
002597
601601
000807
300010
600741
600221
600030
000002
600837
601318
600048
600383
600993
601669
601601
600376
000024
601006
002073
601628
000671
000960
600068
600999
000616
002311
601668
000568
000002
601166
600694
600383
600036
600519
000027
000001
600048
000069
000858
600309
600271
300096
600000
002226
600066
600376
600153
600790
600325
600169
002156
002014
600655
300007
000799
600098
601908
300083
600491
000919
601169
600837
002288
000858
000090
002564
002547
601318
601788
600519
600369
000776
600406
600028
002551
002024
000552
600031
000661
000061
601398
600881
000157
600750
600978
000690
601166
000776
300090
300074
600616
600770
600048
000917
000656
600079
600383
600741
002049
600773
000665
600015
000046
600150
600104
002673
600535
601601
600837
600030
600056
600030
600837
600887
000002
600031
600246
600383
000401
600048
002051
600376
600016
600426
002345
002589
000728
600288
002594
002535
600157
000402
600970
000858
300257
601633
002155
601117
601169
600547
601318
601166
600066
000562
000937
000069
600362
000002
600176
600519
000783
000002
000024
600048
000625
600208
600266
002146
600376
002306
601318
002004
601336
600637
300295
002341
600383
600686
600066
300207
002482
601318
600030
000527
601601
600048
000630
600519
601699
600518
600383
000002
600887
002024
000568
600104
600298
601336
000651
600362
600031
600383
000983
300115
002310
002236
000718
002482
000799
601788
300291
000937
600549
600720
600266
002612
002146
600048
002635
300301
601166
600166
600030
601318
600016
601166
600036
002024
000651
000002
601628
600060
600104
601006
601336
002241
000776
000401
000009
600498
000338
600138
600837
300146
601318
600011
601088
600028
601991
000690
002156
000012
000027
600021
600886
000538
601857
601628
000919
600027
600875
002202
600261
600068
600489
601377
002503
600837
600030
002081
000562
000783
002089
601699
000401
000998
600835
601688
000650
000858
000807
000002
002155
002264
600030
600837
000998
002081
002503
000858
601788
601377
002155
300005
600835
002089
601699
000596
600219
600489
000650
002264
000562
000002
601377
000926
600010
600176
600458
601901
000858
600062
600543
601688
002146
600369
000568
000792
002152
000024
600376
600060
600216
000417
002024
000401
601601
000002
000937
601699
600837
000562
000157
600030
600208
000625
000983
601928
600068
002497
600031
600048
000402
600383
000970
002038
600519
600518
600199
000568
000858
600549
000423
600827
600809
000869
000590
600778
002612
600266
600406
000983
000417
002099
600729
002223
600383
601788
002482
000049
300088
002293
600976
002216
600380
300068
300115
600736
000799
000750
600031
000650
002672
000538
002474
600859
600369
000562
002656
002106
000937
600312
000999
601633
000718
600104
000002
600518
601166
600859
002024
601318
601669
000651
000423
600153
600383
600837
600048
600036
600177
000417
600585
000528
600535
600875
002007
000527
601633
600011
000402
601318
600383
000002
000069
000960
600741
000157
002304
601336
000024
000528
600585
002310
601601
600348
002482
600315
002415
601808
002081
000401
600585
601088
600809
600028
000528
000983
600557
000780
000002
601001
600997
000537
601898
601601
000540
000709
002397
600208
002650
600366
601318
600887
002081
002375
601166
600011
000800
600395
000651
000002
601117
000538
002431
000629
600600
002236
600266
600519
600060
002501
600967
002321
002365
002327
002458
600723
002492
000566
002045
002369
002565
600036
002612
002144
002394
002124
600016
002568
002020
002550
002317
600232
600587
002484
002582
002557
002486
002485
002293
600282
002558
002502
600356
002085
002461
600729
600697
600461
600975
002548
600073
002159
601601
002216
002330
002142
601318
002304
002301
601009
601166
600366
600519
000900
002378
000886
601169
600000
002351
002044
002344
601518
601799
601008
600396
601088
601199
002477
600111
000661
000858
002507
600016
002241
600837
000157
300115
600893
002024
601699
000401
600535
300088
600101
600383
300070
300241
600015
600518
601328
601788
600199
600030
601318
000651
600518
000002
600015
002400
600519
000858
600143
601009
600000
600694
002241
600837
002236
600157
601555
601166
000568
600199
600741
601717
002638
601699
600583
600096
600739
600348
601336
600337
600809
300146
000998
002415
600489
002230
600060
601118
002612
600702
600048
002241
600559
000799
600383
000024
000568
002503
002482
000989
600267
002431
600252
600266
002375
002477
000537
002293
600067
601601
600881
000002
600016
601918
600519
601318
600325
002304
000157
600111
000858
600887
600837
601111
600030
600031
601006
600115
600199
000024
000069
000783
000778
601800
600376
002106
601628
601336
601601
600383
600019
000157
000776
600348
600337
601788
600778
600703
600030
600060
300105
600547
000988
300059
000951
601318
600519
000651
002236
000568
000858
000002
000157
002415
600104
600366
601601
600887
000528
000401
000527
000895
000540
600875
600585
600028
601318
601898
002275
601088
600271
600795
002073
002065
000002
000527
600000
002089
600177
000858
600835
601288
000422
002123
601328
601318
600066
600521
600549
000024
600859
000718
002216
002422
600694
600858
600519
600395
000063
000625
600686
002482
600208
601808
601166
600809
601377
000629
600166
000983
002146
000961
000001
000758
000686
600559
000157
300079
000937
000651
000960
000060
000999
300188
600702
000630
000878
300182
002327
000799
600079
000028
002155
000616
600348
600458
002244
300202
000069
600376
000671
601628
002293
300062
000933
002142
000625
002156
000423
000012
000425
600199
000568
300115
600584
601311
000002
000527
600837
600036
002304
600030
600015
600376
600028
000002
000858
600340
600068
600549
000639
600637
000826
600519
601088
600125
600383
000538
601601
600104
000998
600739
600292
002024
000415
601318
601169
600489
601318
601601
601166
600395
600549
600348
000157
600497
000792
002024
000926
600048
000002
000999
600031
000039
600600
600690
000895
000983
600594
002353
600582
600835
000999
002508
600535
000028
000002
002534
002470
000651
600062
600383
000513
000888
600079
600048
600999
600066
601318
601288
600030
600694
600021
601336
601628
000957
601398
601169
601333
601166
000002
600518
000069
600742
600837
002142
601886
000063
000501
000069
300059
000417
000800
000002
600011
002038
600098
000778
000046
600027
000927
000539
000776
600976
000888
600208
601318
000671
000157
600048
600383
600031
601166
600015
000002
600030
000423
000069
601669
601918
601766
600000
000799
600010
600703
000961
600837
600141
600585
000401
600801
600875
600030
000625
600802
600048
600376
600153
000983
000024
600208
600686
000002
000616
600707
000858
600831
601699
000568
600030
600837
000422
600999
600309
000858
600104
000527
601117
601669
601088
002146
600519
000776
600741
600048
601788
002001
000002
000026
600805
000024
002024
002155
601377
002345
000792
600383
600016
000157
600123
000656
300136
600362
600660
601009
600881
600518
600557
600511
600329
600036
600267
600572
000063
002038
600085
601166
002400
600000
002123
002277
600750
600015
600050
002142
600276
000024
600048
600809
600376
000998
600588
002156
600805
600360
600325
601009
000568
002254
600875
000039
000630
000869
600362
000157
600584
601318
600048
600690
000157
601336
000783
000895
601601
000527
600030
002140
600612
600837
002146
600519
000776
002385
600256
600489
002353
600519
000002
000651
600585
600019
002024
600340
601607
000157
600048
601088
600383
600315
600196
601566
000963
000528
000568
000538
002612
002277
002294
300070
600395
601166
600016
600048
000926
601009
000826
300228
600498
002073
000718
002484
300171
002266
600778
600383
600000
000417
600271
002007
601669
601699
600403
600298
000963
002024
002376
601010
002369
000002
002656
000538
002014
601866
600900
002028
000522
000972
000650
000869
600779
600511
600009
600415
600111
000522
600259
600085
000968
600887
600109
600112
002603
002155
000933
300197
601669
601766
000562
300090
600115
600295
600029
000603
002024
601699
002146
000024
600837
600030
600383
600048
600208
000423
600015
002241
601318
000157
600588
600138
601601
000625
000002
002236
002430
600125
000568
000562
000937
000983
002482
000968
601886
000728
601117
600030
600031
600376
600837
000157
002304
002353
600383
600582
002477
000568
002081
601866
000937
000024
002123
000338
002277
000961
000002
601398
000527
601169
000002
600068
600016
002142
000157
000858
000969
600048
600837
000998
002106
300070
600519
002320
601699
002603
600015
000612
601601
000826
002081
600098
000069
600125
000963
600292
600157
600458
002013
600489
002183
601166
002567
600893
601311
600104
002086
000401
002241
600036
601336
600376
600801
600240
600809
300133
000776
600030
601318
600804
002039
600416
300027
000581
600816
600111
600166
002028
601800
601100
600037
601238
600549
600521
601866
000887
000656
600104
002271
600208
601699
600395
600362
600016
600060
600088
601169
300017
002415
000537
600111
002638
002482
300251
600085
600123
002236
000937
002431
002353
000527
000100
300027
603001
600223
600831
002310
600048
600549
600703
002161
000402
000686
002375
600208
600383
601699
600240
600750
000783
000848
600036
600970
600742
601901
600549
601318
600970
000937
600048
000671
000776
600837
000568
601166
000527
601699
600066
600143
000869
600177
000401
600704
000926
000024
601100
600239
600682
002154
600383
600519
600048
601601
000024
000895
600104
601117
601669
601318
000630
000937
000002
601166
000063
002038
600546
600030
600261
000338
000527
000858
000513
600036
600383
000869
000069
000651
601992
000001
600418
600583
300123
000665
600547
600166
600875
002369
600723
000800
600970
000423
600549
000651
600697
000028
600395
000999
002223
601336
000024
000780
600742
601601
002244
601699
601628
600327
002475
002457
000157
600837
600637
600383
600702
600366
600518
600196
600535
600422
000661
000513
600079
002038
600829
300273
000566
600998
300026
600594
000999
000623
600739
600750
000538
600329
600111
601166
600030
600395
600739
600549
600837
000002
600383
600016
600048
000024
601699
000937
000651
600999
600015
000776
000581
002069
600104
600585
002310
601318
600141
600048
601699
600383
000024
002456
600546
000568
601628
600519
600015
601717
000651
000937
000666
600030
600031
600585
000423
600036
601088
600970
601318
601628
600016
600104
000063
600460
600496
600502
600837
002024
600809
600456
600309
000039
600030
002223
000157
000402
000001
002230
600887
600535
000869
600761
000425
000861
300124
600322
600000
600588
600123
601888
600315
000002
000562
002010
000937
601699
002501
000430
600109
000527
002146
300077
600060
002470
600547
600546
600737
000099
000826
000848
600143
601717
300187
601318
600016
600795
601766
601800
601899
601088
002672
600196
601006
601668
600143
600511
601339
600036
600015
600779
002594
000858
600337
601717
601808
600600
000963
600887
002038
000002
601668
002456
000858
600138
300070
000970
600030
000999
000063
600050
601166
600267
002635
300058
600028
000002
600383
601318
600239
601009
600050
600266
002299
600223
600208
600642
601669
600528
600153
601668
000800
000401
600660
601299
600418
000680
300086
600019
601989
300302
600518
002285
600015
601933
600598
000629
300027
601866
600547
600104
601628
601766
002422
600537
000776
002007
601100
601555
600720
600511
000783
601601
600795
601006
600900
600000
601318
600143
000858
002007
000402
601800
600886
600578
601601
600021
600218
000895
000963
600153
000725
601238
601628
000858
600837
601601
600015
601336
002024
600030
000686
000423
600859
002069
002063
601555
002430
000887
002492
002350
300171
300064
600519
000002
000651
600585
600019
002024
600340
601607
000157
600048
601088
600383
600315
600196
601566
000963
000568
000528
000538
002612
600104
002167
600125
000401
600048
601318
000024
000811
600837
000002
601601
002129
000776
600720
600741
601699
600893
000423
000527
000789
600585
600837
600362
601318
000402
000625
000338
000401
601699
601111
601766
600104
000012
601918
000651
600376
600557
600739
300284
002241
601318
600048
000002
000625
000069
600266
600104
000024
000858
600208
000616
601006
600383
600079
600827
000538
000402
000001
601965
600177
000858
600519
002024
002304
600104
000527
000568
000651
000895
600690
000100
600660
600177
600600
000581
600415
600655
600741
000869
600166
600048
002535
600208
601601
300170
002589
601377
600030
000002
600383
600246
000635
000718
002345
600881
600288
600223
600369
600031
002050
000783
600011
601318
600467
600048
600383
601669
002241
002269
600742
000002
600809
000860
002024
600837
600195
000581
600872
601336
600827
600585
600518
601318
600887
000002
000780
000157
601808
600805
000651
300070
002415
600104
600383
002155
600703
600141
000538
600016
000422
002081
300027
002299
600079
002033
600280
600594
000423
002325
600406
600778
601566
002251
000566
600702
000726
300146
000826
600261
000100
600104
000001
600000
601166
600015
600519
601318
002429
601398
600741
601633
002456
601998
002385
600256
600887
002477
000422
601169
600837
601336
600498
600060
600079
300017
000939
600309
600388
600048
600837
600030
002429
600125
600383
000024
601808
601139
600015
600776
601098
601166
002123
601988
000002
601166
600887
000527
600104
601989
601699
601117
600031
600837
600123
600406
600030
600489
600547
600519
000423
600348
601088
600028
601766
000157
000979
000858
000006
600066
000979
600173
601166
600100
300144
000063
601668
600862
601669
600383
600586
300059
000562
600016
600208
600362
600418
000858
002249
600030
601318
600016
000024
000630
600383
600030
000157
000002
600238
600519
000537
300079
600079
600887
601006
000528
601088
000895
601918
600585
601318
600809
600570
000063
600518
600519
000069
600694
601166
601628
600079
600741
300075
601669
600011
300253
002024
300059
600219
000651
601318
601601
000157
600066
600519
002241
600585
000998
000049
600031
002106
600048
000401
000538
000063
600068
000799
600016
002024
000528
600036
600702
300088
600887
000338
000024
002081
600062
600837
600050
601668
600383
600535
000562
600030
601009
601398
600028
000338
600104
601166
000001
600066
601877
600406
600016
601988
601607
600125
600352
002385
601717
000876
000858
600036
000024
601318
600048
600837
000937
000157
002415
600030
000630
600406
600036
000651
002304
601088
000002
600362
002146
000401
002081
600104
600383
600805
600535
601336
000527
600276
601808
601318
600600
000776
600030
600153
600266
600079
600837
000783
600383
000422
600048
000002
000861
000568
600376
600369
600739
600999
600675
600583
600000
600016
000584
601001
600724
000728
601288
601588
600028
000895
600037
600354
600489
601628
000993
600582
601398
000423
300105
600521
600887
300027
600535
002157
600280
600422
600446
000826
600199
002508
600315
002385
600570
600518
002236
002429
002572
601566
002081
600195
601318
600143
601766
601717
600016
000651
601633
600000
600067
600388
601328
002024
600267
000933
000539
000402
600694
601601
601866
002024
600739
600100
000069
000563
002142
600050
601169
600685
601318
000937
600837
600518
600516
000629
601088
600383
300077
002106
000969
000009
600048
601318
000651
000783
600000
000157
000069
600511
601169
601166
000858
000937
000338
600141
000063
000728
600383
600742
000800
000869
000926
600376
601318
601088
300134
601601
000024
000651
002063
000002
000001
600805
000858
600584
600256
600019
601169
600546
000528
600362
600104
600406
600742
600068
600048
600519
600266
601898
002304
002341
600123
600460
600199
000656
600360
600031
600585
600741
600837
000665
600690
600030
000488
000527
600383
600056
002146
300079
600498
600880
002073
603001
000860
600208
600308
000527
601601
600549
600383
000651
000012
601699
000568
600176
601166
600111
600694
300273
000401
600395
600703
600858
601336
600999
000826
000423
600267
000895
600123
002017
000001
600000
601166
601169
601318
000869
600016
600739
600406
601998
000400
600432
600015
000157
000933
600456
000858
000895
000651
600835
600267
000002
601939
600887
600406
600588
601899
600030
002385
601088
002311
601601
601398
600998
600011
600750
601628
601288
600060
600066
600395
600199
000069
600109
601166
000568
600376
600547
600369
002663
600030
601939
300124
601336
000728
300306
601318
002344
600016
600739
000407
600837
601886
002157
600176
601555
600426
002477
601688
600141
601377
002655
000651
600031
600702
600498
000422
600362
600048
000157
600809
000527
600157
600079
002138
002638
600406
000718
600280
600383
601336
000069
601398
600021
002038
600048
600325
000963
000876
000501
601098
600887
600340
600875
600831
600335
000157
002152
002250
600637
600805
000858
600267
600079
600521
000527
000983
600362
600739
300070
600837
600036
000800
600030
000528
002376
002436
600570
600177
601699
000927
002353
600000
601166
300070
002385
600036
601668
002304
002422
002069
000783
000501
600016
600585
002081
600015
600837
601169
000895
000001
300124
002340
600406
000002
002304
000858
600048
000423
600309
600887
600587
002241
600298
600030
600859
000063
000024
000729
000157
002503
002376
002038
600519
002024
600795
601328
601669
600028
601888
600104
601166
601318
000002
002482
600720
600383
000887
601668
300301
000527
002001
600859
600030
601601
601336
600585
600019
601318
600837
601288
600048
000895
000629
601088
600383
000001
000063
300027
000869
600104
600196
600276
600261
600028
600019
601398
000898
600030
000983
601857
601601
600005
600117
600808
600837
600031
601669
000401
000709
002007
600720
601628
000918
600036
000568
600030
601328
601808
600519
600383
000002
600489
600887
000623
600997
601088
600859
600085
600418
000402
000876
601299
601668
600276
600519
000538
002269
600858
600778
000596
000858
002310
000002
002376
002581
002241
600036
600000
600016
600809
600031
600208
601699
002375
300159
002431
002501
600216
600547
000401
000568
601628
600585
601601
600383
600881
600519
000629
002233
000002
600720
600141
600048
000024
002024
000926
600376
600030
000540
600028
601669
600050
002480
600085
002325
002024
300086
002431
600739
002413
600153
002296
002129
002310
600995
601601
000861
002445
002509
300241
002387
601766
300275
300107
600880
002253
000850
002205
002457
600468
600125
600048
600316
600389
600837
601318
002091
002379
300156
601002
002306
300032
601299
600694
002620
002405
601106
002414
600259
000519
300054
600596
002640
600268
002673
002221
002052
600050
600011
601006
600795
600900
600256
300300
601919
600858
600123
601088
002024
600674
002381
600366
000983
000937
002107
600029
600271
002465
002179
600718
002368
600460
002185
600563
002138
002439
300182
002484
300302
002400
002583
300219
002073
002449
600570
300223
600519
600251
600104
000527
000895
600166
000800
600060
002293
002024
000858
002304
000625
000063
002157
000651
000069
601258
002029
600887
600030
000063
000651
000002
600837
000970
601318
601006
600690
601669
601098
601666
000069
600489
601928
600547
600585
601601
000630
601668
000568
600827
002024
600859
601601
000417
600104
000527
600875
600582
000538
002419
300027
000423
002405
002038
600406
000028
300157
002073
002261
600497
000960
601601
600362
000983
600547
600271
600366
601866
000970
601318
000998
600432
600489
600428
601001
000780
601628
000686
600030
600256
601166
600157
601318
002230
000861
600332
600000
600195
601601
601901
600016
601998
601328
002583
002001
600143
000732
600123
600048
600383
600199
601601
002638
000895
002244
600406
601318
600535
000024
000776
600887
000562
600376
600183
002140
002384
600426
002106
600312
300027
002482
000423
600859
601928
002662
002567
000338
000069
600048
000983
600030
600572
002271
600337
601318
600582
600335
600031
002430
600383
300289
600518
000001
002457
601800
600048
600521
601318
601088
600519
601166
601169
000024
600060
000718
002450
600395
000026
300287
600298
002024
601100
000625
000876
000562
600837
601601
000783
002299
600208
601166
000069
000858
600031
600863
600016
000807
002378
000157
002271
002431
600266
000100
600406
002028
000625
000001
600208
000581
600123
600395
000718
600031
600111
600458
600549
000961
000776
601318
601002
600376
300070
600340
000888
000858
600702
600199
000650
000568
002304
300275
000423
600559
000999
002236
002344
600406
000028
002241
000598
002216
002086
002038
600059
600030
600585
600252
000157
601601
000401
601628
600010
000425
601318
600837
601377
000983
000002
002024
002353
600111
600535
300146
600376
600785
600060
000540
002422
002662
000537
600031
600085
000528
601166
600016
600729
000661
000338
000527
300298
600809
000858
000521
002477
600028
000680
600881
601311
600383
600104
002385
600519
000895
300003
600322
000423
600827
300171
600801
000568
000063
601628
000651
000860
601336
600600
600183
600066
000729
600583
601808
600267
002146
600690
600570
000423
000625
002024
002241
600009
600030
601006
600837
000002
601601
601318
601669
600048
600383
600028
600993
000630
600068
600376
000024
601628
000063
002073
002024
600079
000651
600104
600048
601088
600809
600519
000069
000423
000002
600016
600376
600383
600199
002345
600837
000858
002004
600518
601766
600887
600157
600546
601088
600030
600837
600036
000799
002304
600016
000415
600702
600795
600642
600395
000937
600028
600123
601699
300197
000823
002375
600050
600009
000596
600820
600999
000776
300267
002029
000998
600967
002538
600269
002573
601010
601311
601857
601006
600048
601669
600062
000538
002106
002146
600383
600837
000423
600795
600298
000680
002415
601800
601688
002422
000024
002065
601601
601336
600383
000963
000002
600048
000024
600011
000895
600406
600535
600066
002029
000651
000937
601328
600267
000538
600809
600079
600697
002236
600111
600519
600425
600009
000895
600098
600660
002450
600031
000002
601336
603001
601010
002304
002358
002481
002554
600585
600792
600967
