13155
601166
600383
000024
600005
000002
600048
000338
600031
600036
000488
600030
000717
000001
000651
600585
600631
600150
000568
600022
600317
600000
600016
600519
600048
600028
600036
600019
000778
600859
600383
600331
600694
600456
600005
600631
601666
600663
000917
601166
600050
600087
600569
600823
000069
601988
600037
002008
600153
000839
600529
601628
600685
000568
600169
000539
600150
000402
600022
000527
000983
002024
600269
000060
601699
002022
000910
000768
000999
600720
000021
600176
000930
600547
600588
000869
600285
600100
000793
600900
600030
601318
600050
000002
000839
601628
600997
000898
600642
601169
600153
600019
601919
600000
600075
600036
601398
600316
002024
600415
600100
600895
002021
600897
000009
000952
000825
000069
601390
600880
600628
002022
002122
000911
000937
000623
000402
601088
600058
601111
600795
600963
600031
000895
600616
600499
600748
600612
600150
000046
600009
600423
600029
000910
600303
600592
002084
600005
600588
600141
002067
600739
600570
000026
600269
000667
000550
000848
000933
000012
600428
000878
600804
000797
600519
600201
600252
600549
000972
600585
601006
600089
600832
600270
600486
600282
600879
600001
600729
600737
600377
600266
600279
600258
600325
600183
600660
600162
600015
002088
600425
601600
000400
600389
000900
600062
600035
600033
600096
600376
600256
600016
600028
600584
600754
600631
600236
000616
000022
000969
600271
600327
600583
600240
600337
600261
600138
600361
600831
000567
600263
600383
600960
000652
000027
600011
000031
601808
000800
000061
600380
600529
600686
600030
000002
600739
600000
601939
600019
000001
600005
601318
600036
600031
600432
601111
000568
600028
600900
601166
600029
601006
601628
600050
601088
600104
601919
600016
000858
600169
000968
000625
600102
600547
000063
000878
600519
600631
600309
600649
000623
000895
600383
000651
600795
600362
600350
000402
000983
000898
600150
000539
000039
601666
600290
000612
000031
600887
600361
600591
000729
600786
600808
000024
600282
600320
600459
601857
000531
600489
000800
600096
000759
000831
600481
600675
600066
600736
600048
000006
000410
600688
600690
600875
600582
601168
000709
600673
600183
600075
000401
601001
600111
600268
600583
000908
000061
600596
600115
000562
002045
002024
600017
600037
000807
600854
601318
601398
601628
600036
600030
000002
600019
600005
601328
600900
000858
600028
000001
600428
600519
600004
601006
600660
000680
002024
600600
600048
000422
000157
000932
600001
601166
600497
000568
600016
000983
601088
600177
600694
600489
600009
000410
000401
600000
600583
000898
000069
000767
600331
601333
600100
000895
000423
600031
600236
000629
002008
600266
600500
600837
000651
600881
600690
600596
002152
600639
000009
000581
000960
600104
600779
000860
601857
601939
600535
600320
600808
600518
600037
600718
600007
000039
600631
600033
000778
000488
600276
002022
002095
600467
600169
600011
600748
000043
600183
000562
601002
000939
000538
600352
000012
600059
600058
000978
601390
601169
600196
601601
000869
600138
601111
000972
600008
600824
000717
600015
600786
600299
600176
000031
600797
000089
600636
600528
600256
600202
600642
000060
600271
600664
000623
600096
600406
601808
000848
000061
600820
000024
600325
000667
000528
600269
601866
000999
600153
600879
000402
601600
002037
600739
600010
600050
600895
002024
600519
600036
601398
600009
601318
601628
000792
000063
600000
600030
601699
600028
000002
601939
600143
600585
000423
600066
000869
601006
600583
000898
600048
002153
600685
600309
601088
600320
600596
600000
600900
601398
600005
600019
600036
600030
601166
000002
000792
600795
000001
600016
000651
000898
000069
600582
600886
600331
600022
600535
600153
600596
000539
600808
000878
600325
000858
000422
000951
600009
600236
600686
000729
600583
600027
600183
000717
601328
600675
600863
000402
601318
600299
600739
002024
600479
600748
600102
000024
601006
002008
600888
600309
600525
600028
600482
000987
600690
001696
601111
600012
601919
600549
002068
600037
600089
600428
000012
600993
600439
600123
000046
600067
600694
600971
600729
600887
000825
600761
600519
601628
000338
600350
000581
600290
600096
600469
600307
600383
600150
600066
000839
000972
600303
000063
002122
002121
002133
600660
600750
600327
002003
600529
601699
600406
002078
000917
002131
600026
600880
600835
002061
000028
000625
600062
000568
000709
600895
002038
600104
601003
600438
600030
601628
600028
600016
000039
000063
000002
000651
600900
000898
600036
600519
601111
601006
000402
600019
600660
000031
600585
600761
600631
600858
600887
600583
000768
000869
601088
600005
600511
600875
000951
000410
002032
000987
000046
600859
600011
000825
600048
600456
601318
600000
600795
600276
000538
600015
600332
000069
000562
000629
600685
000717
600628
000927
600016
601398
600005
600036
600031
000568
600690
600030
000822
000002
000513
600100
600000
000001
002024
000718
600029
000709
600519
600900
000024
600320
000898
601166
601318
600660
600019
600978
600675
600380
601919
000039
000157
600383
000088
600050
000069
000933
000932
600015
600183
000878
600069
600089
600966
000027
000651
600887
000006
600240
600028
000612
600075
601111
600970
000983
002052
000028
000963
000090
600367
000541
000625
600971
000401
600973
600583
600162
000629
600085
600309
600210
000488
000581
600997
600875
600161
600785
600739
601006
600143
601628
600736
000997
600525
000608
600628
000022
000778
600601
000825
002038
000858
600098
000655
000860
000837
600067
600074
600693
600317
000869
601600
600572
600058
000930
600795
600270
000828
601699
600673
000755
600886
600026
000522
002069
600497
600166
002001
000900
600582
000400
600189
600037
600780
600547
002098
600748
002029
000848
000061
002048
600409
600651
600489
002010
600600
600829
002032
000685
600880
600694
000677
601601
600521
002095
000001
600102
002025
000837
600230
002010
600022
002106
002001
600000
600533
600482
601006
600584
002128
600469
600050
600561
000046
600535
600428
600900
600820
600423
600861
002046
600383
600754
000972
600330
600665
600607
600183
600071
600268
601398
000973
600005
600376
002054
600580
002155
600684
000963
600036
600161
600012
600489
600713
000662
600111
601857
000069
600030
600467
600082
000488
600195
600838
600496
600702
600785
600528
000960
600325
600409
000661
600432
002076
600307
002138
600547
600202
002003
601628
002153
600488
002101
002194
000050
000869
600675
600106
000063
000761
600029
600831
600520
000831
000983
600019
000002
600036
000898
601006
600000
600028
600030
600005
601628
600585
601318
601939
000983
000157
000069
000528
601398
000410
000063
600583
000402
000858
600016
600111
600015
600547
600037
000651
600048
601111
601088
000800
000039
000709
600519
601166
600717
601001
000423
600631
600143
000401
600383
600058
600991
600096
600428
600586
000568
600859
600029
601919
601328
000792
000878
600489
600511
000717
000001
000933
000012
600675
600050
600183
600456
600685
600900
000625
002024
600761
000829
600348
600067
000024
600396
600269
601390
000623
600150
000825
600780
000807
600835
000927
600361
600508
000960
600270
601666
600642
600600
002025
000937
600591
600887
000821
000422
600062
600739
000951
600104
600004
600000
600900
601919
600030
600016
600028
000829
600019
601628
601318
600100
000402
600309
600694
000069
000002
601166
000895
000898
000825
601939
600859
601088
601006
000792
000858
000983
600048
000563
000968
600058
600050
600596
600675
600143
600971
600236
601111
000060
600511
000088
600616
600216
600748
600308
002110
000046
600961
600519
002024
600269
600029
600263
600436
600828
600415
000897
600202
600348
600037
600895
600406
002069
600161
000723
000608
600739
600795
002080
600085
000612
002092
601808
600270
600887
000685
600472
600428
600189
600508
600808
000616
600665
601857
600531
601009
601398
000960
601628
601988
601398
600028
600030
600009
000002
601318
600005
000878
600050
600015
600019
600900
000898
600808
600100
601328
000651
601919
000060
600383
600000
000001
601939
600036
002024
600016
600519
600028
600016
600005
000002
601166
002092
000157
000069
000562
600697
600900
000898
000680
600518
600308
601988
601088
000024
600690
600685
601006
000983
600887
601919
000910
600010
601398
600511
600000
600115
000800
600739
600036
600030
000001
000831
600266
000002
000937
600307
600675
600028
601006
601628
600655
600019
000623
601088
601398
600895
600315
600361
600376
000527
600518
000539
600809
600408
600808
601919
000858
000797
000428
600067
600611
000898
600000
600966
601939
000800
600642
600409
600362
600104
600118
600016
000852
600779
600456
600508
000666
600350
600299
000608
600598
000410
002024
601699
600823
600066
000651
600001
600195
601857
600528
600963
600748
600997
600426
000581
600252
000597
000895
000792
600396
000157
000709
600631
600015
000755
000024
600111
000911
000839
600122
600428
600585
600219
000419
600729
600663
000822
600100
600875
600050
000063
600458
600054
600590
601166
600754
600835
600062
002092
600269
600829
600488
600439
000612
000039
600150
600879
600900
600309
600183
600600
600189
600886
000983
600138
600616
600009
000401
600834
600109
600662
000815
600491
000652
000667
601111
600438
600036
600000
000002
601166
000001
601318
600030
600048
601628
600005
601939
000960
600383
000898
600028
600029
000983
600104
000933
000709
601628
600016
600030
601318
000001
600036
601939
600015
601398
600028
600690
600029
600050
000927
601111
600591
000002
600009
601666
600000
000063
601166
000937
000825
600123
600997
600005
600585
600019
000960
601988
000831
000778
600736
000528
000060
000898
600569
600153
000933
600001
000651
000488
600808
000027
600096
000717
600026
600973
600352
600572
000823
600396
600423
600361
000829
000709
600312
000680
000815
000338
601006
600261
000401
601001
000661
600586
000912
600517
600150
600376
600529
000507
000793
600232
000869
600649
000762
000024
600970
600383
000858
600067
000062
000908
600048
000039
000839
600809
600325
002007
000652
600240
000069
601857
600583
600887
000792
000531
600258
600037
000963
600322
600104
600584
002028
000759
600795
600210
600978
600748
000550
600166
600216
600195
601166
000568
000898
600028
000623
600019
000895
600519
600036
000002
600016
600001
000612
000755
600050
000031
600663
600320
600409
601006
600299
600031
600748
600808
600100
000425
600205
000729
601088
000839
600795
000717
600005
600058
600280
000501
600360
000651
600820
000858
600590
600426
000807
000539
000423
000024
600030
000002
601318
600036
600000
601919
601088
002097
600362
000568
600031
600005
601168
601166
601628
000960
000755
000061
601939
600104
600900
000006
600426
601699
000024
002024
601006
000825
000623
600015
600978
000612
000088
601169
600028
000983
600547
600087
600048
000858
600309
601857
600029
600690
000723
600064
000800
600117
600111
600765
601398
600509
600058
600500
600066
600806
600096
600383
600612
000423
000758
600357
000628
000046
000761
600016
601601
000718
600202
600795
600837
000700
000159
600348
000651
000402
002078
000837
000338
600508
600060
002054
600026
000001
600266
002120
600456
000708
600236
002116
000767
000401
600616
000898
000878
600785
601808
600206
000831
000042
000707
000528
000039
600887
600631
600685
002170
600675
600549
600308
600230
600007
600970
000910
002073
000043
000823
601600
000792
600122
000836
600269
601111
000562
600331
000418
000419
600361
002029
600098
600641
600280
000726
600858
600009
600263
600511
000828
000933
000609
600825
000501
600055
600008
600590
000597
600089
600019
600638
000999
000417
600188
600183
600519
600069
600287
600011
000666
600761
000932
600740
600282
000690
600635
000060
000807
600343
000952
600210
000584
600240
002083
600835
600001
600555
002092
000598
600583
600991
600085
000900
600363
600378
600589
600655
600216
600679
600389
000422
000582
600808
600832
000822
600517
600591
600366
600801
600138
600021
600559
600153
600686
600050
000629
600018
600300
000541
000839
600197
600627
000400
000625
600365
600177
600798
600123
600600
600535
600713
600585
600037
000063
601390
000522
000717
600823
600162
002007
600578
002082
600754
600418
000069
600720
600824
600584
601866
600320
000657
000002
601628
601318
601398
000768
600026
601088
600050
601006
600019
601111
600104
600036
600795
000878
600820
600062
000759
000983
600087
000422
000800
601939
600028
000709
000528
601919
002106
000063
000625
600900
000858
000680
600016
002078
601328
601333
601699
000550
600875
600018
600835
600010
600029
601390
600631
600697
600270
600511
000897
000729
002155
600997
600348
600055
600017
600001
000932
000520
000698
002183
600717
000059
002001
000022
000401
000868
000959
002152
000031
000937
600006
600710
600863
601857
600121
600500
600377
002031
600269
600089
600198
600350
600143
600028
600233
002024
601601
000825
601088
600583
000423
000568
600268
600997
601666
000157
000410
000837
601601
601999
600582
600900
601398
601628
600019
600028
600132
601318
600030
601600
000623
600795
000952
600153
600050
600782
601168
600111
000042
000422
600588
000910
600005
600500
601390
000858
601006
601939
600997
000983
600970
000717
000709
600100
600963
000046
600748
601166
600008
600376
000568
601919
600616
000002
600606
002088
600361
000001
002093
600628
600029
000525
600123
000758
000869
000825
000069
002140
000898
000567
000792
600089
000002
600030
600036
000001
600963
601166
601318
600361
600900
000898
601628
600997
000848
600075
600067
600308
600048
600423
000831
000825
601398
000089
600697
600642
601006
600686
002088
002024
000911
600299
600263
600754
600383
600499
600282
600519
600694
000869
000895
000717
000423
600795
600782
002084
600748
600028
600535
600585
000560
600150
600009
600089
600005
600785
000625
600486
600104
600879
000012
600376
600096
601390
000800
002063
600717
600428
600832
000042
600050
600100
601001
600592
000024
000839
002067
000402
600258
600549
600001
600583
600015
601919
002018
002133
600153
600309
600458
000667
600570
600808
600312
600269
000623
600279
600327
600111
600266
600026
600970
600261
000488
000933
600966
600960
000759
600406
600897
000972
000088
000792
000002
600036
600016
000069
600048
601939
601398
600383
601318
600000
000001
600030
000024
600683
601166
600052
000537
000878
600252
002183
600830
600240
601919
600230
600415
600266
002022
600309
000960
600086
601390
600331
600519
600713
600009
000422
000667
600290
000006
601857
000869
600325
600019
600538
600059
600026
600005
600600
600367
000635
000522
600858
601006
000423
001696
600058
600439
601601
002142
601166
600383
000157
600282
000898
600660
600786
000422
600028
600308
601328
600026
600019
000039
600428
600219
600009
000063
601939
600325
600030
600036
000002
600900
600000
600383
600050
600009
000001
000402
601398
601318
600717
601006
000063
600104
601988
000898
601169
601111
000625
600019
601919
000807
601088
600029
000031
600519
600236
000539
600269
000858
000987
600183
600361
000528
601628
600005
600096
600428
600377
600085
000927
600309
600001
600177
600511
600596
600004
600591
600360
600276
600066
000069
600169
600028
000759
600808
600795
600616
600837
600016
000562
600583
601857
600697
600048
600859
601601
000417
000550
002152
000983
000878
600518
600012
000024
000686
600887
600600
600686
000869
600748
600378
000612
000616
600528
600675
601390
601866
600835
600282
600320
002008
000910
600481
000933
000917
601001
600827
000875
600007
600123
600268
600067
601699
000022
000027
600533
600547
600019
601318
600036
601398
600028
600717
600016
000898
601006
600900
601328
000002
600005
600009
000651
600015
600150
000001
600519
601628
600050
000069
600309
600875
600031
000709
600383
600583
600143
600795
000423
600001
600299
000063
600584
600859
600694
000717
000625
600315
600048
000792
600549
600641
600456
000858
600415
000088
000338
600102
600320
002022
601166
000572
600029
600037
600428
600008
600675
600673
600276
600616
000016
000402
600418
601088
600022
000581
000401
601390
600423
600761
600269
000895
600786
000419
600189
000800
600887
600125
000983
600308
600331
600026
601919
000568
601111
600880
600895
002122
600386
600590
600697
600337
600693
600000
600169
002024
600350
600690
600086
000528
600361
000758
000039
000410
600686
600327
600058
002028
601857
601166
600036
000069
600383
000410
600067
002097
600479
600675
000852
600588
000630
601628
000402
600761
000002
600019
600795
601390
600028
000002
600036
600019
000878
000792
601699
601318
601398
600383
000001
600348
600016
000898
000069
600900
600569
600660
600015
600004
600104
600887
600795
600325
600030
600591
000960
600717
600308
600000
600694
600266
000063
600497
000758
000729
600048
600009
601390
600895
000651
000970
600886
600150
600337
600376
601006
000983
600879
600519
000858
600997
600276
000401
000402
600600
600456
601939
600585
600875
600737
601088
600649
600720
600309
600361
600675
000537
600016
601166
600030
600036
600015
000002
600029
600028
601318
601398
600383
600037
600795
600009
600048
600415
600717
000069
600428
600887
000088
600675
000895
000401
000001
600690
601328
600000
600591
000625
600583
601006
600005
601111
601628
600266
600376
600693
601088
600859
600588
002080
600258
000680
002024
600584
600360
000024
600011
600085
600581
000061
000768
000031
600001
600694
600026
000987
000651
002078
600086
600276
600641
600268
600315
600299
600997
600489
600823
000718
002067
600087
601318
600036
600048
002024
000001
601088
600030
600694
601398
600031
600050
600835
601006
600011
600508
601166
600019
600058
600000
000983
600547
000858
601939
000568
600325
000898
600519
600795
002122
000878
600240
600029
601699
000690
002106
000031
000024
600028
000028
600062
600557
000895
600258
600282
600021
601600
002124
000022
000623
600015
600104
601857
600489
600361
600037
600966
000759
000401
600880
000761
000422
600820
000960
600690
002080
000063
002073
002152
600765
002177
600886
002078
600655
000709
600267
600322
600016
000488
000729
000581
600717
600005
601111
600887
600183
600067
000777
600569
600628
600748
000507
600238
000062
000002
600036
601318
000001
600005
000825
000858
000898
600030
600019
600583
600000
601166
600549
600015
000423
600309
601398
600383
601628
600195
000069
000060
600748
000612
600016
600320
601988
000651
601666
600362
000402
600900
000157
000709
600997
000568
600582
000623
601088
600739
600037
000422
600879
000031
600111
600009
600428
600718
600048
000829
000917
000751
600100
600096
000895
600713
600616
600694
600059
600795
000625
000039
601857
601006
600750
000920
600518
600519
600628
600835
000666
600820
600585
600380
600323
601111
600886
600058
000972
600266
600011
600348
000027
600029
001696
601601
000525
000652
600125
600642
600161
600511
000978
000559
600026
000410
600183
000926
000629
600978
600031
000837
000933
600268
600415
000860
600299
000063
000619
002037
600855
600607
600316
601390
000790
000852
600022
600231
000090
600201
600308
600809
600811
000600
600307
002007
000888
600325
000630
600327
000530
000039
600588
600019
600685
600009
600036
600000
600050
600096
600028
600016
600423
600897
600585
002022
600596
000898
000024
600219
000002
601088
600271
600962
000060
600005
600900
600015
000983
600348
600026
600693
000581
000878
000528
601168
000937
600030
600663
600628
600497
000858
600631
600428
600280
600592
000069
600639
600236
000807
002129
600521
000895
000012
600383
000888
601111
601628
002028
600115
600089
600761
600019
600005
600036
600030
600000
601398
601328
600900
000002
600887
000951
600808
600886
000729
000088
600016
600535
600598
000539
600583
600019
000002
600005
600900
600000
601398
600030
600036
000898
000069
600016
000001
000402
600331
601939
000878
601166
601318
000983
600886
000024
000012
600022
600583
600143
000651
601919
000625
000046
000800
600009
000063
000581
000729
600325
600307
000858
000401
600997
600153
000422
600104
600236
601006
600535
600048
600028
600266
600497
600748
000792
600808
600888
600428
002152
600183
600299
601333
002008
000623
600739
000709
600582
600795
600062
000951
600361
600102
600290
601328
600005
600030
600000
600019
000063
000898
000002
000001
000581
000539
600048
000917
600900
002017
600886
000717
600863
600748
601009
600497
601166
600036
600900
000898
600030
000568
600309
002024
600383
601398
600028
000825
000402
600361
000002
600050
600005
000024
600016
600000
000039
600859
600761
601111
600717
600519
000012
600282
000829
601006
002122
600037
601088
000527
000419
600596
000581
600971
601001
600026
600089
000792
600219
601318
601857
000060
600456
600583
601390
601939
600031
601919
600195
600415
600337
600693
600428
002106
600022
600019
000539
600266
000877
600162
600161
600649
000729
000793
600607
601009
000759
600320
000680
600628
000800
600426
600548
000022
000937
600631
000157
000625
600598
600591
000069
000910
601628
000848
600831
600582
000522
601808
600879
000951
600380
600327
600183
600795
600685
000651
600066
600322
000550
000657
000619
600895
600823
600033
600584
600511
002164
600489
600104
601699
002073
600806
000528
600256
600797
000731
600824
000063
600665
002029
600521
600009
600963
600585
000597
000882
600082
600201
600030
600036
600739
000623
600016
600028
600000
000002
600019
000898
600639
600219
000157
002024
600886
600690
000858
600123
600104
600026
601166
600129
000039
000063
000717
601318
600631
600675
600825
000488
600978
000708
601333
600201
601666
600308
002038
600511
600195
600075
000031
600616
000423
600420
000528
000825
601628
601006
600686
600438
000042
000069
601398
600009
600312
002028
600281
000402
600415
600963
000823
600005
600785
000815
601919
600879
000602
600037
600684
600428
600048
601111
600050
600307
600895
600015
600162
600150
600058
600801
600585
600673
600383
000876
600011
600581
600832
002001
601988
000792
600809
000987
002054
601699
000983
600489
600199
000022
600263
000060
600881
600829
600117
600303
600348
600697
600586
600022
600694
000910
601857
000709
600320
600900
600125
600572
600456
002045
600990
000024
600993
600004
000807
600085
601939
000677
000572
000959
000501
000878
600582
601601
000625
600467
600196
600001
600230
000001
000932
000061
601169
000515
600059
000758
601168
000002
000898
600030
002024
000001
600782
600325
601318
601006
600000
000623
600048
600036
601628
600019
600009
600150
600642
601166
000568
600062
000522
000088
600111
000039
000069
000858
000800
600997
600835
600900
000709
600011
000063
000666
600067
600028
600475
600396
600100
600423
601001
600299
600675
601919
601111
600005
600519
600655
601390
600489
600050
600690
600058
600153
600499
600096
000488
600879
600269
600312
002083
601398
600361
000917
600607
600266
000933
000089
600036
002024
601398
000002
000063
600019
600104
000568
000983
600016
600005
601088
601166
600895
600028
600383
000825
601939
600900
600718
600005
600036
600016
600795
601939
600028
601398
600000
000001
600425
600015
600026
000898
000402
002092
600548
000709
600598
000069
600591
000069
600036
600875
000002
600162
601919
002024
600030
600150
000012
600519
601398
000024
000513
601166
601318
600432
600048
600269
600693
600000
600019
000060
600031
600383
600489
600050
600005
000001
002001
000709
601939
600309
002029
600320
600583
601088
000983
600585
601006
002078
601628
600299
600100
000655
600456
600428
000960
000568
600240
600104
600436
000400
000685
601111
000401
000927
000758
000522
600028
600276
000878
000768
600887
002032
600557
600995
600029
600547
600016
600089
000898
600069
600026
600497
600195
600739
600058
000900
600597
600316
000623
000858
600022
601857
600183
000031
600067
600177
600331
000046
600966
000625
600795
000562
600052
600282
600001
000089
600832
600549
000616
000952
600677
600308
000027
000807
600725
000617
600867
600596
000786
600376
000933
000039
600785
600035
600971
000792
600246
000926
002047
000987
600389
601601
002031
600660
600352
002073
600978
600690
600673
600087
600350
600720
600357
600129
000028
601390
600030
000002
600036
600028
600050
600519
000039
600900
600111
601318
000024
600031
000001
600019
600011
600009
002024
000983
600835
600312
601398
600177
601006
600016
000063
000488
601088
601166
600642
600601
600029
600015
000006
000652
600001
000878
600521
600104
600717
000839
000858
600048
000768
000825
600489
000651
600350
600583
000422
601919
601111
600879
600005
000619
600463
600362
000507
600795
600688
601628
600832
600161
000088
601939
600500
600649
000528
000550
000690
600266
600863
600058
000762
600089
600307
000031
600527
600895
600382
000910
000792
000612
600348
600627
601857
600660
000069
600585
600612
600406
600588
000685
002084
600096
002017
600639
000607
000537
000807
600628
600317
600754
000680
600100
002177
002012
600839
000060
000937
600176
600067
000400
600887
600535
000625
600269
600000
600428
600012
600826
600251
002050
601333
600309
000410
600085
600276
600596
000012
600723
000089
000759
000538
600438
000402
600563
600488
600808
002132
600739
002025
000758
000987
600569
000729
600561
600331
600600
600026
000869
000960
000837
600631
000568
600029
600036
000001
601398
601111
000069
000002
600030
000983
600005
600000
600048
000960
601088
600585
601699
600331
002024
600739
000568
000401
000800
600348
600115
600591
600690
601628
600150
600547
600019
600309
000933
600675
600037
601318
000651
000402
600050
601988
600277
600500
601001
000623
601166
600519
600549
000539
600320
000024
600028
600439
600266
600527
000819
600886
000616
600016
000825
600859
000717
600188
600031
601857
600383
000951
600489
600001
600488
600546
600470
600282
000785
000046
600900
600067
600325
600655
600971
600352
600390
601601
600261
600482
000560
000001
600030
600036
000002
601988
600028
600005
600050
601318
600016
000825
601166
002024
600000
000402
600900
600309
000069
000562
600690
000061
600739
600029
601006
000960
000063
601111
600519
000951
600859
000858
600019
600887
000039
000623
000088
601628
000401
600195
000024
000898
000792
600675
600547
600616
000059
000933
000878
600198
600470
600169
000759
600809
000538
600161
600052
600825
600639
600787
000751
601001
600015
600325
000616
000839
000661
000560
600383
600583
600031
000652
000565
600655
000568
600702
600858
002007
600058
000410
601088
600525
000022
601939
601318
600036
600030
600005
600048
000983
600029
601398
601919
000002
601088
601628
000898
601166
600519
000069
600019
000157
000001
600000
600547
601699
000933
600011
600585
601857
000651
600489
600739
000401
000960
002024
000625
601939
000402
000568
601111
600031
000792
600104
000878
600050
600685
600761
000825
600795
002183
000800
600309
002142
000616
600162
002194
000423
600690
000063
600016
600616
600750
000039
000623
600141
000858
600028
600600
600900
000661
600835
600887
600015
600694
600138
600859
600713
600102
600166
600192
600022
600787
000927
600195
601006
600036
601398
600000
601166
000568
600030
600005
002024
000069
600519
000012
000960
600029
000002
000878
600019
000651
000402
600050
000001
600016
601088
600036
600000
601006
600030
600009
600900
601628
000069
000858
600005
601318
000002
600050
600019
600675
600547
600383
000501
600150
000006
600015
600037
000562
600963
000960
600859
000568
600037
600028
600036
600030
600143
600000
601318
600029
600016
600150
600674
600786
600050
600509
601088
000157
000002
600583
000876
000002
600028
000792
000157
600030
600143
600583
600019
000039
000898
600005
600036
600685
000410
600000
000402
000825
002097
000625
600320
600456
000651
600383
600206
601398
600299
600547
600150
600690
600582
002037
600519
600489
600009
600048
600585
600675
000709
000063
000983
600991
000069
000024
600058
600428
000528
600835
000878
601666
601088
600467
600016
000401
000717
601111
000966
600123
600357
002122
000560
600509
600717
600067
600508
600309
000807
600307
600660
000821
600037
601166
600331
600096
601601
600499
002078
600015
000933
000031
600271
600596
600312
600970
600050
600472
601001
600495
600815
600352
600104
000729
600268
601628
000800
600750
600010
600022
600584
601318
000612
600327
600761
600997
000937
000755
600879
000568
002140
000858
600785
000400
000968
000060
600216
600423
600780
601006
000338
600570
600529
000419
600029
600386
000608
600418
000951
600973
600036
601006
600030
600195
600428
600000
600009
600900
600717
002024
600859
600795
600143
600269
600016
600519
601628
601398
600350
000001
600697
600897
601318
600015
600004
600396
600467
000560
600991
000063
600371
600123
002097
000488
600500
601166
000069
600035
000910
600694
600086
600809
000039
600376
600426
600337
000410
600327
600978
000848
002022
000829
600201
601111
600219
000568
000024
000623
601988
600029
000900
000858
002025
600823
002140
601001
600005
601390
000002
600236
600062
000792
600509
000608
000709
000860
601088
601919
600528
600583
600675
600361
600739
600750
600325
600087
000031
000729
600785
600067
600206
600270
000800
600048
600423
600026
600887
000625
600790
000869
600030
600005
002024
600000
600150
600036
000983
601628
000002
000898
600519
600547
600675
601939
000157
601318
600019
600583
601001
600016
000755
600886
000623
000800
600048
600325
000001
601088
000717
600029
000024
600685
601666
600348
600900
000651
600309
600361
600176
000568
600879
601111
000612
600528
601006
600050
600177
000402
601919
600859
000063
000338
600970
600104
600066
600089
600533
600015
600739
600875
000410
600690
600895
000652
600641
000666
002038
600585
601398
000401
000927
000858
000501
600143
600963
002122
600075
000829
600028
600823
000031
600266
601166
600219
600428
600694
000060
002128
600548
600459
000709
600031
600582
600550
000400
002028
600282
000729
600269
000878
000090
600786
000520
600673
600717
600438
600007
600997
600087
600036
600016
601318
600015
600019
601398
600000
000001
000898
601166
000039
600005
600997
600383
000937
002024
600900
600195
000002
600030
000651
600050
002038
601988
600123
600269
600028
600166
600785
600360
600519
000792
600075
601666
000063
600780
000858
600685
600675
000422
600236
600022
000623
600037
600177
000933
600096
000983
600201
002010
000157
000060
600887
600970
600307
600418
600739
600717
000807
000088
000401
000951
600583
000707
600456
600331
601111
000550
000900
600348
000878
000612
000616
600663
601088
000402
000952
000400
600309
000927
600299
600697
000006
000825
600415
600282
000709
600639
600150
600012
600029
600467
600963
600026
600054
600971
601628
600469
600795
600600
000815
600642
000869
000089
000903
600129
000528
600143
600459
600809
600007
600585
600590
000619
600017
002021
600834
600595
000932
600527
601001
600351
000729
600557
600206
600183
000968
600118
000717
002106
600589
600202
601328
600262
600325
600725
600831
000531
000761
600535
600266
600067
000755
000680
600597
000850
000042
002086
600161
601919
000024
000800
000708
600810
002068
000963
601699
600966
600033
600748
002078
600718
600879
000919
002022
000939
000630
600586
002080
600098
600438
600290
600812
002045
601006
000562
601872
600122
600740
600828
000960
000062
600160
000625
600867
600481
600660
600786
600489
600815
000690
600741
000636
600030
600050
600019
600000
600900
000858
000652
600015
600016
600036
600739
600005
600028
000002
601390
600717
000623
600519
000898
600320
000001
601006
000060
601166
000897
000878
601318
600058
600837
000039
000895
000027
600150
002069
600008
600331
601919
000751
000629
000839
600887
002128
000562
000999
000917
000088
000951
000089
600085
000063
601001
601939
601628
000960
000983
000807
601857
601111
000630
600631
601088
600037
600547
600236
000612
600808
600879
000581
600064
600685
000501
600009
600791
600036
600000
600030
000002
601006
600016
600900
601390
600383
600005
000825
600309
601088
601939
600015
600050
000858
000568
000039
600028
601628
600050
600036
000069
600569
600030
000869
600028
000001
000088
601318
000012
000709
600900
000063
600887
600690
600236
600519
600189
000778
600087
000031
600161
601006
000761
600880
600016
000002
002001
000793
600000
000402
600005
000997
002078
002021
600978
000819
601111
601939
600795
600019
000024
600628
600966
600535
000822
600069
002111
600785
600268
000858
600962
600001
000090
000608
600971
600031
600406
000917
600596
600210
600004
600015
600835
600348
601919
600309
600518
600383
600888
600764
000568
600303
002061
600048
000998
600050
600016
600900
601398
600102
600028
600030
000839
000402
600005
002095
600887
600036
000001
000983
600096
601006
601857
600438
000858
600320
601318
600009
000069
000729
601333
601666
600428
000539
600675
000060
002025
600832
000629
000630
600000
002128
600071
600713
000063
600019
601628
600779
002155
600362
000800
002001
000401
600662
600895
600467
000616
000066
600098
600029
000898
600886
600270
000002
600820
600628
002106
000709
600266
600598
600690
600884
601111
000031
002022
600879
000758
601939
600117
601919
600702
600001
600188
600640
000581
600684
600665
600048
600649
601001
600316
000869
600208
002061
000937
601005
600058
000559
600812
600004
000568
600219
600748
600997
600100
000089
600409
600075
600563
000837
600196
600971
600006
000039
600725
600995
600838
600482
600426
600415
600358
600597
600561
000831
600322
600835
600488
000960
600169
600022
000973
600470
000912
600012
000488
600795
600519
000807
600600
600161
600584
000878
601002
600072
600469
600183
601998
600257
600028
600238
000060
601006
600036
600580
601398
601939
600030
600383
000069
601088
000002
000401
000024
600111
600547
600616
600005
600075
600596
600308
600685
000568
600665
600029
600900
000917
000858
600879
600597
600649
600585
600088
600482
002102
000951
600795
002146
000825
000001
600016
000157
600740
002082
601318
600037
600087
002056
600376
000031
600737
000515
600675
600320
000022
600050
600717
600501
601628
002043
002106
600007
600019
600230
600449
002018
000617
600357
000792
000717
000021
600997
600058
600253
000538
000012
600489
000690
600677
600470
600085
600367
000063
600317
600350
000550
600527
600859
600183
600027
600886
600831
600548
000539
600132
600583
600966
000762
002073
600519
601009
000528
600584
000039
600410
002003
000400
600028
600005
600616
600000
600432
600016
600030
600216
601166
600019
601919
000069
600050
000001
601398
600886
000898
600270
000002
600961
600236
600426
000825
000402
600100
000031
601318
600533
601628
000012
000858
000680
600690
600317
600795
000088
002054
600717
600360
600684
000089
600017
600812
000815
600697
002052
000983
000685
000538
600011
000718
600169
000541
600028
600000
600005
600616
600030
000001
000069
000002
601398
000983
600016
601166
601628
600019
600216
600050
601919
000402
000898
601318
600270
600432
600169
600886
600100
600426
000060
600795
600360
000012
600533
600236
002052
600961
000089
000680
600900
600697
000825
600511
000031
000623
600900
600028
600030
601006
600026
600029
601111
600050
000063
601919
600396
600087
600675
600795
601318
600428
600896
600016
600325
600236
600000
000507
000973
600993
600500
600323
600019
601628
000002
600591
600005
000001
600008
000534
601088
000900
600990
600269
600748
600121
600688
600570
600125
000088
600004
600036
600270
000510
600290
000968
000031
000983
000338
000858
000785
000520
000027
000602
000539
600131
000667
000929
600649
600221
600879
600219
000006
600048
600230
600872
000407
600301
600393
600810
600009
000960
601808
600388
000933
600011
002152
600000
600036
600031
000800
000002
000709
600030
000825
600348
000612
600325
000001
600050
600312
000060
601939
600309
600005
601009
601006
600162
601628
002155
000858
000027
601318
600075
600087
600415
600104
600600
000410
000401
600153
600236
000927
600048
000024
600305
601857
600268
600009
600183
000159
600004
600276
600122
002054
601919
000987
000063
600150
600396
600299
600008
600900
600115
600582
600028
600612
601628
600036
600005
600000
600019
601318
600690
600900
600028
601398
600009
600016
000002
600030
000898
000825
600519
000625
000001
600015
600050
000759
600100
601006
600308
000709
000157
601166
601328
600616
000800
600456
002024
000839
000933
601390
600832
000063
600325
600583
000778
000822
000401
000927
000027
000039
000060
000612
600887
600383
600266
601666
600685
000541
600037
600022
000338
600718
600675
600511
600396
000768
600835
600331
600694
000963
601088
601939
600000
600036
600005
600030
000002
600019
601318
600383
601166
600519
000878
000933
601628
000001
000338
002024
600028
000157
000651
601939
000825
600583
600269
000792
000987
000898
600557
000829
601006
000759
000063
000006
601398
600547
600009
600511
600308
600456
600048
600694
600016
000800
000060
600028
000858
600320
600019
600009
601318
600005
600036
600085
600583
600717
600585
600685
000002
600030
600887
600361
000568
600631
600125
600000
600026
000528
000729
600675
601088
600050
000061
000069
600016
601939
000625
601919
600096
002024
600628
600521
600686
000401
002129
000898
600309
600216
600150
600607
000690
601398
600036
000402
600879
000002
601318
000768
600028
600000
600748
600030
600309
600111
000527
600005
000937
600350
600786
000625
601919
600675
600688
000422
000900
600104
601006
600269
601111
600195
600528
600015
000012
600037
600019
000401
600016
000423
600415
000717
000651
000707
601939
600035
600208
000338
600202
601666
600428
000793
600122
000597
000501
600585
000088
600282
000825
601088
600840
600631
000800
600797
000680
600376
000759
600409
600736
600900
600808
000157
600029
601628
600284
600583
000417
600729
600009
600628
600495
002013
000852
000983
601857
600713
600963
600183
600897
600176
000572
600765
000089
600085
600240
000652
002010
601601
600030
600036
000002
600309
601166
000898
601628
600900
600009
600519
600100
002024
601318
000069
000001
600000
000612
600153
600219
600320
000898
600019
601398
600739
600005
000002
600036
600320
600048
600748
600016
600028
002024
600000
000612
601006
601169
000858
601318
000001
000568
600029
000063
600026
600675
000983
600052
000503
600383
600309
000039
000831
600166
600115
000768
600177
600316
000623
000822
000878
601699
600050
600888
600010
600252
600900
002122
600761
000807
600015
000751
600458
600308
600585
601111
600210
000800
600528
000709
000625
600978
600331
600415
600895
601939
600500
600628
600104
600208
601088
000488
600416
600348
000157
600251
600489
600660
000755
600096
600298
002008
000778
600376
601328
600596
000088
600835
600606
600067
600122
600396
600201
600027
000927
600685
600795
600591
601872
000680
600372
000951
000917
600519
000677
600100
600677
000960
000069
600673
600548
000718
000539
000024
000690
600631
600325
600595
000060
000629
600971
600161
600428
000661
000933
002022
600808
000920
600269
000790
000401
000559
600009
600508
000903
002140
000910
000666
600001
600282
600875
601002
600713
600569
600018
600219
600527
600352
600886
601001
600863
000825
002007
600102
600636
600488
600375
000410
600258
601600
000617
600581
000538
600517
600125
600284
000562
601628
600663
002061
600008
600547
002031
600509
002147
600312
601166
000507
600350
000657
000758
600123
600378
600143
000859
000522
601919
600071
002152
000830
600820
000932
600012
002093
600583
000708
600132
600176
600192
000425
600475
000061
600456
000963
600062
000762
600960
600584
000419
002051
600036
600030
000002
600019
002024
600309
601398
600219
601628
600900
600519
601318
600596
000063
000024
600000
600009
600271
600028
000338
600028
601398
600900
002092
600050
601601
000002
000651
601857
600875
600036
000983
601318
600015
600030
000063
601939
600104
600087
601088
600005
601006
000933
000768
000960
600309
000539
600717
601919
002122
600048
002187
600795
000410
600062
600009
600029
000402
002153
600350
600886
000028
002106
000061
600011
600426
600806
002152
002177
600820
000522
600591
600423
000759
002146
600801
000422
601111
600058
000655
600486
600348
601628
000022
600511
600019
600312
600557
000537
600479
600276
601390
600439
000895
002183
000727
600879
600600
600195
601001
000878
002073
600036
600030
000069
000002
601919
600000
601318
000060
000157
601166
600009
601111
600276
000951
600150
600348
601088
000878
000612
601699
600030
601318
600019
600028
600900
600050
600036
600009
601628
000002
600887
600016
600000
600519
600383
600005
600588
600004
000729
600415
600036
601398
600030
600019
000002
601318
600000
601988
601006
601628
002024
600383
600009
600050
600309
600832
600895
600028
600016
000898
000039
000157
000858
000031
600320
000402
601111
000089
000625
000063
600519
600029
000423
600786
600660
600639
601001
600900
000680
600058
000002
601398
600036
000983
600015
002024
600000
601006
600028
600739
600104
600900
000063
000898
600005
601088
601318
600050
000709
600325
600019
000562
601111
601169
601328
000800
000612
600997
600016
600598
600591
600001
600029
000651
600748
600087
600639
600048
600675
000024
600348
600616
000616
600307
000563
000878
601919
000157
601988
600320
600694
600062
600383
000717
600456
600533
000667
600736
000006
600026
000657
600808
000625
000860
600641
600037
600855
000655
000937
600569
000559
601628
000759
601699
000568
000751
600195
000960
000031
600547
000652
600895
600111
000792
601166
000027
601666
000069
600697
000663
000039
600458
600035
000530
600096
600879
600495
600196
000419
600663
600489
600210
600066
000917
600027
600360
000927
600377
600058
002078
000972
000796
000042
600316
600761
600010
600123
600075
600823
600592
000761
600022
600606
600581
000858
600820
600219
600067
000501
600008
600628
600500
600693
000823
600115
000417
600583
600019
600000
601919
601398
000825
601006
000002
600015
601390
600030
600016
600005
600036
600596
000623
600309
600519
000652
600600
600050
600028
600026
600900
601628
600011
600717
600269
600050
600236
600015
000063
600428
600121
000690
000900
601398
601006
600267
600649
000022
600020
000826
601919
600396
600795
000839
600123
000828
600270
600323
000002
000429
000933
601857
600177
000088
600037
002181
600004
600018
000089
000677
600377
000917
600886
600012
601111
000886
600017
000612
600035
600831
600896
000027
000548
000878
600008
000531
000539
600030
600528
600662
600033
600021
601939
600362
000930
000858
600879
600995
600350
600488
600141
600030
000690
600036
600028
600219
601318
601088
601006
601628
600019
002128
600884
601111
600436
000069
600026
601328
600896
601166
601919
600050
600900
000960
600717
000522
000002
600787
600009
600489
600153
600016
600966
600872
601398
000623
600005
000709
000758
600017
000655
600162
600048
601857
000755
600000
002010
000858
600428
000933
000968
600684
600755
600697
600596
000848
600675
600426
600416
600887
000888
600309
000061
000657
000825
000800
600352
600054
600895
000878
600795
600748
000024
600600
000837
000759
600655
600527
002153
601939
000598
600570
600879
600125
601600
601390
600415
000568
600886
600320
600396
000869
600828
600535
000900
000537
600123
000895
600121
000762
600519
000999
000619
600029
600087
600015
000031
600082
000089
000602
000043
600810
600393
000926
600325
000973
601333
002111
000822
600607
601866
600189
002069
000793
000919
600555
600122
600589
000060
600258
600660
600307
600066
000531
600177
600963
000768
000559
000616
600993
000088
601601
600446
000513
600253
000961
000718
600519
000063
600016
601166
600019
600030
601088
600005
000069
000829
600825
601398
601919
600748
601006
600028
600456
600111
600036
601001
600031
600299
000568
000031
000898
600694
600517
000425
000002
600208
600015
000024
000968
600585
600320
000895
600761
600631
601318
600036
600030
000002
600000
600978
600028
601006
000858
000651
000709
600426
000828
000831
000006
600009
601398
600019
600031
600406
000157
000792
000001
600104
000039
600011
600383
600005
600900
000024
601166
600970
000895
601001
002120
600016
000069
601088
000623
002116
600320
600508
601628
000423
600230
601328
600858
601919
000027
600050
000031
600583
000900
600309
000063
000401
000999
600547
600015
000417
600177
600269
002073
600280
600276
600361
000726
000159
601939
600628
600026
600037
601169
600586
600717
600337
600060
600489
600660
600887
601600
600638
600761
600439
600785
600616
600143
000609
600069
601111
600529
002029
600694
600875
000690
600963
601333
000876
000061
000088
000898
000528
600240
000488
000910
000400
600886
601601
600739
000584
600206
000963
000402
600268
600596
600085
000829
600383
600036
600489
601166
000001
000983
000878
000002
600048
000623
601318
000568
600100
600016
601699
601939
600000
600428
000960
000933
600426
000069
600089
600026
600352
600030
600087
600150
000157
000625
002146
002024
600519
600963
600685
600062
600859
600895
600019
600690
600557
000159
002003
600880
600138
601628
000418
600276
600858
000759
601857
000963
002032
600308
600886
000024
600888
600966
600005
600820
000063
600177
000560
600269
600009
600011
600082
600143
600831
601390
600028
600835
600499
600487
600066
600246
000829
000837
600511
000858
600305
600161
600525
000815
002028
000031
600718
600555
002097
600236
000751
002111
600900
600096
601601
002025
600500
600748
002106
000559
000936
600717
601628
601318
600739
600050
600030
601088
600361
601919
002024
600519
000001
000063
000898
000792
600000
601939
601390
601601
000061
000581
601166
600348
600005
600036
000983
600489
600825
600997
601600
600408
600717
000002
600808
000031
000807
600026
000911
600282
000768
002142
600058
600150
600642
000762
600406
000401
601009
600022
600508
600357
601006
601328
000709
600015
600075
600298
000069
000882
600029
600694
600837
600036
600019
601318
600000
600016
600005
600030
002024
000002
600519
601006
000898
000001
600048
000069
601166
600585
600309
601001
601628
600583
600383
601919
600276
000792
000024
601699
000039
600037
000612
000063
600596
601111
600694
000983
600859
600029
601088
600348
000538
600675
600104
600761
600161
000895
600809
000157
600028
600547
600600
000423
600123
600970
002008
600361
600007
000800
000402
600887
000829
600266
000006
600085
600269
000568
600150
000410
000933
000869
000031
600569
600718
600031
600729
600685
000987
600900
600258
000090
600582
002022
600315
000528
000625
000400
600206
600299
600312
002007
000401
600748
000839
600143
000825
000623
600895
000562
002061
600050
000917
600584
600489
600739
601857
600616
600831
000858
000999
600458
600867
002032
000888
002037
600829
600428
000927
600298
601169
601601
600195
600456
601318
601398
600036
600028
000402
600786
000338
000527
000768
600879
600309
601628
600037
600016
600000
600030
600015
600415
600631
000937
000002
600019
000898
601006
000793
600350
601939
000717
600035
601111
000900
600029
000707
601088
000825
600900
600195
601169
600688
600963
000625
600033
600383
000978
600808
000157
600050
000563
000888
002010
000012
601919
000800
600011
000562
600641
600748
600750
600886
600795
600176
600859
000002
601628
000878
601318
600016
000983
600519
000060
600000
600028
600331
600066
600036
600362
002024
600325
000069
600048
000792
000858
600675
600030
000157
000895
600415
000024
600508
000755
000807
600489
601699
601088
600143
600596
000758
601166
600628
600009
600406
000612
002007
000951
601111
000829
000839
000912
000869
000528
600748
000709
000608
600879
600315
000898
601006
000402
600282
000001
601003
600019
002067
600177
600098
600739
600900
600649
000630
600887
000012
000002
600036
600016
600519
600000
600030
002024
600005
600808
600015
600739
600585
600031
600143
600383
601628
601318
000858
600331
600028
000623
000006
600809
600649
600019
600309
000069
600675
600269
000001
000792
600050
600048
600066
601166
000839
600415
000898
000060
000629
600694
600009
600115
000933
000869
600008
000709
000927
000983
600660
000878
600177
600196
600642
600529
000063
600895
601398
600963
000537
000960
600978
600685
600408
600887
600740
000401
000895
600072
600361
600795
600312
601009
600531
600704
002069
600123
600717
000919
600428
600863
600439
600884
600348
600598
600362
600096
600591
600067
600432
000876
002028
000612
000539
000698
000568
600007
600761
000731
600219
600029
002041
600518
600117
600352
600688
600488
600271
600001
601939
600107
600628
600549
600631
600900
000829
000562
600547
601111
000024
002029
000800
000755
000758
600357
000510
000031
000748
600755
000522
600612
600236
600859
000598
000528
000338
600104
600004
600832
600596
600600
600677
000009
600089
600960
000428
600563
600790
600390
600166
600332
000972
600971
600690
600118
600087
000951
000680
600161
600299
600176
000667
000625
600406
600282
601857
600583
600508
600308
600109
601328
600858
600111
000157
600812
600663
000978
600621
600467
000900
601988
600100
600586
600886
600195
600500
600210
002078
000488
601919
000090
600867
600183
600497
000976
600037
601088
000423
600874
000959
600201
000968
000875
600217
601666
600489
600470
600748
002155
600064
600594
600230
002123
002071
002003
600360
002076
002098
600486
600276
002084
600416
600546
600584
002007
600085
600655
600438
000899
002045
600823
000708
600033
600028
600036
600016
600030
600019
600050
600000
600900
000002
601318
601006
600005
600694
000898
600104
601398
600309
600583
600009
000792
600887
000157
600519
600348
000858
600795
600549
601988
601169
601919
600631
600037
000983
600997
000024
000539
600325
600362
000528
000061
600600
600880
600748
600058
601939
600588
000402
600001
601699
000755
000060
000338
600718
600660
600004
600970
600085
600098
600361
600059
600011
000937
000581
002202
000568
601001
600383
600717
600026
000619
600432
000046
600500
600596
600125
600686
600971
000027
002024
600861
600276
600396
600320
000917
000807
600208
600267
600266
600123
601628
000069
000960
000063
600697
000800
600219
601600
600585
600183
002032
600801
000422
600031
000963
600269
600048
600030
600028
000933
600015
601398
600000
600616
600357
600036
000858
601166
600900
600016
000001
600736
000528
600050
000759
600780
000422
000612
600808
601006
600362
600104
600748
600325
600166
600019
000338
600690
600859
600029
000088
600497
000829
600718
600961
000410
600795
601001
000800
000031
000709
601919
000069
600581
000002
000895
000758
600489
600879
600123
600997
000960
000655
000401
000009
600361
600269
600066
000531
000707
600830
600585
600183
000825
600010
000898
600739
000778
600258
000807
600219
600309
000063
601939
600631
600583
601088
600685
600415
600591
600021
600809
000060
000616
600488
601857
000983
600665
600559
000559
600694
601318
600022
600432
000090
600031
000550
600118
600785
000839
600009
600872
000625
600350
600479
000402
600887
600067
600962
600423
000978
600416
000698
600320
601601
002010
600459
600810
600007
000972
002084
600726
000751
601169
600570
601808
600280
000822
000562
000755
000501
600316
601390
000515
600257
601866
002007
600036
601628
000002
600016
600030
600019
601318
600005
600000
000898
601006
000069
600519
000024
600050
600028
600104
601398
601166
600276
600583
600675
000063
600808
600832
600718
600177
600161
600428
000800
600036
600050
600096
600019
600348
600900
000933
600588
600809
002022
600686
600309
600591
600360
600009
600549
600962
000039
600028
002029
000878
000839
600423
600183
000778
000888
002045
600596
002038
600583
000001
000927
600867
600563
600352
002056
600315
600270
600030
600208
002106
600271
000089
600085
601169
601166
600361
000898
601628
600350
600584
601939
600016
600005
600036
601398
600028
600009
000001
600717
600050
000002
601169
600000
601166
601628
600900
600030
600350
601006
000063
600104
600019
600795
600886
000898
601919
600048
600377
600600
600639
601857
601088
600004
000027
600005
600598
000402
600011
000800
002056
600028
000002
600036
600030
600009
000825
600019
600900
000839
600037
600016
600000
000001
601398
601628
000858
601318
600005
601939
600048
000063
000898
600325
000039
601006
600050
600269
000060
000402
600118
600583
600308
600011
600748
000970
000625
000951
000667
000651
601390
600004
600675
600808
000528
601919
000917
600631
000822
600660
601328
600266
600150
000778
600835
000709
000069
600832
600066
600456
600332
600519
600795
002024
600100
000401
600584
000768
000800
000963
000990
600331
600694
600718
000024
000987
000550
000968
600688
601166
000933
000541
600509
000612
601857
600016
000001
000002
000758
600779
000089
000960
601088
601006
600087
600533
600307
000528
600037
000898
600005
601699
000718
600362
000709
000778
601318
600019
600426
000937
600230
600022
002128
600456
600685
600270
600823
600535
000024
000022
600509
600997
002152
600649
000157
600027
600529
000651
000698
600586
600858
600117
000708
600376
000829
600153
600830
600438
600809
000912
600072
000910
600476
601628
600197
600082
600897
600472
600375
601168
000759
600694
600391
000625
000761
000402
600360
600423
002068
002084
000876
600161
000917
600557
002153
600325
600900
600458
600365
600478
002183
600320
600900
600016
600009
600030
600019
600028
600036
601939
601166
600740
000983
000898
601318
000793
600005
000002
601006
000157
000858
000501
600138
600202
600299
000001
600125
600011
600829
000528
600690
000651
000963
600350
600675
600104
600886
600628
601111
600000
000024
000910
600519
601628
600325
000792
600050
000661
600026
000401
600616
600880
002146
600085
601988
000858
601398
600143
600900
000951
600036
000001
600325
600519
000917
002106
000401
601318
600088
600005
000066
002007
600019
600616
600309
600596
000088
000063
000839
000792
600028
600529
600360
600888
600238
000625
002102
601006
600806
000895
601628
600271
002067
000869
600111
600580
600880
000402
600710
000002
000933
000581
000807
600348
002101
600376
600050
600261
000539
600449
600748
600428
600631
600230
000960
600253
601001
600482
000937
600584
600467
601991
600265
000717
002043
600786
000983
600287
600489
000528
002069
002070
600317
600132
600803
002082
600104
000027
002093
600086
600739
600005
600030
600036
600000
000002
600019
000858
601006
601628
000562
600104
000001
600183
601398
600050
600900
600528
600835
000680
000400
600675
000831
000402
000060
600009
600048
000898
000825
000612
000969
600028
600376
600320
600100
601088
600616
000709
000800
600138
600685
600308
600177
000983
600307
600096
000933
600166
600895
600008
000039
000878
600649
000063
600867
000926
000024
600607
600416
600423
000623
600820
600331
600312
601666
000963
600627
600557
600886
600673
600219
000807
600266
600522
000625
600639
600357
601390
000401
600026
600628
000422
000031
601318
600631
000723
000837
600638
600236
600963
000089
600834
601857
000780
600015
600458
600688
601328
000069
000792
600383
600547
002080
600690
000758
600169
600206
601919
000545
600118
600067
600713
000568
601001
601333
000839
000651
600641
600660
600299
000900
000860
600887
600309
000629
600276
600585
000895
000528
000793
601991
600655
600348
600159
600022
600829
600150
600010
600001
000920
002154
000652
000751
600231
600406
600823
000423
600438
600588
600456
000815
600729
600087
600812
600439
600489
600268
600824
600085
600415
600062
600256
600495
600642
000952
000021
600740
002155
000929
000059
601111
600151
600170
600548
600031
600491
600257
000527
600192
600054
000501
000911
601168
600303
600360
000410
000066
600797
600500
600089
600325
600356
002041
600535
600600
600461
000157
600519
600832
600251
000930
600188
601699
600323
600352
600176
600875
600162
600030
600837
600016
601006
000002
600104
000858
600019
000562
600028
600036
000651
601111
000959
600000
600361
600469
600328
601166
601600
000933
000666
600616
600655
600258
000680
600835
000748
000898
600111
601088
600123
000063
600635
600005
600100
000519
000886
601398
000157
000625
601318
000568
600110
600050
601628
600031
600685
600386
601919
600790
600584
600138
601169
600528
600895
600436
000900
600900
600877
002045
000709
601988
600269
600168
000729
600675
601857
000652
000825
600010
600963
002048
600410
600089
600607
000661
600122
000039
600350
000758
600007
600628
000759
000612
600511
600151
002124
600332
600266
600210
000807
600748
600261
000401
000402
600195
600161
600066
000768
600754
600426
600688
600221
600500
600415
000983
600582
002022
600642
600166
600405
601168
600238
600360
600348
000488
600809
600694
002008
600383
600460
600598
600535
002024
600861
600280
600650
000550
600611
600662
000751
000024
000690
600030
000002
600036
600416
600028
600000
600048
000001
000758
601318
600519
601939
600895
601006
002009
000338
000039
600320
600675
000069
000800
600104
600309
600096
000568
000748
601111
601088
002067
600489
600243
000858
000042
000917
600748
601808
600219
000651
600019
600655
000522
600823
000401
000729
000410
600428
600082
600052
600009
600331
600016
600143
601988
600649
600236
600383
000839
601588
600166
601628
600572
600406
600585
600547
000510
000429
600713
000935
600521
600282
000623
600029
600378
002140
000629
000157
600900
601919
600315
600089
600456
000997
000718
000869
600352
600360
000963
000908
000617
600879
002122
000887
600161
600004
600663
000539
000661
000423
000652
000657
600111
600472
601002
000860
600533
600601
601333
000581
600809
002098
600486
000852
002147
000031
600026
002011
600436
002074
600607
600717
002022
600855
600110
600337
000636
601857
600050
600797
600008
002202
600201
002123
600522
000014
002179
000708
002038
600162
002069
000063
600299
600066
600458
600316
600528
600005
600694
600887
600059
600597
000920
002007
601601
600858
600072
600408
600582
600518
601328
002037
600169
600423
601390
000755
600563
600801
600426
600118
600739
000651
600036
601398
000709
600016
600717
600029
600000
600028
601919
601939
600694
000001
601318
600331
600585
600282
600325
000002
000898
600019
000063
000069
000983
000024
601088
601166
600489
600005
600266
000751
600085
600067
600823
000718
000829
600030
000002
600900
601628
600019
600036
600000
002024
601001
000063
000898
600111
600050
600489
000933
601006
600325
600031
601318
600361
600685
000800
600219
600428
600299
600096
600519
000858
000625
600028
600309
600308
600005
600009
600104
000895
600100
000758
600048
000402
600717
000568
600016
600029
600276
600415
600583
600037
600887
000717
600320
600570
600256
600153
600383
000528
600832
601166
002022
600628
601390
002008
600271
600879
000825
000001
000046
600089
600859
600675
000839
000157
000538
600177
000522
000952
600312
600785
000869
600303
600795
000616
000709
000060
601398
000039
600396
601398
600900
601088
600030
600309
000060
600219
600028
601919
600048
600036
600019
601628
600269
601318
000039
600015
600009
000088
600649
000651
600325
600026
600737
000538
600535
600001
600271
600150
000667
600456
600997
000983
600315
600770
600786
600519
601166
600050
600549
600508
600428
600830
601001
000829
600529
600475
601699
600787
000619
000963
600750
000090
600588
600563
002029
002022
600875
600426
600132
000157
600662
600725
601988
000548
000565
002008
600383
600138
000002
600323
000978
002050
000617
600738
600125
600525
600389
600828
000608
000422
600052
000922
600555
600000
600100
600327
600967
600054
002009
600713
600131
600282
000807
600805
002106
000960
002122
002007
600479
000581
002102
600497
600305
000933
600058
600075
000690
601006
600536
000028
000997
600280
600030
601318
601628
600036
600096
000002
600104
600009
600028
601939
000402
600383
600019
601111
600004
000625
600048
601169
600685
000001
600900
600519
600029
600690
600001
601006
600031
601919
000898
600827
600000
600361
002024
600655
000533
600528
000869
600631
601699
600694
600016
000729
600166
000800
000951
600547
600795
600859
600600
600320
600183
000069
000089
000522
000338
600591
600118
000024
600030
000002
601318
600036
601628
600009
601111
600028
601398
600029
600050
600019
000625
600104
000402
600900
600096
600383
600739
600005
600048
600016
000898
600000
601006
000063
601919
600519
000001
000686
600837
000562
601169
600887
000858
600717
600649
600031
600320
601988
000039
600528
000623
000069
601088
002024
000100
600690
600361
600026
000410
600827
000157
600001
600770
600125
000528
601001
600309
600007
000651
000024
600685
000951
600660
600183
000869
600795
600725
600548
600115
600834
600089
601857
600100
600308
600748
600761
000488
601168
600058
600219
600835
601699
000927
000800
000581
600583
600535
600067
600037
600686
600117
000400
600109
600639
600166
600808
600879
601600
000522
600694
000616
601666
600585
600886
600085
600066
600150
600009
000002
600015
600028
000069
600569
600036
601111
600900
601088
601318
601166
600690
600016
601628
000709
600717
000402
600383
600048
000983
002078
601857
000927
600320
000401
002024
600001
000792
000651
600029
600037
000898
002093
600150
600616
600309
600177
600030
600036
601318
600005
600019
000002
600000
600030
601628
600900
600519
000898
601398
601006
601328
600026
000878
000001
601166
600583
600009
600031
000825
000983
000858
600631
600739
000839
600016
000680
000402
600011
600761
000157
600123
000338
000625
601666
600029
002024
600428
600383
601919
600547
600832
000522
601333
000060
600886
600048
601111
600779
000568
000951
600050
000539
000869
000422
600104
000800
000028
000960
000027
600717
601857
000089
600795
600585
000651
000927
000755
600361
600549
600352
600096
600169
601939
600320
600085
600628
600030
600019
600036
600005
600000
000002
600016
600900
000858
000001
601166
601939
000063
000800
000069
600331
601328
000878
000024
000539
600694
000046
000709
600009
600050
000002
600005
600019
600000
600030
601398
600036
000069
600016
002024
601939
600900
000898
600022
600808
000012
000581
601166
000878
601628
000001
000402
000625
600886
600015
600028
600048
600143
000717
601328
000800
600997
000729
601318
600005
000002
600030
600717
000709
600036
600028
600000
000157
600547
600383
000898
600150
601006
601666
002024
601111
600456
000858
000528
600761
600019
000651
600325
600886
601166
600058
000568
600519
600096
601919
000718
600037
000983
000012
600396
002097
600271
600183
601328
000933
600357
601001
601390
600585
000960
000625
600048
601628
000063
601088
600201
600019
600005
000002
000910
600177
600312
000488
601939
000718
000898
600030
000501
600028
600202
000825
600138
600820
601006
600806
600879
000983
600740
600337
600036
600697
600995
600001
600376
000402
002022
600535
600631
000024
600036
600019
600000
600016
600005
600030
601006
601318
601628
000001
000898
000002
601088
600029
601166
601919
000157
000400
000612
600028
600000
600036
600016
601318
600309
600028
600050
000001
601939
600029
000792
601398
601166
000898
601006
000568
000002
600150
600030
000983
600786
600019
601628
600685
600143
601919
600660
000528
600026
000157
600005
600887
000527
000401
600519
000680
600362
601088
600739
000012
601111
600058
600761
000581
600596
600219
601666
600104
000623
000800
600015
601328
600075
601600
600022
600087
000666
002038
601857
600188
000869
600583
600037
600276
000933
000825
600478
002007
600161
000709
600325
000537
000761
600123
601699
600348
600017
000876
600195
600970
600508
600815
600801
601001
000652
600015
600036
600739
600030
000858
600016
600005
600000
600019
000002
601390
600050
000623
600519
600900
601318
000917
000063
600717
600008
600320
601919
000039
000898
000895
000060
000751
601166
000046
601111
000027
600331
000951
600791
601006
000878
000089
600362
601939
000983
601088
600837
000778
600031
601857
600036
000001
000002
600019
600048
600030
000968
600665
000709
600808
000839
600675
600009
601939
601628
600900
000825
601318
600015
600308
000157
601328
600028
601988
600030
601628
601398
600005
601318
000878
600009
002024
600050
600900
600519
000932
601328
600383
600100
600019
600547
000651
601166
600019
600383
000002
600015
000001
600000
600005
600900
000024
600331
000878
000630
600569
000898
000983
000960
600472
600001
600087
600019
000895
600036
600900
000002
600176
601318
601398
600050
600096
600270
600748
600519
000822
000709
600325
600125
000063
600383
600686
600737
601666
600309
600529
000708
601919
600067
600030
600423
600352
600966
000898
000063
600472
000960
000001
600569
000531
600016
600307
601001
000338
000822
600761
600000
600028
600240
600037
600736
601398
600361
600096
600208
600428
601988
000963
600900
000060
000729
600001
000039
600572
000823
000717
601939
000839
000831
000723
601111
600533
600739
601628
600585
600280
000625
000651
600019
601666
000908
000829
600050
002010
601166
600138
600261
601328
600069
600270
601006
600348
600963
600062
600320
000157
600201
600029
600880
000792
600713
000972
600104
600005
600529
000661
000748
600867
000952
600655
600418
600012
600006
600785
600058
600036
600058
601166
000709
600320
000031
600030
601006
000002
600428
600748
000651
600089
000612
000726
601398
600519
600117
000858
600028
600019
600028
000002
600030
600694
600718
600036
600583
600900
000792
600348
000898
600660
600000
000983
000069
600005
601398
600795
600809
601919
600000
000002
000709
600030
600970
600036
600150
600717
000001
600016
601006
601318
601601
600019
600900
600500
600357
600997
000937
601166
600472
601088
600408
000858
601006
600030
600019
000793
000002
600000
601398
600037
000983
600748
600036
600309
600016
600786
000625
600519
601318
600195
600583
600717
600123
600963
000768
000825
600270
600415
600628
600005
000651
600797
600028
600886
000652
600208
600509
600795
000402
000527
600900
600383
000538
600718
600641
600176
000717
600501
601166
600675
601699
601988
000501
000759
600122
002028
000895
600528
000777
000157
600348
600100
000528
002007
600829
000012
600312
600009
000927
600840
600215
600787
600125
600697
600835
600690
600495
600240
000562
600875
600895
600511
600779
600616
600268
000937
600538
600236
600428
600693
000061
600036
000002
601628
600000
601318
600030
600519
600048
600362
000983
600028
002024
601166
000878
000895
000568
000623
601006
000069
600066
600331
600900
000755
000709
601666
000898
600748
600019
000651
600143
600585
600795
000060
600675
000729
600428
600997
601919
600717
000758
000423
600016
600383
600005
600325
600348
600596
600508
000157
000807
600282
000024
002128
000528
600406
600058
000869
600583
600011
000708
600858
600028
600000
601398
600016
600150
600005
600808
600030
600859
600019
600694
601318
600549
000878
600362
600001
002032
000898
600820
600997
600000
600016
600900
601398
600030
000002
600019
000898
600028
601318
601628
000968
600795
000060
601601
600001
000568
000063
600591
600748
600036
600016
601318
600028
600005
600015
000002
600030
600000
600019
601628
600820
000858
600519
600376
600639
000568
600717
000157
000709
000898
000012
000039
000778
600900
601919
000024
600415
600309
000090
600694
000538
600150
600585
600050
600748
600835
600837
000063
600383
000983
600583
600016
600000
600036
601111
601166
600309
600030
601318
002122
002023
601939
000963
000063
000723
600352
600639
600337
600050
600019
000625
000848
600886
600829
601398
600547
600675
600029
600628
000837
600360
600880
601006
600585
600383
600600
600761
600801
600009
600694
600887
600125
600795
600739
000623
600050
600030
600019
000002
000709
600028
000898
600320
600655
601939
600835
600036
600022
600016
600585
601398
000488
601628
600887
000559
600085
000039
601318
600282
600000
601166
600048
002083
600432
000878
601006
600690
600062
600266
000338
600741
601088
600246
600088
600015
000917
600467
601111
600649
000538
600900
600880
000792
000616
600096
600675
600309
600639
600475
600685
600459
000612
000060
600529
600519
600201
600795
600267
000527
000423
000046
601919
600748
600029
000935
600808
600005
002132
600557
600640
600497
000755
000031
600066
600662
000729
000629
600859
600973
600500
000063
000895
600299
000651
601857
000830
600528
000687
000778
600138
000069
600456
601666
000748
601002
601600
600587
600071
600423
000717
600160
600704
600177
600067
000568
600100
600600
600352
600596
600257
600628
600481
600183
000807
600125
000401
000848
600586
000850
600361
600717
002022
000522
000061
000501
600549
600383
600030
600036
600019
600000
000002
000001
600028
601166
601006
600900
000898
601318
600005
000825
000858
601600
600016
600690
000709
600022
601088
002024
600895
000157
600104
600309
600009
000063
000069
000022
000625
000338
600015
000024
600585
600628
600631
600675
000933
000937
000402
600308
600717
000759
600600
000800
600269
600835
600089
600195
000651
600320
600489
600596
600879
600037
000729
600823
601628
600007
000568
600183
000581
600050
000088
600660
600096
600011
600266
600267
600143
600325
600085
600067
600859
600161
000027
000792
601001
600416
600423
600348
600739
601009
000837
000987
600549
000860
600997
600995
600456
601939
000031
600383
600271
600123
000839
000960
600100
600685
601699
600582
000822
600299
600519
002024
600030
601628
600036
000002
600009
000063
600585
600309
600383
000012
000039
600315
600660
600694
600000
600143
600271
002028
000869
601166
000061
000538
600028
000400
600596
002007
600312
601318
002129
002069
600161
000402
000024
600415
000792
002094
600887
002076
600166
000898
002153
000338
600631
000878
600019
600037
000978
600880
000423
600348
600693
600282
600123
000983
600423
000651
600005
600511
002155
601006
600628
600588
601088
000001
002106
002045
600298
600717
002123
600352
600584
600582
600962
600426
600196
600600
000069
601919
000410
600592
600015
600563
600208
600963
600048
600428
600361
600016
601318
600000
000402
600900
600030
000829
600739
000002
601919
600694
000088
600675
600019
600308
000983
600961
600519
000898
600971
000792
600596
600028
000069
600616
601628
600348
000968
000046
600143
000608
002092
600887
600748
600406
600583
600216
600001
600797
600236
600436
000683
600631
002024
600161
000060
600828
601009
600309
600859
600266
600415
000063
600100
600269
600005
601001
000932
000027
600331
600511
002069
000858
600795
600270
600452
600858
600895
000831
000568
000987
600263
601857
601939
600036
000002
600030
600028
600019
601318
600005
600009
600000
000825
600519
600675
002024
601628
000878
600383
601398
000001
601006
000898
600308
000858
600583
600456
600037
000060
000709
600694
600690
600320
000157
600022
600325
600050
601166
601939
000829
600104
000651
600832
600016
600628
000063
000987
600900
601328
600616
000338
600718
600357
601919
000792
600201
600269
000402
000970
000501
600048
000550
600808
000778
000612
600299
000933
000538
600665
000069
600195
600019
600036
601318
600000
601006
601398
600005
600900
600030
000063
600050
000002
600383
600104
000625
600096
601666
600028
600309
600176
600005
000002
600036
601398
600030
600019
000858
600739
600320
600104
601919
000800
000402
601088
600000
600383
000001
600016
600685
601006
000680
600166
000878
000807
000060
000831
000898
600307
601857
600886
601166
600835
601390
600048
601628
600456
000629
601318
600675
600616
600895
600649
600008
000983
600308
600528
600376
600169
000562
000839
000926
000718
000623
600219
601666
000612
000625
000024
000969
601988
600641
600096
600022
600416
600423
600963
600050
600673
600357
601001
000063
000400
000825
000963
000709
600348
600867
600628
000837
600138
600266
600331
600900
600312
600631
600522
000039
600829
000792
600824
000006
600997
600183
000069
000651
600808
600026
600028
600713
600489
600547
000780
600009
600607
000723
600638
600010
600887
600309
600491
600269
600303
600690
600740
601600
600117
600432
600748
000059
002202
600208
002110
600508
000401
600717
000895
600458
600289
600655
600067
600177
600015
600089
000751
600688
002022
000528
600231
000662
600256
000527
000708
000933
600087
000632
600257
600875
000410
600438
600812
000338
000910
600159
000929
002155
600820
600500
600634
600262
600527
002041
600627
000860
600247
000920
601111
600888
600600
600302
000559
000608
600415
600236
600837
600588
000997
000066
600428
000798
600831
000937
600100
000960
002106
000157
000545
600151
000028
600111
601168
600170
600557
600162
000538
600268
600880
000876
600195
600962
000655
600410
600660
600125
000616
600001
600517
000031
600290
000978
600150
000930
600570
600282
600470
600805
600566
600071
002078
600487
600391
600426
600215
000767
600855
600967
600584
600761
002005
600019
600028
600100
600299
601939
000568
600050
000063
600581
600118
000839
600863
600337
600271
600690
600511
000031
600829
600037
002022
600391
600649
600754
002111
601088
600126
600125
600036
600500
600202
600320
600631
000792
600867
600820
000522
600812
600048
600509
000877
600472
600109
600425
600823
600104
000797
000898
000983
600087
601006
000723
600396
002067
000028
601857
000563
600150
600519
002037
600123
600628
601328
601808
600305
600030
600598
600276
600216
600371
000528
600508
600267
600189
000597
600859
000612
600315
000718
000539
600535
600449
600600
600663
000970
600325
000712
601600
000829
601169
000651
000917
600359
600000
600019
600016
601166
600036
600005
000002
600015
600309
600761
601988
600415
600519
600150
000898
600383
000001
000825
000792
601398
002024
000623
600583
600030
600685
600887
601919
000528
000069
600026
000157
000709
600028
000402
000616
600694
000858
000024
601318
601628
600780
600809
000680
600307
600102
600642
600739
600596
600312
600022
600858
601328
600123
600266
000651
600067
600007
000568
600569
000869
600031
000937
601857
600875
600029
000625
600867
600177
000538
601088
600348
600166
000612
600048
000401
600050
000951
600143
600673
600595
600122
600582
600050
000002
601398
600036
600058
601006
601628
600019
600737
000422
600005
000887
600162
600030
002155
600511
600150
600519
600075
600109
600396
002152
600879
000001
600386
600829
000027
600348
600008
000425
600273
600048
601168
600828
002080
600309
002142
600600
601390
000024
600028
601318
601166
600900
600066
601808
600830
000825
000963
600299
000858
600000
600622
600302
600406
000537
600343
600337
600258
000159
000731
000031
600123
600271
000852
600088
000800
600100
600350
600570
600169
600596
600886
600855
000069
600161
600690
600832
600004
600880
000100
600125
600426
000709
601001
600550
000917
000559
000060
000568
600031
000619
000815
600118
600585
600111
000983
600612
000155
600009
600675
600717
600011
600085
600087
000828
600599
000629
600104
600664
000758
600995
600290
600831
000151
000157
600268
600790
600230
600738
000612
600694
000539
600630
000657
600016
601857
002081
601601
601919
600000
000002
601166
601939
600036
002024
000709
600048
000001
600456
600900
601318
600031
601666
600150
000060
000024
600383
601088
600019
000792
600519
600123
600362
600309
600786
600117
000755
000718
601857
600089
600685
600694
000069
601628
600219
600325
002128
600585
600169
601006
600357
601328
600030
000157
600331
000063
600549
000983
600016
600075
600307
000089
600087
600271
600779
600432
000878
002122
000630
600886
600005
600795
600533
600037
601601
600761
000839
600022
002008
600015
601919
002018
600028
600823
600143
000898
000758
600266
000028
600102
600529
600273
002068
600348
600009
600323
600997
600011
600028
600019
600000
000709
601318
600005
601166
601919
600795
601398
000069
600591
600026
600036
600886
600675
601857
000898
601088
000983
002032
600581
000024
000878
601666
600997
600016
000800
000562
000960
601001
000608
600308
600428
000612
600258
000655
600511
600010
000717
600276
600062
600717
600508
601988
600519
600015
600352
000060
000488
000826
601390
600690
600362
600880
600820
600631
600022
600808
600832
600330
000028
600115
600481
000959
600408
600895
000951
002123
600271
601600
600350
600518
600102
000858
600423
600973
600586
600388
600348
600360
000761
002092
002028
000039
000559
600697
000912
000933
000935
000785
601808
600033
000807
000937
000402
600085
600008
600729
600718
600011
600131
000537
000417
600161
600533
600188
002004
600087
600978
000623
002078
600150
600809
002133
000910
600055
600472
002076
600406
601111
000584
600183
600232
600361
600189
000822
000831
000729
600383
000680
600761
600642
000968
000825
000970
600900
000869
600069
600415
600054
600535
600694
000698
601866
600563
600607
600267
600713
600201
600063
600202
600206
600521
600966
002111
002081
601008
000987
601601
600315
600016
000839
600005
000858
600675
600028
000069
600000
600717
600085
600019
600685
000002
600030
600036
600521
000729
600748
600900
601006
600309
600219
600150
600895
600867
600628
600009
600111
600607
000617
000039
601919
600050
000625
600887
000402
000157
000651
600100
000528
000768
600299
000063
000629
600320
000878
600015
000001
000602
600075
600886
600585
600072
600067
600673
601088
000568
000024
600096
600583
000895
000898
600655
600616
600125
600795
600428
600859
600308
600963
600104
600161
002129
600790
601628
000539
601318
600058
601939
000657
000807
600026
000022
600761
600631
600118
600642
600832
600192
600838
600348
600208
600361
000926
600337
000698
000690
600809
000663
600630
000419
600888
600596
600649
000060
600519
600011
002024
000751
600114
000837
600549
600327
000983
601001
000759
600660
600997
600268
600312
000792
000709
600177
600162
000876
600808
000527
002031
000933
600432
600383
002010
000400
000619
600391
600597
601699
000970
600063
000612
600240
600582
600600
600031
600639
600694
600595
000422
601328
600380
600216
000988
600528
600198
002037
000089
000785
600469
600456
600967
601601
002029
600754
000793
601857
002021
600416
002128
000012
600978
600016
600000
601318
600036
601628
000002
600005
600050
601328
600030
601988
600015
601006
000839
000069
600019
000858
000778
600320
600219
600096
600030
000550
600026
601398
000063
600067
000822
600426
000001
600000
000680
600533
600396
600736
600028
601001
600036
600572
600308
600361
600016
000677
600019
601111
000972
600050
000028
601318
600280
600569
000898
000002
600686
601939
000963
600690
600352
600376
600183
601666
600320
000531
600521
600006
000823
600973
000039
000625
601328
600011
000651
000960
000717
600867
000933
600307
600428
000060
000709
600547
600166
000858
600585
000528
600210
601006
000338
000878
600261
600423
000157
600121
601988
600685
600009
600467
600900
601628
000652
600584
600015
000410
600825
600616
600312
600208
600586
600675
600104
000815
600258
000069
600269
000876
600325
600590
000748
000917
600456
600529
600963
000565
600058
600418
600517
002028
600005
600563
600069
000762
000807
600717
000825
000952
600785
000727
600476
600697
600030
600016
000002
600028
600019
601111
600036
601919
600519
600488
601398
600005
601988
000898
601088
600100
600320
600808
000063
000895
000959
600688
000009
600837
600635
600643
000999
000402
600183
600685
000898
600019
600150
000825
600005
600028
000068
600308
000002
600328
600135
600011
600110
600900
000748
600009
600104
601006
000063
600031
600066
000651
600761
600686
600026
000895
000039
600675
600037
600887
600182
600519
000157
600809
600271
000951
000933
000423
600660
000528
000521
600177
600511
600547
000983
600048
600312
600880
600682
600664
600030
000906
600585
000026
000668
600865
600379
600000
000625
000629
000923
600015
000011
600269
000858
600036
600406
600527
600479
000527
601318
600871
000908
601088
000637
600211
000519
000975
601939
600054
600050
600133
601398
601628
000001
600276
600795
600018
000838
000531
601857
002024
000089
600739
601166
601988
600320
600309
600642
000069
000623
600010
601111
600383
600583
601328
600008
600001
000716
601169
600717
600811
000024
600636
600831
600208
600832
000652
000792
000793
000932
000401
600886
600601
000751
000709
600655
000060
600829
600631
000562
600143
600029
600497
600331
600694
600068
600100
000027
000758
601998
600859
600027
600868
000630
600690
600175
600879
600108
600741
000839
600569
600653
600839
600808
000778
000088
600258
000031
600663
600085
600500
000729
000539
000538
600895
000410
000488
600628
600058
000800
600596
600004
000960
600196
000036
600348
000002
600016
600900
600028
601088
000960
600015
600808
600050
600029
600655
600104
600036
000031
600357
600030
600616
600153
600048
600320
600166
600780
600570
600786
000422
600383
000630
601628
600961
000501
000959
601919
000060
000759
601111
600325
000927
600736
000612
000009
601328
600830
600258
600309
600688
600362
002007
600690
600531
000800
000069
600677
000707
600591
000088
000983
600887
600559
600269
600019
600581
600008
600635
000402
000831
000758
000562
000410
600748
000401
000751
600060
000629
600026
600221
600118
601939
600010
601168
000933
600718
600886
600169
600809
600011
600004
000027
600997
000878
600631
600361
600012
600110
601166
600280
600009
601857
600563
600831
600177
600150
600895
601169
000063
600159
000625
600717
600639
601390
600879
000748
000539
000709
600428
600547
600343
000917
000157
000825
600348
000662
601808
601318
000538
601866
600426
000568
600316
000858
600188
600416
000089
600176
600872
600067
000533
600219
000078
002202
000151
600663
600100
600585
600832
600036
000039
600016
600005
601006
000402
000983
600583
600028
600019
600000
600383
600015
600030
600001
601398
600675
000002
601628
600694
000858
600348
600299
600309
000709
601318
000792
600123
600900
600837
600809
600829
000651
600270
600519
600415
000537
000825
600628
601001
000069
600754
000898
000895
000157
000538
000012
600858
600808
600729
000860
600276
002008
600887
000568
000758
600875
600489
000978
000562
600269
600122
600580
600050
600350
600748
000717
600361
600895
600008
600718
000625
601333
601088
600533
600456
000024
600500
600582
600111
000876
600104
000917
600161
002024
600795
600761
002037
600717
600320
600195
600037
000031
600183
600118
000338
600307
600177
000063
000422
000009
600511
600831
600138
600058
600029
600006
600258
000619
000987
601166
000089
600780
600598
601919
600428
000970
000027
002069
000839
600690
600631
601988
000800
600825
000762
000793
002029
000768
600238
000539
000869
600188
000963
000423
600642
600639
000759
601600
601169
600035
000716
000951
600832
001696
600026
002111
600009
600377
600535
600963
002023
600031
600086
600867
600816
600117
600501
600607
600312
600406
000046
600189
000400
600315
600062
600028
600036
601939
000002
600005
600016
600000
600019
601166
601398
600050
601318
600519
600011
600795
000677
600030
000063
600031
600690
600089
601328
601919
000423
601006
600037
600584
000539
600015
000869
600048
600808
600830
600348
600111
000581
601628
000755
600581
000562
600675
000612
000001
600479
000651
000422
601088
000858
600104
600282
600887
600900
600376
600169
600059
600266
600557
600508
600383
000069
000831
000926
000839
601111
600096
000718
600997
000568
600718
002001
000898
000528
600115
601169
600320
000625
600631
600406
600240
600269
600823
600161
002024
600327
000822
000960
000983
600195
600597
000024
000848
600886
600183
000410
600029
600315
600814
600708
600166
600415
002146
600020
600188
600026
600889
000401
000400
600616
000527
600521
601001
600827
000878
600591
600143
600035
600352
600688
000837
600322
601600
000157
600004
000021
600309
600036
600100
600030
601318
000002
600900
600000
000895
000937
601628
600028
002022
600997
000972
600009
000952
000338
000839
600104
000046
600067
601398
000858
000623
601111
000060
601169
600036
601318
600309
600048
000651
600150
601328
000002
600583
600031
600761
000069
600320
601088
600026
600428
600786
600016
002081
002187
600030
601398
000002
601006
600005
601088
600717
600015
000402
600048
600050
000898
600019
600036
600739
000651
601318
600835
601988
002097
000625
600028
600036
600016
601166
600000
601398
600030
600015
600005
000001
600887
600019
600309
000401
601001
600583
601666
000878
000983
000933
000898
600036
000002
600000
600030
601318
600019
600028
600005
000001
600016
600009
000825
601628
000858
000709
600717
601988
600050
600011
000528
600000
000001
601166
600383
600036
600519
000792
600048
601666
600331
600150
000709
600050
002024
600001
600031
000063
000002
000024
600900
600030
600000
600028
000002
601628
600016
601318
000898
600050
601328
601939
000063
601398
600026
000839
000528
600019
600011
600029
600001
600036
600016
600150
600000
000002
000709
000001
601919
600970
000937
600886
600739
600022
600500
000717
600030
000968
000651
600489
601166
000002
600036
600028
601318
600019
601398
600005
600030
600009
000898
601919
601628
600795
601169
601006
600585
600016
000983
000539
000800
601939
601398
601919
600008
601006
600016
600717
000002
600472
600028
600104
600050
601857
000751
000717
600761
600005
600820
600320
600797
601939
600030
600050
000623
600739
600019
000002
000709
600835
600028
000039
000488
601398
600655
600000
600432
600036
000562
600282
600022
600030
600036
601111
600026
601088
600000
601857
000002
600519
000878
000001
600019
000528
600050
600685
601600
000625
000951
600489
002024
601166
601318
600019
601628
000069
600037
600028
000858
600900
600016
600717
601006
600036
600583
000402
600859
000063
000423
601111
600761
600000
601398
601628
601166
600309
000898
600519
600015
600030
002024
000063
601006
000002
601318
600009
600050
600016
600019
000709
600694
600693
601988
600497
600036
600019
600000
600005
000898
000983
000002
000039
000792
000157
600596
000825
600030
601318
601166
600309
601666
600026
000001
000338
600036
000002
600030
601166
002024
600000
000825
600809
600423
600019
601006
600123
600519
000012
000157
601318
600066
000759
000550
600383
000088
000898
600048
600033
000651
600489
600547
000069
600497
600030
000960
000655
600036
600432
000758
600000
000792
000060
600016
000024
000002
601628
000898
600050
600123
600019
600162
600299
000623
600456
000983
600058
000063
600005
000001
600005
600030
000825
000002
601166
600690
600036
601628
600019
601088
000623
601318
000878
000960
600900
000651
600048
600000
600739
000562
600016
600050
600717
002024
601001
600519
000061
600036
600019
000063
000002
601318
601006
600005
000983
000898
600583
600000
000858
000069
600900
000792
600428
601166
600067
002024
601628
600383
600585
600143
600028
600739
601398
000002
600019
600036
600050
000402
600028
000528
600900
600009
000063
600005
600583
000933
601318
600030
000060
600685
600195
600299
600030
600036
600000
600016
000002
000858
000001
601166
601318
600048
601628
601006
600019
600005
600029
002024
600150
000825
000878
600519
000024
000898
600331
000157
000069
601088
000063
601666
000960
600675
600309
000983
600031
601111
600600
600177
600547
000690
600900
000538
000718
600348
000895
000829
000401
000729
600011
600383
000848
600795
601919
000625
600050
601398
000759
600009
600859
600028
000651
600736
600694
600085
000680
600037
600361
000501
000937
600569
600585
601001
600521
600685
000612
000581
600269
600000
600030
601919
000002
600036
600016
000825
600005
601390
000069
600309
600048
600019
000629
000039
600015
601988
000157
600583
600456
600761
600631
000717
600320
000001
601166
600009
601006
600660
600739
600026
600276
000878
600087
600808
600036
601398
000002
600019
600005
601988
600028
601318
600030
000858
600050
600016
600519
600795
000825
000898
000001
600497
600085
000792
000063
000060
000983
600887
000807
601939
601328
000951
000625
000402
000869
600007
600325
600256
000878
000917
601001
600308
600966
000762
600030
601166
000002
600000
600100
600019
600028
600005
000088
000858
600383
601318
000898
000069
002024
600016
000031
000718
000012
000063
600000
600016
600030
600162
000898
600031
601318
600150
600582
000060
600005
600122
600050
000002
600525
000858
601001
601006
000792
000887
600028
601166
600048
000963
000063
000024
600348
000612
000800
600396
600879
600415
002024
000912
600717
600273
600019
600075
601628
601333
600037
600011
600096
600426
600219
000002
000933
000031
600177
600036
600016
600655
600138
600028
600718
000001
000612
600739
600000
600030
000069
000623
601111
600396
600518
000858
600050
600528
000978
600787
000878
000831
600639
600675
600054
601006
600832
600246
601398
600809
600192
600102
000800
600015
600642
600837
600881
000568
000063
600104
000758
600616
600685
600161
601088
601939
000951
600682
002146
600895
000829
600748
600729
600963
000898
000869
601628
000815
600415
000625
600900
600611
002022
600761
600037
600495
600029
601919
601328
601318
000410
600519
600779
601166
600362
600048
000401
000709
600879
600009
600183
600005
002007
601169
600019
000797
601857
000927
600859
000836
002031
600188
600066
601808
000807
600269
002142
600256
600026
601333
600628
000768
000837
600028
600036
601628
000858
600016
600050
600000
600019
000839
600111
601006
000002
600900
600096
000001
600631
601939
000729
600005
000983
000002
600030
600036
600016
000001
601628
601988
601169
600029
601166
601939
600005
600019
600028
601318
600015
601006
600050
601328
000898
600519
600036
000063
600016
000002
000895
600030
600028
600019
600299
600761
600748
601088
601919
601006
600005
600111
601318
000069
600208
000002
600030
600000
600036
600028
000898
000623
601318
600019
600015
601601
600688
600005
601919
601006
000983
600011
600739
000858
601628
600690
000069
600050
601088
000828
000800
600104
600887
000651
600616
000061
600210
601166
600600
600031
600309
000792
600900
601111
600675
600978
600030
600000
600036
600019
600900
600005
601628
600675
600809
600016
000027
600895
600028
000983
600631
601919
000002
000031
601318
000568
600036
601919
000709
600000
601006
000410
600309
601166
000001
601318
000937
600150
000063
600030
600500
600582
000581
600415
000968
000039
600036
601398
600879
600028
000402
601006
000002
600786
600000
000157
601318
600797
600030
600519
600309
000793
600009
000825
600019
600037
000012
600748
000338
000768
600015
600415
000983
000527
600005
600628
000652
600176
000680
600376
600718
600641
600900
600688
600350
000858
600016
600795
600085
600036
600000
601318
000898
600019
600030
600900
600519
600028
000002
601628
600016
600331
002024
600143
600048
600309
600739
601006
000983
600528
600887
600000
600058
000878
000623
600320
600048
000001
000983
600036
600708
600655
600685
601628
600030
600895
601857
601088
000826
600084
000060
000858
600383
600488
600087
000566
600331
000088
000539
000988
600597
600713
000651
600016
002008
601318
000828
000792
600271
000987
601919
601328
000419
000897
600900
000002
600675
000888
000729
601006
000652
600117
600611
600028
000069
600323
000581
600428
600082
600429
600200
000612
600535
600821
600966
600529
600036
000002
600028
600030
600900
600048
000960
600015
600000
000001
600050
600616
601398
601328
601919
000501
000758
600019
600104
000063
000858
601166
000800
600997
600780
600325
600357
000060
000031
601939
000707
601088
600739
601988
600251
600010
600808
600058
000009
600029
600166
601006
601699
600581
600677
000759
601318
600008
600830
600210
600320
000568
600100
000562
600961
600491
600118
000751
000623
000933
600266
000709
600570
600009
600309
000959
601628
600031
002088
601001
600123
600269
600122
000422
600736
600026
600628
000898
000039
600688
000088
000825
600635
002007
600176
600069
600690
600258
600271
600797
600415
000768
000625
600489
000069
600219
600547
600307
600500
000402
601111
000410
000507
600655
601168
601588
600685
000539
600879
600559
600017
600531
600485
000748
600694
600875
600675
600426
000629
600596
000151
000778
000528
600832
600066
601857
000910
600343
600150
000897
000927
600257
600001
000401
600550
000790
600316
600383
000559
600472
600036
600015
000002
000709
600016
600000
600005
600748
600639
601006
000778
600376
600019
000001
000898
000858
000039
600030
600694
000968
600820
600616
600383
600717
600028
600240
000024
600325
600428
600048
000402
601166
600030
600036
601166
600019
600000
600016
600005
000338
601318
601111
000039
600639
000002
000709
000898
000528
600009
600309
601006
002024
601398
000625
600028
600029
600519
000825
002122
600096
600596
600628
600125
600383
600997
600583
600050
600886
600675
600036
000002
600005
600030
600016
601166
600019
600028
600031
601318
000927
600309
000063
601398
600011
600000
600521
601628
000718
600383
600037
600111
600150
600584
000157
601111
601006
600059
600161
600089
000858
600479
600290
000831
000983
600739
000677
000898
600029
600508
600048
600808
600169
601328
600519
600009
600887
000425
601919
600104
000800
600299
600183
600963
600208
600360
600166
600050
600489
600886
600240
601169
600348
600600
600628
600252
000423
600997
000539
000755
600409
000090
600009
600050
600717
600176
002064
600028
000858
600206
600900
600622
600820
600535
600673
000860
600814
600263
600085
600201
600804
600499
600812
600016
600005
600582
000685
601939
600879
000970
600488
600887
600428
000768
600365
600585
601919
000859
600196
600660
601398
000717
002097
600690
600688
000657
000423
600978
601328
000709
600203
600835
000751
002037
000667
600829
600195
600456
000031
000677
600064
600266
600030
600423
000881
600662
601872
600000
000949
600867
600406
600036
000828
600028
600739
000001
000002
000709
601318
600036
600022
600085
600019
000559
600717
600030
000616
600117
600835
000042
601398
600655
000402
600030
000002
000568
000001
600029
600048
600036
600739
601919
601398
000069
600096
000758
601166
600169
600019
600153
600028
600895
601628
600675
000031
601111
600600
600489
600000
600315
000718
600016
600383
002038
600725
000878
600900
000652
000858
600269
600082
601939
600176
600005
600591
000717
600350
600416
600267
600109
600219
000006
601988
000917
601318
600015
600596
600266
601006
000800
000983
600111
600962
600100
600528
000839
600547
000046
600320
600331
600476
600115
600161
000616
600750
600458
000657
601088
600525
600246
600004
000623
000425
000908
600887
600268
000522
600535
000793
601857
600436
000531
002018
600748
600808
600325
600533
000937
000024
000636
000933
600270
002046
600143
600859
000537
600985
600312
600828
600240
002010
600521
601002
000534
000911
600780
600601
600823
600365
600376
600391
600886
600337
002142
600016
601318
600019
000878
600030
000898
600694
000002
600036
000069
600150
000063
600028
000825
600887
600104
601006
601328
600000
600900
