1289
600900
600825
600036
000983
600100
600688
000518
600481
600026
000069
000895
000800
600863
600119
600675
600519
600019
600188
000727
600123
600050
600028
600009
600900
600309
600428
000983
600016
600104
600036
600207
000792
600688
000898
000623
600026
000069
600780
000866
600519
600895
600009
000763
000002
000581
600029
600884
600591
600688
600607
600002
600050
600031
600880
600475
000532
000068
600000
600055
600104
600016
600291
000515
600710
600879
000727
000425
000511
000402
600348
600296
000089
600036
000629
600016
600207
000027
600205
600267
000063
600100
600900
000068
000866
000088
600276
000066
600602
600740
600011
000898
600037
600887
600050
000002
600028
600036
600029
000039
000488
000898
600011
000726
600104
600009
600019
600005
600018
000423
000920
600519
000100
600360
600104
000063
600019
600050
600002
600028
600900
600036
600500
000866
000726
600519
600009
600660
000100
000488
000717
600585
600005
600011
600886
000039
000088
600018
600360
000825
600123
000895
600418
000037
600028
600050
600002
000983
600029
600900
600688
000063
600000
000800
000898
000866
600019
600884
000100
000002
600497
600460
600036
600031
600002
600028
600029
600475
600282
600688
600104
600406
000100
000060
000630
600210
600019
600000
600089
000800
600360
000866
000983
600016
000625
600205
600563
000012
600591
600002
600740
000002
600428
600036
600104
600029
600026
600825
000525
000866
000651
000063
600008
000800
000898
000024
600596
000068
000027
000088
000898
000066
600019
600808
600036
600500
600000
600028
600521
000630
600011
600362
000659
600016
000021
000625
600187
600050
600267
000726
000022
000630
600488
600282
000725
000538
600521
600009
000898
000920
600029
000027
600803
600011
600071
000617
600125
000869
000027
600688
600188
600011
600016
000866
600028
000800
600036
600026
600642
000488
600591
000088
000898
000400
000002
600900
600000
600362
600018
600900
600050
000088
600028
600036
600011
600004
600717
600500
600009
600104
600019
000089
600037
600642
600289
600718
600795
600000
600050
600029
600016
600028
000089
600583
600011
600900
000066
000039
600591
000002
600207
600887
600019
000729
600500
600037
600220
000983
600002
600050
600028
600688
000100
600029
600009
000002
600036
000717
600019
600188
600808
000012
600585
600308
600282
600031
600016
600595
600000
000920
000511
600386
600232
600900
000662
600563
600160
600790
600177
600001
600269
600415
000089
000541
000939
600085
000969
600220
000726
600835
000651
600020
600028
600050
600900
000002
600009
600460
600600
600036
600584
600019
000729
000527
600005
000039
000895
000983
600201
600428
600660
600011
600900
600050
600009
600028
000866
000039
600019
000002
000063
600688
600011
000895
600780
600600
000157
600460
600104
600585
000100
000717
600428
600205
600519
000068
000629
600036
600660
600029
000024
600026
600030
600408
000402
600900
600688
600519
600303
600642
600460
000039
600863
600009
600011
000930
600005
000983
600660
000926
600694
600037
600031
000012
600886
600050
600900
600887
000066
600009
600016
000027
000400
000063
000983
600029
600317
600031
000012
600207
600267
000068
600026
600205
600660
600019
000898
000968
600348
600183
600002
000630
000700
600028
000543
000709
000550
000956
600333
600018
600519
600642
600569
600087
600307
600028
000039
000983
600360
600036
600886
000541
000625
600050
600188
600085
600002
000895
000402
600018
600594
600037
600210
600660
000726
600028
600104
600029
600036
600019
600688
600000
600267
600016
000717
600497
600594
600362
600188
600166
000983
000725
000027
600960
600282
600011
000800
600808
000659
000581
000629
600002
000068
600205
000100
000063
000898
600074
000002
600569
600871
600521
000866
600375
600028
600036
600688
000063
000002
600825
600188
600519
600000
600428
600320
600770
000532
000068
000581
600415
000920
000503
600016
600740
600019
600362
000066
600205
600029
600071
000060
000630
600282
000866
000089
000631
600000
600005
000630
600036
600019
600322
600011
000629
000024
600085
600456
000088
000002
600296
600104
600009
600050
000758
600597
600367
600795
600205
600383
600028
000039
600050
000792
600688
600026
600276
600795
600028
000089
600011
600029
000488
000968
000541
000525
000422
600591
600016
000729
600552
600585
600036
000002
600348
600188
600029
000968
000581
600002
000983
000898
600123
600050
600900
000100
000612
600028
600717
600071
600582
000100
000068
600036
000063
600030
000002
600016
600900
600004
600050
600037
600028
600000
000542
600420
600008
000612
600500
600585
600029
600839
600031
000581
600967
600992
000009
600600
600026
600005
000063
600500
600563
600900
600348
600585
000866
600561
600985
600706
600028
600009
600002
600495
000068
600019
600497
600519
600104
600827
600585
600016
600839
000100
000612
600348
600002
600036
000039
600071
000002
600900
600308
000581
600123
600028
600477
600808
000498
000100
600812
600005
000898
000920
600808
600585
000581
600002
600236
600270
600827
600028
000825
000792
000088
600050
600016
000629
600717
600900
000625
600019
600030
000636
600171
000839
000002
000100
600475
000063
000983
600198
600600
000157
600460
000902
600497
000009
600123
002001
000525
000400
600642
000960
600035
600188
600584
600028
000028
600875
000401
600348
600031
600573
600111
600572
600406
600028
600104
600029
000002
600019
600688
000999
600031
000629
600188
000488
600500
000717
000039
600519
600900
000024
600205
000528
600362
600642
600795
600900
000729
600036
600009
600004
600016
600886
600000
600519
000027
600030
600104
600011
600028
000088
600386
600029
000037
600008
600323
600028
600019
000866
000920
600812
000002
000898
000100
600009
600585
600036
600660
600002
000063
600005
600688
600808
600900
000039
600519
600029
600050
600028
600016
000066
600036
000717
000898
600808
600900
000021
000968
600309
600205
000002
000100
600026
000688
000800
000027
600028
600036
600019
600900
600104
000039
000088
000068
000581
000002
600497
600886
000937
600009
600005
000066
600597
000729
000069
600016
600028
600177
000920
600002
600308
600019
000983
600005
000898
000039
000068
600886
000066
600182
000022
000400
000806
600026
000510
000027
600458
000050
600710
600641
600563
000581
000651
600519
600011
600500
600050
600153
600418
600900
600050
600036
600016
000088
600418
000401
600887
600710
000528
600660
600585
600031
000625
000027
000680
600011
600018
000630
600019
600036
600028
600688
600009
600428
600348
600839
000875
000531
600480
600705
600108
600123
600780
000933
600031
000958
600726
000060
000807
600028
600050
000063
000630
000100
600296
600004
600135
000581
600029
600036
000895
600406
000012
000088
000016
600740
600694
600143
000866
600688
600188
600887
000927
000659
600115
600096
000729
600060
000002
000636
000767
600000
600825
600050
600028
600188
600900
000027
600002
600688
000729
000726
600886
000866
600016
600009
000088
000069
000515
000532
000100
600026
000920
600028
000866
600002
600188
000726
600016
000625
000100
000027
000729
000920
600362
600688
600000
000515
600886
000727
000532
600009
600058
000039
600011
600900
600026
000956
000027
600710
600188
600009
000089
600018
000933
000581
600031
600282
000939
600270
000037
600050
600123
600005
600688
600028
600900
000063
600104
600009
000939
600050
000727
000822
600074
000027
600018
600019
000037
600508
600296
000581
600547
600028
600019
600660
000729
000488
000039
600036
600900
600096
000538
600016
000002
000898
600188
600031
000088
600050
600887
000022
600012
600660
600031
000488
000729
600096
000538
600050
000088
600036
600016
600900
000039
600012
000022
000157
000898
000581
600018
600717
600795
600019
600900
600104
000063
000651
600050
600688
600036
600009
000541
000729
600085
600519
000898
600028
000983
600031
600585
600597
600026
600688
000630
600900
600028
000767
600009
600050
600333
600066
600726
000731
000727
000898
000969
000866
000060
600029
600598
600104
600276
600595
600267
000063
600601
000625
600028
000488
600418
600220
600886
600031
000731
000039
000612
600011
000895
000866
600360
000001
600232
600303
600500
600188
600050
600642
000541
600036
000631
600439
000532
600223
000066
600288
000100
000858
000568
000659
600366
600415
600812
600597
000898
600161
600602
000727
000068
000006
600517
000002
600183
000783
000009
000636
600600
000001
600210
000763
000999
600584
600609
000520
000726
600631
000725
600550
600900
000717
600002
600563
600308
000063
000088
600415
600870
600276
600183
000402
600360
600089
600688
000726
000039
600161
600205
600085
600331
600028
600050
600674
600500
600019
600408
600036
000001
600057
600104
600823
600481
600000
600011
600348
000612
600795
600744
000825
000927
600205
600808
600591
600005
600026
000629
600028
000800
000060
000968
000063
000528
600500
000027
000983
600710
600002
600123
600000
600220
000677
000969
600050
000898
600584
000527
000729
000927
600104
600296
600123
600060
000866
600029
000088
600050
000593
000581
000831
000968
600467
600028
600143
600260
600707
600050
000550
600029
600028
000999
600036
000069
600597
000527
000100
600296
600663
600012
600415
000031
000002
600717
600135
000089
000070
600595
600812
600085
600002
