6010
600048
600000
600036
600519
000568
000002
002024
600585
000063
000792
000869
600761
000024
600456
000046
600859
600296
600694
600549
600028
600685
600583
600005
600978
002008
000402
000157
000031
000759
600497
600010
600675
600489
600360
600196
600031
000793
600308
000807
000060
000410
000970
601006
000839
600269
600036
600028
600030
000012
601006
600583
600161
000970
600050
600000
000024
000002
000069
600037
000825
000063
600585
600879
002025
600859
000402
600900
000042
000061
600383
000768
600276
000869
600309
000837
600316
600183
000410
600036
600900
600000
600015
600028
600489
600675
000002
600694
600875
000060
600048
600019
600123
002008
600316
000031
000898
600269
000792
000046
000400
000839
600030
600628
600036
600547
600028
600016
600580
000978
000063
600048
000006
600594
600296
600533
600460
000839
600963
600764
000060
000402
000623
000898
600330
600895
000917
000858
600519
600320
600050
600517
600088
000878
600635
600030
600000
600316
000768
000623
600036
600016
600005
600028
000006
000983
600739
000858
000657
000488
000069
600383
600104
000709
000060
000002
600028
600030
600036
000858
600887
600050
600491
600694
601398
000680
600177
600832
000898
600348
600005
000400
000807
600631
000402
600296
600331
600597
000060
600009
600688
000039
600276
000157
000061
600019
600598
600718
000825
600138
600596
600547
600016
600660
600271
002024
600519
600585
600028
000538
600036
600016
000792
600009
600030
002069
600563
600875
000039
000869
600583
600143
002028
600694
600879
600415
002076
600048
600406
000402
600320
600050
600312
002025
600887
600331
600309
600066
600596
600549
000060
000807
600456
000069
600123
000927
600308
600261
000619
600000
601628
000983
600036
600331
000839
600361
600005
600028
002024
600089
600549
000060
000039
600030
600019
600150
601398
600016
000402
000069
600686
000858
600315
600887
600037
600475
600325
600269
002029
000001
000970
600519
600596
600296
600739
000629
600761
600900
000729
000002
600026
600104
000825
600009
000759
600289
000837
000061
000157
600535
600879
600808
600236
600835
000528
001696
600750
000792
000063
601006
600031
600517
600360
600036
000002
600030
000039
600016
000869
000651
000063
600519
600000
000538
600028
600011
600761
600583
600585
000550
600887
600361
000410
600859
600276
600631
000402
600628
000987
600858
600511
600694
000549
600660
600808
600183
000024
600004
000898
000970
600717
600875
600690
600036
600320
600549
000825
600016
600761
000651
000807
000061
000792
600418
000024
601006
600000
600879
600497
000729
600029
600196
600143
000063
600316
600118
600475
600161
000972
600028
600260
600863
000839
000938
000039
000983
000762
000958
600660
600900
600416
000006
600268
600037
002046
000698
002095
600795
600718
600535
600397
000768
000088
600202
600861
600467
600533
000898
000616
000565
600855
600269
600436
600028
600036
000063
000002
600037
600016
000069
600030
002024
600019
600361
000528
600309
600809
600050
600519
000768
000402
600859
600970
000060
600005
600048
600583
600761
600879
600675
600000
600031
600549
000157
000792
000858
000898
600320
600887
000970
601006
600694
600900
600220
600415
000852
601398
600685
600009
600406
600755
600410
600125
600312
000024
600616
600688
000410
000538
600271
600660
600383
600151
000933
600000
600028
000002
000069
000063
600016
600675
600050
000060
600694
000839
600348
600426
600584
600511
600383
600271
000898
600266
600037
600036
000002
600030
600005
600000
600016
600151
600028
600316
000060
002024
600688
000709
000792
600694
600331
600456
601398
600050
000063
600320
000825
600888
000793
600739
000024
000039
600550
600037
600361
600879
600150
000001
600887
000002
600472
600028
000608
000898
600050
000858
600362
600432
600261
000063
600320
600001
600582
600296
600205
000956
600361
600688
600036
000002
600028
600320
600000
600016
000878
600362
600015
000983
600519
600809
600887
002039
600183
600317
000063
600332
600348
600489
600583
600050
600472
600832
600879
600118
600219
600761
600296
600415
000069
600456
600584
000792
000759
000538
000869
000630
600009
000410
600717
002024
000031
000895
600205
000039
000024
000625
600331
600497
600596
600361
600642
000528
600729
000629
600018
600718
600008
600276
600123
000522
600439
600089
600900
000858
600600
600685
600875
000807
600088
600054
600547
002029
600031
600871
600026
600150
000060
600271
000912
600549
600036
600016
000002
600000
000629
600219
000069
600361
000006
000623
601006
000858
000063
000024
600348
000039
600855
600811
000878
600739
600050
000063
600973
600636
600005
600361
000538
600489
600331
600761
600205
000061
601006
600895
600104
000625
000002
000839
600028
600456
600036
600028
600019
000002
000063
600031
600219
601398
000069
600005
000898
000423
600016
600205
600808
600009
600050
000839
000793
600879
600104
600519
601111
600030
600299
600208
600362
600737
600409
000707
600895
600628
600456
000999
600588
600489
600616
000612
600066
000630
600303
600888
000539
600497
600307
600685
000717
600026
000428
600547
600761
000651
600320
600817
600089
000060
000598
600517
600732
600123
000537
600256
600426
000755
600348
600973
000983
600835
000733
000767
000568
000589
002027
600518
600596
002024
000949
002048
600050
601398
000063
600019
600887
600028
600176
600036
600348
600867
600132
600016
600009
000839
000983
000157
600030
601006
600219
600000
000999
600270
600863
000625
000852
600005
600033
600675
000858
002061
600627
600015
000039
600078
000428
600075
000978
600439
600596
000031
000088
600535
000612
600205
600547
000623
600051
600320
600795
002025
000581
000898
600688
600026
600308
600019
600036
000002
600631
600416
601006
600150
000039
600050
600458
000410
000930
601398
002046
600089
002031
601988
600495
600018
600030
601398
600686
600019
000060
600005
000625
000717
000002
000951
600028
600030
000629
600296
600104
600315
000539
000858
600026
000039
000970
600428
000807
000927
600900
601111
600337
000581
000729
600717
000917
600808
600309
000839
600739
000157
600269
000088
600177
600456
600289
000825
002029
600016
000623
000858
600000
600748
600030
600309
600739
600320
600036
600331
000002
000069
600005
000898
600028
600084
600266
600497
600583
000549
600750
000060
601398
600580
600022
600489
600015
000960
600019
000039
600195
000792
600383
600596
000930
000768
000860
000423
600547
600809
600438
000002
600030
600036
002024
600028
000069
000792
600050
600019
000063
600547
600320
000402
600415
600031
601006
600456
600895
000060
600016
000858
000568
600316
600423
600309
600887
600582
600694
601398
600406
000970
600009
000898
600550
000833
600855
000039
000538
600764
600832
600000
600315
600361
600331
600628
000157
002056
000667
600489
600132
600859
600809
600088
600205
000729
600011
600879
600616
600271
600717
600296
000006
000882
000528
600900
600050
600036
600028
000063
600406
000623
600019
600016
600879
600031
600415
600547
000002
600383
000039
600258
000858
000069
000951
600361
601006
600754
600580
000423
000657
000157
000402
600900
000978
600895
600296
600036
600028
000983
000002
000061
600016
600000
000768
601988
000933
601398
600383
600600
000069
000617
600315
600050
600001
600426
600660
600009
600161
600276
600019
600631
600811
000933
600019
000157
002028
600123
002025
600428
600009
002021
600028
600036
000002
000858
002049
000063
000625
600153
000680
600089
600348
000951
600875
600050
000825
000927
600973
000829
000410
000792
600219
600795
002023
600216
000878
600309
600323
600269
002041
002045
000039
600030
600479
600372
600302
000783
000898
600900
601111
600710
000061
600677
000768
600379
600050
600019
601111
600029
000629
600048
000488
000625
000917
600010
600900
000001
600322
601006
601398
600267
600598
000539
000616
600591
600900
600036
600028
600859
000069
000061
000063
600299
600386
600685
600150
000402
600037
000936
600183
000758
600019
600590
000858
600436
600018
000729
600000
000727
600723
000807
600584
600016
000898
600884
000012
600118
600036
600151
000400
600859
600511
600019
000031
600713
601398
600088
000423
600694
000069
600271
000758
000402
600161
600900
600583
000729
000568
000002
600590
600022
600028
600150
000858
600028
600036
600019
600016
000002
000063
000858
600009
601398
600900
000898
600690
600050
600348
601006
000970
600005
600717
600026
600519
600879
600011
000423
000729
600031
600122
601111
600037
000400
600660
600859
000060
000882
600123
600585
000039
600688
600739
600320
600361
600118
600331
600006
601628
600362
000608
000157
000878
600489
000069
000825
600030
600018
600855
600150
600418
600028
600036
600016
000063
000002
600030
000858
600019
600900
600289
000061
600018
600000
600050
000758
000878
601398
600859
000839
600125
600307
600036
600748
600019
600016
600067
000930
000069
600000
600269
600050
000786
600675
600322
600459
000823
000400
002073
600296
000709
000623
000069
600000
600028
000002
000039
000858
600748
600016
600320
000792
000063
000423
600519
000960
600309
600331
000400
600030
600019
000060
600583
600383
600084
000581
000768
000930
600005
600900
600717
000858
000878
000063
600016
600832
600050
600011
600018
600331
000612
600312
600298
000069
600036
600009
600000
000978
000895
600019
600628
600360
600588
600895
600460
600028
000088
600075
600260
000024
600015
600320
600327
600790
600585
600631
000911
600029
000768
000089
600350
000157
600386
600219
600028
600036
000002
600519
601398
601006
600016
000983
600196
601628
002024
000061
600628
601333
600438
600125
600418
000825
600037
000088
000729
600880
000039
600808
600332
600900
600030
000069
600050
600428
600809
600030
600036
600331
000002
600005
600028
000839
600089
000983
000039
600900
002008
000970
000157
600309
600019
000917
600050
600205
002024
000858
600549
000063
000061
000069
000060
600315
600037
600325
600289
600009
600361
000089
000623
600296
600475
000039
000839
000002
600089
000970
600026
600439
600549
600036
600423
600325
601006
000869
600331
000837
600863
600030
600161
600795
000157
600036
000002
600028
600016
000970
600879
600161
600037
000063
600050
000768
000012
600000
000837
000069
000410
000625
600183
000024
000402
600410
000825
600036
000060
000063
600028
000651
600497
600456
000069
000623
600016
600331
600183
600320
600761
000997
600066
600050
600639
600309
000528
600660
002037
600547
600596
600888
600000
002024
000792
600172
600879
600211
000709
600022
600557
600491
600271
600031
000039
000623
000060
000024
601006
601398
600030
600036
600019
600000
600825
002069
600438
600592
600900
000682
600033
000792
000753
600361
600386
600688
600018
600050
600296
000951
000063
000006
600066
600302
600436
600406
000002
600050
600016
600009
000063
600036
002024
600028
600019
000858
000898
600030
600000
600037
600887
600519
000039
000900
000060
000402
000069
600005
600316
601006
000878
600331
600183
600694
000768
600717
600550
600879
601398
600547
600123
600015
000825
600718
000933
600269
000538
600029
600309
000400
000024
002025
600631
601111
000088
000970
600660
600832
000709
000061
600001
000807
000997
600151
600582
600362
600410
000912
600489
600415
600460
000895
600428
600360
000410
000630
000793
600831
000792
600296
000568
600011
600880
600675
000423
600348
600900
600970
600616
600010
000012
600026
600472
600033
600320
600960
601988
600089
000839
600895
600332
000987
600104
000869
600161
600102
600867
000927
600495
600423
600036
000024
600900
000825
600718
000933
600016
600028
600005
000767
002008
002028
600808
000063
600787
000568
000793
600963
600761
600460
000562
601398
600880
000400
600616
002024
000039
600019
600585
600584
000002
600642
600089
600594
000997
600219
000970
600177
600527
600677
600299
600423
600050
600688
600015
600855
600010
600960
600363
000758
600694
600572
600268
600456
600331
000852
000690
000930
000768
601111
600360
600835
000807
600325
600118
002022
000617
000898
000061
600196
600879
600361
600343
600475
000069
002007
600472
600033
600271
000939
600309
000917
000960
600151
600031
600161
600536
600517
600741
600456
600276
000060
600549
600497
600583
600547
002001
600299
600331
002024
000792
600028
600519
600525
600320
000538
600309
600887
000869
600348
600809
000878
600406
000900
000002
000027
600596
601398
000063
600037
600016
000402
600009
000858
600675
000651
000039
600748
002024
600067
002073
000910
600000
600028
600019
600694
600150
601699
600016
601006
600795
600808
000792
600809
600428
000060
600829
600595
000006
000987
600009
600533
600064
600104
000858
000807
600826
000729
600583
600362
600036
601588
000562
000731
600547
000402
000528
600033
000983
600438
000758
600879
600549
600460
600028
600036
600016
600030
600320
600037
000768
000069
601398
000970
600887
000001
000410
600000
600900
600519
000063
600415
000039
002024
600309
000623
600406
600739
000866
000061
000002
000858
000402
600029
600276
600050
600688
600316
000651
000972
001696
600195
600761
600028
600019
600688
000709
600058
000001
000898
600022
600739
000629
600900
000088
600420
601988
000951
600590
000063
600309
600030
601006
000878
000933
600900
600050
600036
000002
600009
000063
000001
600030
600029
600019
600016
601988
600519
601398
000039
600026
600104
000625
601111
000402
000562
600028
000550
600584
000651
000858
600015
600330
000973
000024
600269
600183
600469
600642
600011
000069
600309
600016
600028
601398
000063
000002
000768
600739
000001
600583
000616
000410
002024
600037
000061
600887
600000
000623
600030
000568
600694
000402
601111
600642
600183
000006
600268
600290
600519
600005
600320
000866
600036
000400
600855
000039
000972
600048
600616
600029
600406
600501
000629
600879
600361
000538
600276
600036
600016
600030
000002
600000
600037
600009
002024
600879
600383
600583
600519
600316
600887
000157
000858
000768
600809
000680
000792
600266
600320
000063
600761
600547
000069
000031
600900
000568
600031
600415
000060
600348
600028
000400
600331
600406
600694
000410
600151
000839
600000
600028
000002
600030
600036
000568
600970
600458
000718
600867
000951
600519
000402
002024
000619
600037
600015
600089
600688
600016
600858
600583
600050
600138
601988
000625
601398
600973
600887
600761
600205
600497
000421
600739
000869
600677
601006
600296
600262
600489
600150
000410
600312
600018
600673
000024
600143
000895
000911
000063
600161
000400
000623
600432
600795
000927
000039
600320
600010
600316
600416
000002
600028
600320
000157
000402
000060
000069
600685
600309
000825
600549
600383
600406
600019
000063
600205
600583
600030
600688
600456
600875
000898
600005
600582
600143
600271
600694
000616
600036
600015
600016
600000
000550
600048
600315
000538
000792
600970
600037
600596
600104
600177
600887
600312
600636
600808
000709
601398
600362
600262
600588
600690
000568
600102
600031
600007
000528
000651
600686
600026
600096
600529
000778
600519
600835
000024
000761
600299
000848
000708
000488
600467
600761
601333
600631
002024
600036
600030
600350
600809
600361
600009
600016
600519
000069
600000
600859
600887
600269
600026
000063
600327
601006
600195
600467
000848
600122
600795
601398
600485
600428
000858
000088
600296
600037
600616
600694
000829
600236
000619
600582
000729
600410
600035
000768
000826
600298
000531
002049
600900
000560
600755
600386
000402
601111
600628
600717
000533
600779
000538
000623
000900
600761
600016
600030
600036
600028
000858
000002
600299
600037
600123
000402
002024
000063
601398
000060
600000
000825
600219
600685
600616
600019
600320
600348
600585
000792
000157
600096
600383
600266
601006
600309
600005
600718
600693
600325
600456
600500
600809
600183
600675
600050
600887
600970
600521
600519
600066
000039
600694
000839
600269
000625
000759
600489
000898
600583
600009
600062
600031
000895
600276
000069
600410
600960
000528
000933
000690
600316
600570
600150
600801
000623
000935
600362
000680
600831
000423
600547
600337
000807
600036
600900
600016
000002
601988
600000
600331
000060
600050
000970
600118
600005
000402
000858
000410
600028
000969
600489
600879
000630
600015
601398
000960
600717
600123
000157
000061
000039
000012
600519
600547
600362
600037
600360
000069
000792
600132
000951
600019
600597
002024
600829
600887
000997
000869
002021
600472
002038
000538
002046
600309
000983
600320
600330
000852
600438
600855
600262
600004
600029
002065
000823
600858
600811
601111
600348
600009
600383
600050
000858
600030
000002
600016
000001
000063
600058
600018
600036
600717
000088
000027
600010
000652
600028
000623
600000
600519
000839
600808
600739
600879
600104
000069
600008
000898
000568
000695
000060
000825
600028
600036
601006
600030
000027
600050
000039
000002
600016
000549
600011
000538
600348
600887
600660
600004
000839
600009
600688
600628
000858
000024
600631
600519
600600
600037
000063
600596
000987
600428
000591
600169
600125
600350
600585
600598
000423
600007
600016
600036
000402
600900
600879
601111
000063
000001
000031
600005
600591
000825
600895
000651
600675
600835
000608
000024
600631
600740
600900
600028
000878
000768
600879
000839
600050
000402
600030
600019
600460
600036
000063
000930
600489
600037
600795
600660
600316
000630
600428
000022
600183
600475
000001
000963
000423
000021
000039
000972
600595
000933
600717
000762
600035
600220
000983
000002
601006
000969
600397
000002
000069
600028
600036
600331
600000
600050
000616
000063
000933
000709
000858
600111
600031
600016
600362
000528
000039
600547
000060
600383
000568
600005
600519
600325
600269
600330
600030
000937
002024
600104
600809
600497
000951
000997
600887
600616
000629
600019
600694
000089
000006
600009
600459
000807
600017
600348
600197
600900
000869
000630
000001
601398
600596
600879
002082
000024
000825
600195
600050
600271
000839
600016
600000
600030
000060
000550
601988
000858
000729
000006
600005
600138
000651
600009
000617
600829
600183
600584
600271
600050
600000
000839
601988
600016
000063
600177
600138
000550
000729
600196
000617
000006
600887
000060
000002
600005
600436
600019
600036
600084
000099
000758
600717
000027
600547
600028
600009
600415
000690
000063
000069
600787
600269
600861
600900
600016
601006
600033
600036
600028
600519
600611
600726
600900
000619
000932
600348
600296
600582
600078
600016
000157
600048
600887
002007
000598
600642
600075
601398
600320
600036
600016
600688
600005
000792
000001
000825
600000
000002
600022
002024
600030
600694
000709
600316
600331
600685
600456
600036
600000
600519
600016
000002
600694
600030
600050
000538
600269
000063
600383
000825
600005
000709
000987
600438
000792
000550
600879
600887
002024
600028
000423
601398
600549
600022
000157
000869
600037
600361
600118
600320
600888
600456
600590
600316
600583
601628
000001
000024
600028
600036
600585
000758
600015
002024
600019
600596
600309
600085
600521
000898
600685
600787
600320
000848
000858
000878
600797
000970
000002
600019
600550
000858
600717
600316
600797
600050
000825
600016
600886
600030
000793
600879
600036
600688
601398
600900
600875
600383
600195
600050
000612
600343
600616
600855
002069
600460
000157
600651
600337
600084
600970
600000
000831
600086
000960
000591
000758
600835
600688
000598
600196
601588
600261
600298
600742
600018
600786
600016
600790
600058
600500
000099
600331
600172
600096
000063
600392
000657
000617
600449
000917
601398
000089
600028
600016
600005
600000
000002
600036
600026
601398
600050
000063
000690
000549
000568
002024
600519
000538
600583
600029
000858
000402
600350
600143
000825
000006
600019
600309
600509
601006
000793
600694
000039
600143
000060
600219
600028
000002
600383
600036
600312
600406
600009
600519
600030
000538
600269
600001
000927
600123
600271
002024
600276
002028
600887
000729
000400
000419
600028
600895
600019
000031
600016
000858
000069
000930
000807
000709
600067
002024
000898
600900
600296
000002
601006
600879
000528
600379
000900
002073
600202
600036
600765
600320
600694
600327
600362
000792
600189
000860
600050
600685
600737
600880
000768
600037
601988
600401
000400
000839
600636
600033
600316
600518
600089
000630
600005
000733
000537
600502
600893
002027
000762
600005
600036
600016
601398
600019
600028
600037
000623
000562
000568
000793
600797
600690
600963
600096
000933
600694
002024
601006
600616
600123
600309
600895
000898
000069
000888
002052
000926
600050
600570
600007
000001
600718
000612
000680
600436
600713
600360
600269
000402
000807
600536
600410
000549
600022
000060
600467
600697
000860
600655
600350
600547
000858
002008
600693
600588
600592
600426
600808
600456
600639
600089
000538
600585
000690
600970
600125
000063
600887
600787
601628
600361
600189
002045
600675
002022
000978
002025
600307
000619
600596
000401
000759
600717
000709
002031
600880
600631
600960
002039
600026
600219
600280
600423
000039
600029
600900
000825
600296
600337
600064
600316
600750
600761
600062
600809
000024
600858
000617
000768
601333
600000
600327
600660
600030
600271
000876
600205
000061
000869
600583
600832
000878
600519
600151
600299
600177
600018
600258
600386
600835
000826
000663
600855
600031
000930
002079
000755
000550
601398
600036
600030
000002
600016
000402
000858
600028
000039
600050
600309
600660
600583
600019
000549
600011
000651
000825
600066
600808
600308
601111
000951
600104
600150
000898
002024
600519
000619
000550
600739
600694
600004
002032
000559
000623
600686
000063
600418
002045
002084
600269
600058
600900
000012
000729
002081
000927
601628
600761
600009
000061
600628
000877
600688
000027
600271
600717
002048
000069
600005
600037
600511
000869
000792
002073
600276
600415
600887
600219
000001
000581
600547
000527
002007
600386
000024
601333
000807
600000
000987
000625
002085
600169
000568
000410
000933
000759
000562
600500
600973
600649
002059
600348
000528
600085
000906
000900
600729
000538
600858
600322
000956
000709
000897
600050
600009
600642
600028
600717
600269
000900
600026
600350
000839
600900
600795
000917
000089
000933
600428
600787
600896
000767
002039
600000
601398
600012
600019
600036
600831
002059
600125
000001
600452
600030
000060
600649
600874
000400
600088
600548
000858
600236
600460
600317
600020
600104
600037
600028
600036
600787
000002
000069
600547
000690
601006
600084
600009
600000
600415
600269
000758
600205
600331
600887
600572
600219
600585
000657
000099
000410
002056
600519
000039
000089
600811
600872
000006
000858
000402
000024
000869
600005
600533
600085
000031
600258
600717
600549
600436
601398
000729
600016
000762
600123
600497
600489
600963
600299
000895
000090
600019
600855
600054
000619
000629
600535
000709
000888
000900
601398
600299
600005
000002
600036
600219
600019
600761
600631
000069
000759
000568
600315
000537
600016
600547
600089
600858
000858
600886
000060
600104
000951
600026
002022
000039
600694
000707
600697
000157
600519
600517
600009
600489
002048
600900
600361
000539
000898
000400
000869
600123
600048
600835
000793
000895
600208
000807
600118
600320
600195
600859
600360
000006
600655
600028
600036
600596
000002
000858
600030
600028
000402
000063
000157
600887
000623
002061
600383
600439
000069
600000
600627
000024
600050
600309
600348
600590
000651
600320
600858
000898
000792
600026
600693
600016
600827
600303
600428
600867
600740
002003
600616
000978
600062
600511
600688
002073
000538
000625
600438
000987
601006
600143
600280
600219
601699
600176
600811
600037
600261
600331
000999
600172
000039
600971
600271
000759
000428
600628
600795
000726
600177
000031
600308
600019
600033
000609
600256
600535
000060
600886
600636
000061
601111
600880
600096
600160
600005
600258
600366
600009
000910
601398
000050
600592
600087
600418
600600
002014
000021
600011
600900
000568
600426
600018
000960
600036
600519
002024
600016
600688
000568
600010
000002
600811
600028
000858
000063
000528
000406
600050
600002
600001
600037
600423
000866
000060
600887
000839
600468
000623
000069
000024
600320
002010
600000
600015
000063
600588
600309
600016
600315
600009
600031
600361
600028
600037
000410
600415
600125
000002
000069
600050
600438
002081
000898
600161
600028
000002
000063
600036
600583
002024
600320
600016
600037
600000
600030
000825
600761
000402
000839
000069
600519
600809
600694
600685
000410
600582
000858
600183
600312
600150
000768
000792
600019
000528
000869
000060
600585
000400
600309
600383
600596
600616
600005
600495
000568
600887
600362
600348
600831
600879
000807
000157
000538
600467
600271
600888
600161
600316
600123
600675
000900
600439
000625
600489
600693
600406
600973
600009
600298
600330
000039
600410
600557
600867
600118
600299
600859
600262
000852
000423
002009
600828
000623
600050
600219
601588
002084
600084
002061
600485
600331
000024
600584
600418
600361
002027
600276
600594
600456
600764
600660
600811
600269
600458
600089
000733
000829
000970
600048
600511
600270
000811
600965
000895
000031
600718
000089
000910
002031
000488
600547
000933
000061
000831
000088
600673
002029
000616
000858
000002
000793
600030
600016
600616
600019
601398
000157
600123
600428
000024
000528
600036
600879
601699
600028
600195
601006
600000
600037
600835
000538
600895
600690
600787
600550
600031
000060
600639
600859
000625
600383
600754
600729
600009
000837
600269
600900
600435
600519
600583
600797
000501
000099
600886
600312
000839
600028
000002
600016
000060
002024
600036
600320
600519
600000
600143
600309
000792
600887
000895
600875
000063
600331
600583
600383
600028
600016
002024
600795
600088
000858
600037
000060
600036
600030
600598
600831
600887
000617
600029
000002
600005
600900
600595
000063
600019
601398
600036
600009
600361
600016
000858
000069
002024
600887
000088
000869
600028
000612
600001
600037
600085
600519
600688
600000
600036
000839
600050
000630
600028
600176
000858
600110
600677
000001
600519
600002
600316
600563
600616
600030
600151
600236
600118
600348
600028
600019
600036
600030
600900
601398
600005
000680
600016
600000
000898
000002
000063
600491
600276
600050
000829
600808
600879
601628
000792
601988
600718
000768
600694
600009
600583
600887
600026
000061
600528
600600
002069
000402
600596
600886
600308
001696
000031
601111
000089
600631
600831
000858
600266
600585
000410
600386
600739
600895
600809
000423
000568
601006
600511
000039
000060
600547
000069
600015
600150
000562
000758
000401
600299
000869
600521
600717
600688
600104
000157
600089
600643
000538
600037
600205
601699
002008
600832
600138
000709
600500
600307
000028
600693
600269
600316
600189
002024
600475
600258
600320
600456
600797
600467
000428
600550
600754
600151
000839
600118
600296
600497
000625
600271
600651
600858
600489
000807
000528
000623
600825
000024
600327
000800
600616
600787
000960
000987
600036
600000
600019
600900
000089
600050
600058
600028
000825
600591
600009
000402
000709
600096
002029
600663
600596
000039
000839
600588
600549
000069
600085
600188
600282
600809
600271
000157
600011
600686
600327
000951
000024
600048
600309
600489
000651
000978
000400
002022
000888
600426
600456
600585
600611
601006
601111
002035
600639
600005
600012
000927
002009
600296
000625
600592
000983
000060
600438
600729
600331
600521
600900
601398
600050
000001
600296
600104
000807
600886
000027
600028
000402
600688
600428
000022
600895
000778
600048
600350
000039
600548
600011
600019
000651
600308
000539
600029
000089
600027
601006
601111
600997
600600
000088
000024
002045
600280
600325
600012
601628
600801
600183
000800
600521
600036
600423
000550
600000
600114
000401
000625
600062
600598
000616
601699
600639
000825
600312
000572
600307
000831
600030
600479
000581
000410
000157
000608
600036
000001
600000
600016
600030
000825
600022
000002
600383
600028
600694
601398
600005
600019
600320
600050
000039
600583
600887
600037
000793
000926
000538
601006
600118
000792
600900
600054
000709
600688
600795
600628
600519
600416
600316
000852
000970
000027
002032
000987
600022
600015
000063
000012
600497
600835
600535
600428
600472
600019
600675
000933
600859
000528
600786
600438
000006
000807
000815
601006
000768
601699
600360
600325
002003
600195
600685
000001
600420
000031
600547
600016
600549
002045
000550
600320
600161
600435
600790
000060
600118
000042
600050
600183
000028
600436
600893
600519
600456
600961
600331
000822
600219
600761
000402
600900
600307
000777
600089
600533
600337
000625
600085
600150
600361
600677
600114
600071
600410
600302
600489
600978
600028
000680
600962
600372
000050
600416
600527
600316
000428
601588
601398
600755
000960
600809
600432
002010
600458
600289
600312
002027
000819
600033
600525
600673
600817
600426
600523
000619
600740
600694
002008
600509
000860
000831
600309
000629
600636
600511
600616
600597
000002
600282
600875
600050
600583
600036
600030
600028
600016
600829
000063
600596
600660
600033
000939
600026
600009
000581
600690
600012
600535
000539
600176
000927
600675
600717
600616
600320
600755
000410
000963
600423
000926
000423
600664
000858
000402
600309
600302
000625
600467
000616
600006
600060
600016
000063
000039
000002
600028
600036
600019
000069
600030
600519
600050
600111
000858
600005
600900
600495
000625
600489
000060
002082
000538
600808
600970
600037
600276
600361
000089
600588
000839
600195
000898
600832
000758
600418
000951
002008
600309
002024
600827
000528
600535
600887
601988
000423
000709
000983
600547
000568
600315
000970
000869
600790
600028
600030
600036
000002
600183
000858
000063
600585
600636
600831
000410
000400
000157
600015
600104
600000
000069
002025
000792
600547
600036
600000
000807
600500
600331
000729
600016
600019
600005
600383
000898
000060
000400
000625
600694
600438
000024
600963
600030
600811
600835
600050
600218
600879
600350
600489
000858
600035
600855
600029
000825
000069
600547
600009
600247
000900
000157
600584
600104
000002
600060
600685
600415
600416
000831
600967
600296
600312
600138
600327
600033
600126
600663
600118
600467
600472
000002
600331
600036
600383
600016
002024
600161
600489
000807
600832
600028
600050
600563
000767
600000
600299
600360
600500
600675
600900
600026
600855
600694
600269
600547
000625
000063
600970
600685
000069
600205
000060
002022
600009
600875
600584
600320
000568
600296
600887
600481
600879
600636
000933
000983
600018
601006
000488
000839
000930
601398
000039
600123
600439
600230
600019
600519
000651
600029
600472
600036
601398
000002
600519
000568
002024
600016
600900
000069
600694
000402
600005
600309
600456
000869
000807
600361
000793
600219
000063
600036
600028
000002
600019
600016
600030
600519
601398
600050
000063
600900
601006
000898
600000
600009
600583
000069
601588
600685
000420
600050
600028
000039
600900
600497
600456
000402
600009
600271
000089
600428
601398
600410
600309
000619
600269
600636
000157
600786
600642
000022
600475
600875
000778
600000
600030
601988
600009
600036
600019
600028
000002
600423
600900
600535
600050
000061
000568
600331
600309
000807
600048
000858
000898
600104
600887
000625
601006
601398
600900
600050
600029
000001
600642
600591
600325
000825
600019
600000
000616
600048
000651
601111
600015
600028
600900
600036
600016
600050
601111
000402
600690
600717
000069
600019
000001
000423
000002
600009
000612
600048
600685
000401
601398
601398
600036
600019
600030
600028
000002
600016
000625
600005
600519
601006
600026
600050
600900
600009
000858
600029
600547
600011
600887
600809
000839
000680
600028
600900
600036
600019
601988
600050
600005
600000
600694
600030
601006
000839
000063
000069
600808
600320
600631
000858
000001
600016
600028
600005
600019
601398
000002
600016
600900
600036
600050
600519
000069
000839
002008
600037
600428
600009
600000
600415
600808
000759
600036
600795
600030
600016
600694
000002
000063
600583
600582
000402
000069
000792
600809
000858
600296
600037
600009
002025
600879
600028
600271
600320
600309
600519
000768
600717
600009
000002
600016
000858
600829
600832
600027
000793
000616
000680
600005
600675
600123
600408
600067
600026
600000
000837
601006
600348
600036
600019
600028
600519
600000
000002
601398
002024
600030
000825
000063
600050
600016
601006
600887
600694
600809
600005
600009
600383
600036
600016
600000
600050
600005
600019
601398
600900
000402
601988
600015
000088
000410
600717
600583
000089
600004
600497
600438
600887
600016
600050
000002
600900
600030
000858
000063
600036
000898
600028
600519
000897
600017
600717
600019
601006
000001
000652
600000
000027
000069
000157
600036
600000
600016
000002
600030
600519
601006
000825
600583
000709
600028
000001
600005
600022
601988
000768
600316
600019
000538
600050
600036
600000
601398
600016
600050
601988
000825
600005
600028
600269
000002
600694
000001
000709
600320
600030
600019
600456
600316
600037
600050
600028
601988
600036
600900
601006
000402
600519
600694
600019
600005
000792
600000
000001
600309
600048
600383
000568
600009
600583
600036
600019
601398
000549
600000
600005
600016
600900
000858
000926
600050
600350
000667
000402
000629
600028
600409
000401
000063
000528
600887
600016
600973
601398
600636
600596
600028
002028
600550
600050
600195
000402
600761
600361
600415
600005
600591
601111
600026
000002
000528
000063
600809
600331
601398
600036
600900
600005
000568
600089
600879
600019
000858
000002
000063
000157
600685
000612
000999
601006
600631
000629
000807
600098
600694
600019
600036
600028
600050
600348
600519
600649
600900
000002
600123
600183
600361
600009
600596
000792
600016
600012
000063
600037
600269
000898
600330
600550
000090
600887
600511
600549
000063
600361
600036
600309
600276
600009
000423
600588
000869
600642
600000
600050
600315
600583
600085
000039
600519
600825
000410
601006
000002
601398
600583
000858
601006
600036
000528
600879
000793
000024
600030
600195
600019
600859
601699
600084
600616
600875
600835
600639
600519
600036
002024
600143
600028
000002
000869
600016
600030
600887
600050
000063
600694
600549
600066
600269
000538
600900
000402
002069
600036
601398
601988
600028
000792
601006
000002
600016
000024
000063
600583
600694
600050
600009
600519
002024
600005
600406
000869
600000
601398
600036
600028
000402
600016
000002
600519
000069
000792
600583
600900
600009
600309
002024
600887
000898
600549
600037
000063
601006
600016
600036
600019
600028
000002
000039
600808
600050
600428
000423
002069
600005
000825
600415
600519
601006
000001
000898
600887
000623
000858
601398
600028
600019
600887
600050
600009
600639
000039
000617
000549
600089
000581
600660
600125
600900
600036
600016
600000
600085
000768
600022
000709
600835
601111
600196
601398
600030
600050
000898
600019
601988
600547
600177
600036
600320
600085
000970
000729
000858
600026
600028
600269
600183
600028
600900
600019
600316
000002
000568
000012
600050
601006
600879
600036
600030
600037
600161
600694
600583
000970
600320
600887
600859
600688
000410
600519
000792
000869
600005
600016
600000
000402
000063
600309
600596
000898
600795
601111
002024
600519
600009
000538
600030
600271
000400
600415
000039
000402
600028
600585
000069
600320
600000
600298
000002
000063
600694
600315
000927
600309
600036
600383
600312
600219
600549
600963
600563
600660
000060
600406
600331
600628
600688
600037
600895
600636
600123
000729
000063
600016
600028
000069
600000
000528
000829
000002
600694
600519
600511
600406
002024
600348
600037
600033
600026
600808
600675
000550
600900
000987
000831
600809
000568
600584
600183
600296
600266
600636
600858
000617
600271
600309
600331
600005
600269
600415
000960
600596
000898
600811
600361
000625
600383
000400
600547
600548
600895
600829
000002
600036
600694
600000
600030
600016
600005
600028
600519
600583
000538
000825
000792
600456
600269
000001
600050
600383
000709
600320
600688
600037
601398
000869
600019
600900
000027
600309
000402
600016
000858
600500
600005
600325
600001
000768
600000
002024
000528
600030
000549
000061
600887
600019
600631
600016
600028
000063
600410
600183
600036
600636
600299
600832
600037
600015
000002
000400
600581
600736
002025
000858
600383
600005
600033
600030
000402
000410
600489
600597
000900
600362
600900
600879
600886
600205
000089
600416
600710
600309
600104
600456
600269
601398
600585
600631
600580
600067
600694
600331
000928
600887
600598
600089
600795
000822
600777
000157
002038
000619
600348
000024
000680
600050
000060
600330
000758
601006
000686
000012
600806
000069
000612
600511
601988
000951
600378
600019
600296
000910
000969
600360
600198
600888
600468
600595
002024
000930
600596
000569
600064
600123
600219
600835
000709
600418
600487
600312
000987
002037
600138
600012
600497
600881
600260
000970
600010
000617
000027
000983
000629
000616
002008
002022
600117
600811
000061
000911
600495
000988
000837
600673
600717
000562
600022
600855
600755
600125
600839
000066
600880
000717
000006
600831
600829
600547
000823
600072
000608
000028
600970
600028
600036
000898
000858
000063
600125
600030
600900
600887
600019
000402
600660
600584
600829
600737
600717
000410
600009
600050
600060
000089
000927
600123
002088
000839
600777
000423
600016
000913
000061
600754
000090
000848
600426
600219
002008
000401
000002
600000
600036
600519
600005
600050
600016
000858
600320
002024
600030
000039
600015
000069
600028
600309
600887
600019
000157
600879
000680
000568
000410
600331
000970
600383
000538
600809
600312
000088
600685
600829
600694
600583
600900
600438
600360
600150
000024
000983
000402
600325
600183
000400
000060
600855
000528
000898
600596
000063
600067
600432
600761
600037
600362
600616
600029
002025
000927
600118
600597
600348
000625
600123
600973
000768
600557
600031
000852
600406
600036
600786
600582
000619
600596
600270
600016
600737
600824
000825
600855
600125
600571
600900
600030
600611
600216
000598
600122
000799
600205
000423
600028
000157
000887
600642
600048
600166
600302
002021
600035
600019
600089
600028
600000
000792
600694
600900
600036
000060
600048
600583
600887
002024
000839
600497
600205
600309
600316
000063
000157
600519
600383
600348
600030
000402
600489
600016
600312
000069
600320
600015
000002
600456
000400
600037
600549
600118
000031
600585
600875
000088
600183
000807
600033
000898
600005
000538
600420
600675
600410
601006
600296
600050
600809
600143
000625
600361
000012
000568
002025
600432
600472
600009
000680
600428
600867
600331
000900
600740
600533
600022
000001
000006
600435
600978
600036
000898
000709
000039
000858
000024
000608
600978
000625
600001
000157
600050
600887
600900
600418
600261
000488
600685
600690
600713
000910
600973
000027
002032
600000
000537
600675
600481
600320
600019
600472
000935
600085
600548
600005
600660
600511
000063
000616
000729
600028
600299
600432
600383
000837
600010
600694
600330
600592
600325
600808
600028
000002
600036
600016
002024
600019
600887
000858
600677
600973
000768
600489
000402
600000
600162
000039
000063
000792
600360
600636
600289
600685
600009
600330
600320
000069
600811
600111
000970
000031
000777
600472
000021
601006
600030
000930
600327
600879
600627
000917
600900
600519
600616
000060
600500
600521
600197
600438
000088
000651
000568
600060
600596
600085
600184
600208
000878
600649
600792
600426
600815
000024
000157
000829
600495
600639
600631
600585
600151
600583
000400
600436
000528
600309
002041
600002
600718
600832
600028
000002
600036
600016
600000
000006
600219
600352
600408
600019
600050
600811
600795
601006
000933
600009
600085
600886
000729
600487
600900
600028
600795
600050
600973
600009
600036
600887
600016
600331
600183
000927
600717
600201
600519
000680
600261
600019
600517
000528
000063
600820
000550
600697
600809
600675
000612
600827
600104
600584
600596
600005
000002
600151
600636
600307
600724
000898
600875
600888
000157
600660
600361
600547
600879
000568
000987
000402
600535
600880
600085
600550
002028
000807
600219
000825
600026
600527
600030
000423
000823
600563
000410
600423
600472
000039
600718
600320
600036
600019
000898
600009
600028
000002
000063
600031
600900
600005
600016
000858
600299
601398
601006
000400
600795
000069
600879
600688
600795
000027
600094
000898
600887
600900
600177
000069
000061
600009
600036
000825
600028
600019
600585
000002
000651
600066
000402
600037
000060
000063
600660
600276
000748
600881
000039
000089
000157
600050
600005
600761
600535
600418
600519
600809
000528
600432
600183
000024
600296
000858
600282
600406
600694
600383
600018
600717
600010
600456
000792
600690
600831
000538
600026
600320
600262
600549
600202
600886
600037
600832
600677
600036
000623
600880
000729
600693
600831
000060
600563
000503
600316
600030
600491
000917
600302
601398
600028
600371
600009
600088
600262
600050
600697
601988
600855
600887
600467
600177
000858
600019
600104
600015
600439
600739
002027
600655
000402
600307
600128
000021
600489
600309
600258
600547
000001
600900
000002
000630
600299
000410
600084
600183
600031
600151
000709
600009
600028
600085
600016
600036
600269
000002
600900
600019
600428
000069
600418
600050
000900
000825
000063
000402
000898
600887
600308
600036
600028
600009
600019
000063
600183
600026
600761
600030
600089
600000
600269
600900
000568
600639
601398
600037
600418
600616
000858
600426
000927
600887
000825
000402
600308
600016
601006
600685
600208
600150
600078
600809
000002
600066
600005
000423
600795
600348
600331
600289
000550
000792
600595
601988
600675
600410
600143
600307
000157
600511
000898
600718
600563
600886
002023
600583
600584
600015
600276
600827
600888
600729
000768
600861
000899
000410
000900
600867
000951
600350
600688
600125
002022
000537
600036
600030
000933
600009
600276
000869
000983
000002
000157
000825
600887
600028
600761
600271
002021
600308
600694
600519
600415
600456
002024
002007
600858
000538
600123
600000
000069
600900
000852
600887
600016
600015
600475
000858
600879
600036
000987
600325
600631
000002
600416
600048
002056
000777
600019
000559
600641
600748
600050
000024
600028
600479
600036
601398
000898
600028
600016
000002
600019
600005
600887
000568
600009
000930
600519
600900
600029
000063
600547
600309
600030
000709
600963
000423
000839
600220
600739
000538
000024
600550
600832
000858
600316
600718
000987
000792
000629
000623
000768
600331
000069
600117
000869
600879
600797
000625
600867
000878
600361
000895
601006
600050
600688
600001
000927
600054
600296
600010
600150
000911
600258
002008
600104
600138
600583
000050
000012
600031
000617
600491
000917
000888
000807
000825
600489
600088
600535
600102
600211
600750
600694
600151
600303
600439
600585
000061
002053
000549
000761
600327
000550
000978
000758
600037
600269
600048
000729
600307
002024
600362
600438
600795
600011
600858
000410
600675
000027
600125
600754
002030
600064
600330
000562
600472
600533
600084
