1858
000039
000063
000792
600026
600519
600887
600019
000983
000088
600900
600660
600309
000541
000937
600054
000002
600028
600320
600005
600036
000895
000063
600269
600009
600519
600428
600383
000792
600415
000069
600549
600887
600309
600019
600320
600018
600585
000539
000538
600628
600900
600036
600269
600009
000983
600019
600519
000895
000423
000069
600050
600415
600016
000726
600584
000792
600012
000858
000022
600028
600009
600428
600900
600519
000895
600309
600383
000063
600019
600269
600887
000022
000900
600585
000792
002024
600694
600717
000002
000069
600549
600085
000538
600900
600058
600269
600309
000039
600012
000063
000792
600019
600005
000970
000912
002025
600887
600717
000895
600009
002012
000900
600879
600036
600033
002024
600036
600005
600016
600009
600026
000039
000983
600019
600500
600018
600033
000423
600050
600269
600519
000063
600098
600309
600000
600900
600019
000002
600123
600028
600628
000895
600000
600415
600027
000089
600600
600887
000039
600036
600276
000629
000759
600002
600361
600087
000063
600009
000527
600019
600050
600428
600036
600005
600519
600717
000829
600033
000488
600000
000039
600029
600183
600002
000402
600177
600036
600717
600900
600019
002024
000895
600308
600660
600761
000983
000651
000069
000792
000039
600377
000866
000858
600863
600012
600028
600019
000022
600028
600900
600016
600717
600036
600005
600018
600269
600009
000069
600050
600085
000895
000402
600795
000792
000039
000002
600019
600028
000063
000002
000088
000581
600177
600795
600688
600428
600900
000402
600050
000866
000726
600018
600036
600009
000039
600383
600019
600028
600900
600269
000063
600519
600009
000895
000088
000858
600036
600011
600436
000022
600795
600066
600026
600188
002024
000997
000983
600026
600467
600361
600497
600900
000731
600586
600352
600754
600050
000012
600258
000037
600104
002012
600475
600196
600482
600202
600019
600900
600028
600320
600036
600050
600583
000063
600018
600005
600016
000900
000402
600330
600418
600660
600887
600011
000088
600795
000063
600660
000581
600970
600050
000898
000069
600000
600028
600900
000960
600150
000423
600018
000858
000983
600717
600688
000778
600005
600033
600012
600019
600269
000983
000022
000726
600320
000488
600583
600096
000869
000063
000898
600009
000729
600026
600519
000541
600900
600019
600900
000970
000726
600005
600002
600320
600299
000068
000069
600383
600026
600188
600096
600406
000898
000625
600361
000651
600027
600420
000063
000060
600549
600660
000088
600900
000983
600596
000792
000039
600642
600016
600276
600026
600302
600028
000630
600521
600009
600019
600377
600009
600005
000900
000069
600037
000063
600269
000002
600717
000912
600415
600900
600016
000089
600018
600535
600036
600361
600019
000039
600050
600000
000983
600012
600104
600177
600123
000068
600600
000651
000792
600005
600900
600028
600036
600519
600591
000089
600900
600019
600005
600036
600887
600009
600660
000039
000898
600269
000866
600795
600182
000900
600320
600694
600018
600066
000069
600205
002039
600005
600000
600019
600415
600900
600036
600628
600399
600078
600009
600597
600535
000651
000488
600096
600027
600795
600075
600472
600019
600036
000858
600900
600795
000063
600350
000651
600002
600887
600009
600583
600027
000402
600104
600500
600825
600717
600005
600236
600036
000039
000792
600050
600269
600519
000088
600009
000538
000858
600019
600028
600583
600887
000402
000022
600694
600309
000063
000869
600269
600050
600320
000538
600033
600005
000039
600026
600019
000002
600009
600694
600018
600309
600519
000792
600886
000402
600036
600887
000069
600036
600309
600019
600320
000039
000538
600900
600519
600018
600660
600050
600123
000792
000402
000900
600196
000063
600271
600269
600019
000933
600426
600002
000630
600320
600026
600005
000866
000726
600309
600875
600438
000911
600123
600066
000157
002034
002041
600011
600308
600660
600475
002021
002028
600009
600196
002025
600469
002032
600036
600027
000866
600019
600472
600970
002039
002045
002047
002040
002041
002042
002043
002044
002046
002049
600900
000069
600717
600020
000088
600019
600267
600085
600350
000022
600009
000538
600436
600033
600005
000937
600519
600993
600012
000858
600436
000538
000937
600066
000069
600616
600125
600350
600383
000022
600009
600005
000617
600418
002024
600261
600428
600019
600317
600267
600519
000069
600717
600019
000538
600350
000002
000039
600012
600028
000063
000937
600033
600085
600009
600005
600583
000731
002024
600026
000069
600020
600350
600011
600019
600900
600009
000088
600795
000022
600018
600717
600012
600005
000488
600267
600377
600035
600383
000089
600694
600019
000402
000063
600900
600863
600320
000858
600350
000759
000024
600027
000905
600642
600970
000898
600310
600396
600529
002025
600019
600000
600900
600005
600050
600029
000625
600009
000063
600535
600028
600036
600002
600887
000538
600519
600597
000630
600717
000866
600019
600005
600050
600795
000930
600330
600886
600009
600036
600383
600028
600900
000402
000581
600075
600000
600011
600835
000422
600002
600012
600018
600611
600019
600900
600519
600050
000937
000157
000069
002024
600036
600028
000088
000983
600016
000423
000792
000402
600717
600009
600309
000895
600900
600036
600019
000069
600028
600050
600009
000402
000937
000792
600660
600269
600016
000088
000895
000983
600018
600519
600795
002024
600900
600019
600415
000423
000898
600825
000069
600036
600028
600005
000900
000866
000063
600729
000726
600418
000983
600887
600026
000024
600900
600005
000063
600028
600050
000027
600887
000792
000538
600018
000983
000630
600009
600469
600320
600694
000002
600036
600583
000069
600900
000063
600036
002019
600009
600216
600592
000651
002032
600438
000792
600026
600495
600019
600050
600352
000858
000423
600317
600320
600050
600519
600019
600694
600276
000538
600011
000039
000898
600628
600031
600309
600970
600004
600825
000063
000726
600018
600900
600600
600519
600583
000402
600887
600900
600320
600970
000538
600309
600470
000617
600628
600399
600012
600269
000063
000900
000069
600196
600428
600583
600000
600887
000402
600050
000088
000538
600970
600309
000063
600216
000983
600399
600591
600550
000001
600169
600900
600428
600470
600019
600900
600028
600887
600036
000895
600005
600011
600519
600276
600016
600426
600029
600143
000027
600296
000022
600009
600026
600308
000488
600085
600123
000063
000792
000933
600096
000422
600660
600886
600591
000063
000898
600900
600019
002024
600320
000022
600029
600018
600028
600585
600000
600011
600096
000069
600085
600276
600009
600352
600795
000039
600019
600320
000069
600002
600428
000063
600028
600688
600009
600150
600383
600018
600582
600000
600519
000088
600026
600309
000617
600320
600028
600309
600019
000951
600761
600018
000039
600900
600030
000063
600875
600037
600150
000731
600636
600491
600123
000012
000960
000039
600002
600005
600019
600583
600018
600428
000063
000088
600320
600500
600971
000002
000429
600036
000617
600460
600050
600309
002025
600320
600018
000063
000069
000039
600019
600050
600009
600900
000617
600428
600004
600016
000951
600150
000402
600085
600309
600008
002043
600019
600900
600005
000088
600028
000063
000866
600018
600009
000039
600050
000898
600036
600002
600583
600011
600096
000895
000983
000002
000792
600642
600143
600005
000581
002024
600085
000858
600761
600717
600004
000002
600795
600026
000912
600196
600019
600050
002050
600028
600020
600428
600660
600320
600104
600019
600002
600005
000002
000402
600330
600009
000866
000898
000792
600418
600900
000983
600269
000900
600406
000625
000651
600050
600309
600177
000726
600426
600018
600018
600900
000900
600694
600660
600269
600012
000088
600026
600036
600016
600795
000402
000027
000983
600009
600320
600887
600406
600886
600717
600519
600350
600019
600050
600005
000792
000630
000063
600583
600036
600018
002024
600900
600009
000088
600309
000022
600320
000895
600205
000825
600428
000898
000617
600216
000858
600519
000002
000039
000625
600970
600362
000581
600439
600005
600348
000039
000089
600026
600717
002046
600143
000726
002007
002050
600020
000630
600309
000869
600019
600008
600795
600050
600019
600900
000858
600004
600058
600795
600642
000039
600036
600309
000538
600886
000527
600406
600018
600970
600460
000951
000088
600019
600320
000088
600005
600050
600104
000039
000002
600020
600028
000423
600058
600269
600011
000402
600874
600018
600309
000726
600583
600863
000858
600096
600886
600000
600036
000866
600900
600415
600009
000792
000900
600519
600269
600019
000858
000039
600519
600005
600900
600125
000063
600028
000069
600050
600089
600880
600009
000933
600085
000022
000997
600694
600019
600900
000423
600188
000520
600029
600004
600642
600348
000983
600123
600309
600428
000933
600521
000782
600098
000400
002007
002037
000983
600348
600583
000581
000063
000039
000069
600900
000630
600002
600005
600020
600269
600519
000423
600009
000541
600019
000898
600717
000933
600863
600971
000866
000726
000022
600694
000002
600036
000900
600616
600887
000960
600018
000063
600018
600900
000898
000581
600050
000423
600660
600028
000875
000069
600019
600688
600519
600150
600002
000726
600970
600026
600166
000069
000063
600018
600900
600028
000581
600050
000898
000423
600026
000875
600002
600019
600688
600660
600519
600150
600033
600970
600085
600028
000063
600900
600005
000039
000970
600269
600009
600018
600026
600036
600350
600050
000900
600236
600880
600795
600123
600011
600012
600019
600426
600489
600971
600330
000731
600125
600096
000822
000729
600410
600993
600005
600050
600406
000060
000926
600026
000423
600269
600019
600033
600012
600009
600320
600583
600269
600900
600028
000983
000063
000022
000002
600519
600188
000541
600018
000423
000729
000538
600019
000063
600033
600012
600583
000002
600519
600018
600900
600320
000541
600970
600096
600027
002041
002045
002047
002040
600472
002043
600019
600036
600009
600383
000063
000002
600028
600660
600900
600123
000858
600050
600029
600717
000022
600428
600031
000983
600033
600350
600019
600050
600018
600005
600900
000983
600008
600028
000792
600029
600642
600037
000402
600886
600026
600309
000858
000024
000069
000538
600018
600269
600009
600328
600271
000402
000898
600616
000063
600050
000900
600383
000022
000895
000930
600019
600299
600694
000039
600436
600887
600970
000898
600428
600098
600470
600019
600309
000088
000488
600399
600050
600000
000538
600636
000027
600169
600616
600320
000002
600005
600019
600050
600028
600009
600000
600330
600835
000898
600012
600308
600271
600258
600087
000937
000755
600886
600592
000422
600900
600036
600269
000581
000402
000002
600123
000989
000513
600153
000060
000825
600188
000662
600383
600002
600636
600360
600205
600019
600900
600036
600717
000063
000402
600583
600009
000858
600694
600012
000039
600028
000895
000898
000422
600887
002004
600162
000002
600900
600009
600019
600005
600028
600050
600029
600855
000063
000157
600036
000002
600058
600717
000858
000792
600330
600519
600309
600018
600028
000539
600000
600036
600835
600019
600585
000755
600350
600549
600011
600631
600002
000895
600636
600535
600066
600660
600642
600600
600900
600050
600028
000429
000898
000625
600012
600600
000002
600018
600591
600011
600104
600123
000937
000911
600887
000866
000541
600027
600900
600028
600009
000002
600519
600019
600583
600018
000022
600012
000983
000423
600033
600320
000541
000063
600050
000729
600096
600188
600428
600036
600317
600320
600694
600383
000581
600269
600535
000933
600418
000539
600436
600886
600549
600596
600585
600399
000726
000520
600078
000002
000970
600591
600096
000937
600125
600600
000012
000989
600971
000538
000876
600406
600125
600029
600018
600795
600089
600900
000895
600323
000002
000898
600008
600320
600066
600054
600585
600383
600009
600289
600011
600688
600018
000088
600900
000858
600028
600036
600308
600019
600050
600009
000541
000423
600033
000960
600350
600320
600004
000089
600717
000063
600050
600004
002025
000063
600591
000037
600177
000089
000939
600308
600966
000100
600029
000488
000422
600761
600012
600089
600005
600900
600350
600333
600074
600071
600183
600386
600635
000911
000513
600026
000012
600036
600005
600028
600019
000063
000002
600320
000039
000792
600018
600020
600694
600596
600428
000866
600426
600009
600012
600887
000423
600377
600436
600050
600028
600183
000063
600019
600993
000012
600428
600026
600036
600188
600900
600018
600029
600004
600547
000900
600754
000726
600276
600320
000933
600717
600005
600583
600020
000731
600875
600009
600196
600887
000869
600488
000002
000581
600309
600019
600519
600320
600289
600150
000488
600009
000825
600123
002028
600183
600085
000538
000869
600050
000792
600600
600269
000402
600028
600019
600020
000089
600029
600900
600123
002023
000550
600027
600740
600002
000027
000900
600036
000541
600205
600825
000429
000898
600028
600036
600000
600887
600009
600005
000895
000792
000069
600900
000063
000726
600019
000651
000027
600309
600026
600016
000898
600875
600280
600330
000866
000983
600858
600033
600029
600320
600327
000987
600688
600332
000625
600060
600050
000617
000002
600001
600591
600269
000937
600519
600361
