9234
600383
600060
600036
600362
601601
000527
000858
601006
600585
600030
600068
000024
000157
600016
600188
000961
600000
002001
000983
000933
600376
000729
601088
600518
600581
601166
000422
600050
600089
000039
000651
600519
601186
000063
600582
000630
600104
600123
600015
002106
600104
600970
600036
002024
600694
600971
601001
000423
600707
000540
600111
300080
000422
601866
000887
600395
601766
600276
600809
000876
002073
000425
601717
601958
601668
600031
600036
600376
000157
600395
601601
002325
600739
600809
601699
600068
000568
600518
002310
600199
600303
000877
000001
600036
002170
000939
600029
600585
600000
600153
600028
600036
600309
600000
600068
600016
000401
600519
000402
600058
601601
000932
600770
601088
600688
601318
600406
600062
000783
000876
300157
601818
600015
601766
601299
000807
600000
600195
000527
600236
600795
600642
601166
000888
000562
002074
002140
600690
000400
000983
600585
000877
000937
600425
600395
000651
600801
000527
601299
600125
600376
000933
601101
600383
000776
601166
000039
002205
601766
601992
002122
601688
601989
600067
600765
002457
000629
000651
600742
600418
000551
002344
600295
002182
600015
000877
600266
600199
600888
000926
300082
601006
600720
300086
600585
600415
000792
000680
000401
002490
600366
002324
600376
600223
601601
601988
000568
002099
601169
000858
000425
600557
000540
000911
600887
000039
002106
002146
600311
600188
000630
000540
000961
600266
000807
600395
600036
002092
000778
002142
600048
600761
600123
600325
601166
600030
000776
600348
000069
000024
000402
600060
600309
600015
600208
601628
601933
600240
000651
000425
600823
002146
000001
600089
600739
600231
002344
600416
600686
601299
002244
600031
601933
000983
601666
600104
000001
600011
000157
000858
600348
000581
601288
601699
601857
000568
600027
000027
002250
600642
600809
601318
002583
600009
000858
002378
000792
600478
600875
601006
002042
600469
002573
600096
000876
600708
600068
000893
000972
601601
600030
000629
000002
601318
600048
000858
601808
601088
002024
000999
600325
600718
600030
601899
600015
002244
601628
601179
600694
601288
601607
000629
601601
600718
601006
600900
600307
600795
600163
600117
601668
600016
601390
600598
002164
600595
601998
000001
002022
600806
600219
600036
000001
600015
600016
601668
601288
601939
000629
600837
000651
600383
600395
600887
600256
600239
600496
600456
601601
600188
000002
600636
600585
000157
601166
600031
600015
601699
002078
000024
000876
601808
002024
600963
600160
600030
002001
000401
000338
601088
600104
600216
601101
000002
601766
601899
600549
600585
000630
000800
000960
000629
600157
601168
600497
601958
600432
600303
000877
600348
600139
601618
600309
600819
600010
002428
600048
600497
600068
600383
600426
600208
600015
600376
002060
601088
000895
000069
000063
600030
601601
600585
600449
600170
600502
601818
600169
600663
300136
600187
002142
000983
000006
600795
601111
000858
600123
601318
600362
000998
000880
601699
000825
600019
002506
601766
600195
600332
601390
000039
600320
600050
600690
300137
601666
601088
600019
601601
600376
600050
002024
600015
000527
600016
600795
000698
601877
600686
600588
600596
601699
000932
600383
600309
000709
600870
000561
600519
600101
002129
601106
600143
002009
601888
000858
000875
000527
002179
002001
600021
600069
600547
600469
002021
002011
002051
300179
600031
601799
002244
000629
002214
600395
002583
600485
000069
600028
600997
000543
300191
002106
000848
600289
600362
000589
601299
000792
600019
000659
000822
600256
600068
600050
600015
600316
600107
300202
600811
002554
000002
300169
002238
600962
300117
600831
000069
600079
601106
601818
601799
601268
601766
601299
601390
600895
600068
002564
600328
601002
000777
600736
600456
000610
600116
600100
600108
000721
600072
601866
000888
000762
600677
600760
000062
600283
600496
600391
600054
600523
000561
600685
000937
601678
600875
000039
600016
600720
000623
600000
600362
000157
601398
600266
600537
600518
600068
000568
002006
000001
600111
600581
000063
600309
002155
002422
000422
600585
600823
600031
601166
600585
601601
002024
000069
600016
600309
600519
000157
600339
000503
000002
000829
002001
600694
000568
000630
000858
601607
002269
600176
601318
600970
002344
002015
600048
601919
600489
600383
000759
002408
600376
600395
600157
600801
601101
601009
600588
000937
000680
600582
000651
601299
002008
600000
600383
000063
000002
600028
600537
601288
600741
000629
000012
002007
600570
600261
000550
600426
601006
002449
000597
600588
601166
000858
000629
000568
600585
000422
000933
600000
000937
600703
002024
600036
000338
000792
600570
600518
000157
600048
002202
000807
601318
600030
600188
601601
000629
600000
600009
600970
601168
601668
000568
600795
601398
601006
600050
600383
000937
600271
601939
000527
000581
000063
601939
600660
000527
600125
600000
600537
002001
600887
002572
000877
600036
600216
600331
000528
600261
000002
600111
002073
600050
600016
000063
000848
000527
600570
600309
601328
000651
002155
600036
000960
600596
600694
600887
002417
000568
601006
000402
002161
600585
000024
600497
000157
600085
600252
000568
000661
000937
000961
601699
000061
600354
600031
601678
600101
600251
002038
000800
000059
000635
002535
000659
600150
000970
000039
600720
600685
601208
002001
000528
600823
600066
601377
002206
600496
300029
600030
600256
000825
600456
600403
000933
000422
002155
601899
002106
600111
002079
000009
600348
600739
600307
600029
001696
000960
600588
600570
600859
002007
600761
000778
000625
000581
600694
600276
600693
002216
002215
000521
600486
300213
000759
002589
002152
000887
000527
600036
002167
600362
600519
600739
600376
601601
600048
601318
600060
601333
000651
600146
002146
600000
601699
600016
000002
000401
600519
600016
000157
002202
002304
002118
601818
600585
000401
601169
600000
000759
000983
002375
600064
600837
000651
600031
600488
002081
600063
000530
600425
600585
000877
600502
002006
000629
600096
600581
601318
600426
000002
002176
600031
002564
300070
002167
000789
000961
002244
000811
600031
600318
000581
601601
600271
002422
000069
002375
600050
000759
601866
600309
601989
000521
000550
600585
600048
600519
600016
002153
000937
000568
002089
600316
002129
600150
002155
600029
601377
000850
002019
600468
600491
600995
600072
000060
600498
600888
600881
601958
600449
600378
000410
600323
600416
600668
000792
002128
600815
002038
600322
000768
000513
600050
000713
002526
000602
002060
000683
600523
600271
600100
600765
002470
601106
600395
600038
000932
600776
000698
002182
600456
002021
600884
600066
000861
002153
002093
000723
600967
600710
002068
601818
601216
002177
600363
000419
000635
000417
000877
000810
000785
002251
002099
002187
601390
002186
002013
000065
002034
002077
000960
601607
600361
002092
600176
600739
000039
000998
600585
000069
000877
600598
600016
600837
000969
600787
600887
600754
002369
002430
601009
600176
601808
600208
600048
002408
000157
000568
600859
600519
601166
000417
000826
002106
000987
600089
000069
002001
601678
600096
000635
000998
000527
000680
600458
601857
600028
601088
600545
000826
600009
600863
002176
601101
600674
601006
600050
600509
601898
600256
600971
600348
600232
601699
600106
002304
600770
601601
600449
600290
000528
600063
002266
601088
600050
300159
600000
601988
600331
002142
600809
601166
000551
002080
600068
000759
002007
600015
600000
000338
600276
600528
002250
600446
000521
600761
002216
600208
000778
002301
601166
600036
600318
600271
002310
600585
600048
600031
000630
600036
000581
600050
600066
000629
600383
601166
000858
300124
000792
000937
600111
000933
600362
600859
002008
600030
601166
000157
600048
000046
601998
600019
601009
000933
601601
000063
600028
600104
600739
601857
000527
601607
600795
000876
600276
600000
601601
600050
000983
600123
000968
002415
600218
000858
600015
002422
000028
600397
000869
002477
600036
000882
000426
600837
601288
000718
000581
600031
600519
600188
600016
600761
000024
000630
601166
600585
002007
000521
600009
000656
002271
600050
600271
600339
600859
000937
002310
600188
601699
600208
600050
600048
000933
000939
002422
002230
600496
600406
601101
002106
600038
002153
600104
002061
000776
000568
600000
002123
600362
002583
600143
601208
000527
000061
600095
002475
600028
000651
600271
300143
601168
600030
600009
600416
000858
600475
601601
600267
600295
002469
600859
600694
600785
002055
002215
002008
600887
002122
601766
600600
600016
000898
600739
600497
000426
600519
000895
000069
002230
600195
000858
000669
600606
600143
601117
002024
600085
002241
600702
600056
002550
600809
600496
000825
600000
600036
600383
000858
000401
600720
600585
600519
600449
601678
600031
000937
600048
600497
601088
002106
601288
000338
000528
300118
600063
000877
000530
600585
600068
601318
000629
600096
600581
600502
600425
600426
300070
002167
600537
002176
000002
000157
002564
002056
600900
601668
601006
601288
601118
601398
600518
600309
002214
600096
600426
600141
600409
002094
600108
600251
600262
000792
002170
000635
600585
601699
000651
000157
000568
000527
000338
000063
000423
002422
600031
002236
601668
600066
000581
601166
600660
600970
600519
000937
600795
000778
601117
600029
002146
000629
601006
000527
600537
000157
002142
002042
002006
002038
002564
600031
000935
000759
000651
002001
002099
000540
300111
000858
000422
600815
002033
601299
000600
601318
002458
300195
601668
601111
600350
601088
600280
002039
000707
002557
601333
002139
600104
000589
600458
600805
000932
002299
000876
600298
600637
000401
600881
300198
601866
000597
600693
601566
600720
002029
600188
000729
002215
600723
000698
600362
600585
000061
600694
600859
600271
002293
002161
600208
600050
000937
002215
600519
002375
600887
000656
600858
002007
002422
000792
601318
600036
600000
002304
600188
600104
600875
601006
002375
600690
300070
000983
600970
002024
000651
002304
002154
000063
000024
000963
000002
600660
600694
600585
600425
000630
600016
600000
601006
601668
000069
601628
601328
601088
601939
600111
000024
000527
000778
601288
600018
000629
600219
600900
600125
600188
600150
600050
000623
002218
600881
600029
601111
000039
601718
000636
600383
000860
601208
600582
600550
002001
300168
600519
600170
002013
601166
600309
300142
002408
600339
600036
000983
600376
600016
600489
002155
600741
601009
300102
600612
601101
601088
600125
000807
002138
000858
601166
600036
002024
600000
000568
600309
000983
000895
601169
601888
600403
600518
600557
002029
600594
300090
600754
000028
002261
000501
000680
600585
000423
000858
000877
600362
000338
601009
000630
000568
601166
600079
601169
600348
002081
600383
000528
600048
600518
600522
600188
600458
600030
000024
002073
601101
000629
000422
601989
600582
600031
600519
002344
601117
601186
000157
601717
601601
000680
600000
002122
600252
002244
600425
002099
600809
000401
600089
600487
600581
600801
000063
600318
000926
600066
601318
600150
002038
002142
002375
600067
600123
600231
600460
002055
600426
002106
600594
600802
600050
000937
600030
600153
600519
600585
600048
000063
600502
600598
601288
000002
601318
601106
600348
600688
601333
600221
600016
600078
600887
601166
600467
600519
600125
000002
600458
002024
601601
600050
600019
600048
600068
600104
600030
000651
000538
002038
000063
600585
600036
000063
600588
002008
002073
600741
600570
002091
600079
600104
600485
002139
000635
002236
000568
600720
600537
000002
300025
000823
002475
601088
300157
000538
300048
000039
002249
002115
002007
000596
300174
600176
000423
600150
600362
000877
300010
600518
002486
002230
002123
002446
002449
300058
600895
600036
600276
600496
000157
002065
601106
600188
600031
600739
000776
000338
601888
000680
000783
600015
000629
600016
000157
600221
000598
000423
600375
000425
000983
600765
600707
300054
300150
601898
300124
000063
300183
000503
600362
002238
000423
000540
002518
601088
600036
002106
000629
601699
600031
601601
600519
600015
600000
600309
600123
601818
600048
600104
002024
000778
601006
000858
600585
601288
000527
000651
000063
600036
601318
600150
600729
600016
600362
600997
601088
000937
600697
000400
600050
600036
600383
000932
600795
000568
600000
601799
000933
000635
601088
600009
601179
600309
002155
600809
601877
000651
600521
600019
600383
000423
600859
002424
601601
601166
000402
601288
000401
601678
601006
600782
000759
601318
002261
600880
000811
601857
600428
002024
600823
600089
600507
600425
600038
002099
601088
601166
600028
600030
600036
600050
000651
600383
000002
600048
000858
600000
600309
600123
000338
000937
600582
601766
000983
600547
600887
002073
002024
000063
600030
600048
601607
600270
600009
601318
600036
002007
300082
002136
601166
600467
000983
000157
600460
600528
600309
600030
600585
002091
600050
000063
000635
600739
000425
000423
601668
601318
000823
600875
600079
002024
300037
002001
000568
600426
601299
000937
600502
601766
601699
601101
600153
601002
600970
600636
600068
000009
600668
002060
600495
600887
000528
600585
600169
600801
600256
601117
600068
000877
600000
000001
600030
601699
002179
000680
000848
600125
600048
000629
601166
600739
000858
600887
601866
000063
600535
600267
300006
000028
000423
000538
000650
600713
600062
600216
600276
600866
600587
600518
000597
000623
600812
002007
600380
002422
600000
601166
600600
000729
601678
000401
002106
000629
000597
000937
601006
601857
000698
000635
600123
601101
000933
000755
000060
600720
000830
600216
002001
600362
000988
600737
600997
002482
002091
600970
600887
600585
000581
002008
002154
000528
600362
601318
600459
000926
000729
600089
600875
000630
002392
002033
600518
600991
600497
000858
600519
600426
000825
600050
600850
601601
600795
600123
600015
002024
600218
000069
600858
600016
601318
000002
000667
600050
600497
600187
600461
000858
000001
601101
000960
600157
000629
000602
601668
000630
002244
000718
002142
601009
300146
600660
600815
600036
600015
600970
000568
600048
000538
601166
000651
600585
600089
600362
600050
601009
002038
600636
600519
000877
601678
600581
002106
601006
600498
600079
002142
300080
600068
000063
002081
000024
600425
600123
600467
600143
600383
000423
600582
000630
000402
600808
600339
000578
002091
600416
601169
002010
300022
600395
600261
600527
600348
000401
600729
000792
600160
000027
600068
600997
600320
600009
000983
000157
600583
601166
600036
601808
000972
600239
000639
600717
600739
601288
000837
000911
601318
600688
000629
600030
600050
000063
600362
000001
600497
600188
600239
600594
000630
600000
600221
000807
600029
600395
002527
600150
000933
600456
600875
000420
600121
601168
002454
601088
000709
600320
000789
601688
601601
600858
000983
600000
600036
000926
601666
600312
600875
600198
000895
002024
002140
600631
600867
000061
000410
600089
000419
600016
000401
000063
600125
000568
600085
000528
601888
601616
002038
600428
601106
000630
600518
000527
600862
002001
600068
601168
601989
600266
600812
600887
600031
601699
601111
600240
000876
600365
000422
002123
600797
601668
000012
002093
600467
601088
600362
000503
000933
600089
000039
600000
000768
002029
600089
000933
601699
000527
600366
600036
000001
600066
000927
600015
601799
600888
600497
002254
000826
000887
601918
002526
600406
300025
000001
600015
600729
002142
600295
000679
601991
002041
002039
300171
600185
000869
002221
002493
600859
000858
000066
002304
600305
600636
601318
000877
600036
600720
002304
600887
600031
600362
000858
000651
600271
600660
002152
601288
002024
600449
000157
000528
601088
000002
601088
600312
000630
601101
600549
600395
600612
600644
000968
600030
600537
600016
000776
000861
601699
000933
600739
600000
600036
000878
000400
600585
600366
600118
002253
600383
002122
600990
000401
600831
600674
000978
600376
000610
601106
600519
600523
000888
000998
601009
300024
600000
600785
000012
002151
600036
000527
600016
600000
600256
000423
601117
000895
601668
600519
600251
002415
601166
600352
600585
000937
600997
002011
600318
002236
600585
000527
601117
600036
000877
002326
600256
600316
002122
000969
600710
600016
000983
000401
000789
000157
002092
600019
000659
600478
600000
000401
000651
601288
600036
600585
000876
000527
600383
601169
601666
600519
601318
601328
000680
600015
600664
600048
600418
600123
002154
002575
300180
002584
600036
300225
000629
600172
600132
601318
002132
600547
600016
002153
601989
000401
000651
600048
002029
600111
000423
600036
600016
600030
600585
002001
601166
600284
000568
600900
601288
000597
600547
601699
600104
002415
000858
300174
002139
600376
601318
600048
000877
600600
600339
600418
600497
600583
600518
601989
600125
002142
600028
000009
000858
600031
601601
600765
000800
600631
600425
000937
600744
000839
600221
600583
000962
000623
000983
600642
600383
600050
002001
002218
000792
600170
600519
600000
600697
600150
000623
600295
601688
000930
600475
601088
000609
002024
300168
000860
600111
002299
002233
000540
600426
600031
002303
600893
000596
000423
300080
000807
300157
601318
600837
002140
600270
600395
002161
002169
601288
600690
600805
600519
600970
002155
600141
600000
000778
600875
600688
600352
000401
601318
600216
600720
000758
000933
601717
002106
600031
000937
000338
601699
600406
000858
601088
601166
600557
000063
002024
000651
002121
000157
600585
000960
600660
600016
601766
600425
000629
600100
601318
600268
600058
601992
601601
600000
600765
000983
000568
601177
000538
002123
601607
600383
000969
002094
600163
000970
600309
000729
600869
002157
600331
600519
600019
600118
002309
002554
000623
600231
600256
002024
601318
601668
600000
000768
600125
600502
000860
600019
300083
600000
600016
000926
600525
002156
600686
000698
600815
000898
600150
600295
002110
600015
600824
600741
600697
002121
000527
600016
600050
002155
000338
600997
000629
000708
601088
000983
601009
600000
000937
601699
000876
600688
000780
000968
601918
600141
600887
000858
600660
600104
600519
000568
600418
002157
000527
002024
600060
000800
600166
601939
002029
600066
000069
000063
000895
600036
601766
601166
600585
600887
601939
000651
600066
601117
000527
600000
600036
600688
600028
600150
600016
000933
601299
600050
600312
601668
000540
601088
600153
601318
000063
600216
600030
000527
600267
600779
600809
000651
000002
000968
600970
601101
601166
600016
600415
000581
000680
600690
300189
601006
000501
000423
600050
600030
000629
000001
600188
000063
000939
600373
000630
000807
600239
600497
600383
601333
600058
600673
601006
000709
600828
600456
000933
600362
600121
000639
600866
000527
600104
002146
601166
600036
000858
600809
600815
000089
600000
000401
600549
600337
000590
000792
600101
600123
000568
002226
600284
002081
000937
600031
000338
601166
600406
601699
601088
000858
600557
000157
002024
002121
000063
600418
000651
600585
600425
600660
600016
601717
600188
000401
600720
600428
600585
601169
601088
000789
600497
600187
600157
600461
000623
600409
000543
000517
600684
000807
000718
000558
000602
600863
601099
600185
002202
300088
601088
002110
600036
600068
000983
601318
600320
600239
600011
000024
600009
000639
600089
600875
601808
000972
601288
600583
000422
000157
600717
000911
600900
600887
600030
600089
600050
600519
600104
600036
002073
601318
000596
000423
601006
600795
600600
300020
600195
600458
600270
600664
600028
601169
601919
601328
601088
600519
601111
000401
600880
600383
000597
601299
600030
600115
000028
000895
601857
600511
600048
600348
601318
600016
600362
600585
000729
600415
600418
000581
002304
601607
000063
600050
002024
002008
600036
600600
600309
300070
000527
002344
601601
600030
601766
600060
000039
601377
000858
600376
600009
600016
000417
002475
000002
601788
600018
600036
600123
600031
000568
000581
601002
600690
600000
600104
600216
600261
600537
601688
002008
600362
600550
000686
600518
000596
002001
600739
002006
002296
600970
002024
600015
600742
600729
601101
601006
600188
600859
002123
002375
600585
600963
002236
600428
601888
000157
600031
600267
000527
000423
601989
002407
601010
600030
300002
600439
000792
600028
002353
300008
600221
600366
600585
600054
600000
000858
600048
600519
601678
600036
000423
600585
600720
600449
600031
600497
300118
601088
601299
000401
600383
601318
002106
601601
600887
600535
600673
600036
000877
600660
601318
000157
600809
600031
600362
600720
000895
000651
000792
601088
000002
000528
601288
002106
600123
600432
002073
000858
000400
601390
600655
600050
601006
600048
600312
600352
600519
600866
000024
600642
601288
601186
600000
601899
000933
600009
600019
601818
000895
000538
600169
000792
000858
600036
600778
600271
002007
600828
600887
000417
601169
000419
000999
002273
600588
601009
000963
600050
600157
600187
601601
000002
601318
600000
601628
600795
600886
600461
600048
600383
000630
002490
000006
002038
000632
600067
601169
000001
600036
000024
000602
600970
600028
600019
601618
002485
600362
600426
600048
000858
600036
601601
000422
600383
601009
600519
000568
600111
600690
000530
600428
600395
600497
000157
002013
600150
000887
000039
300150
600535
000425
002106
000629
002344
000762
601992
300054
600141
600266
601766
600331
002041
600693
000540
600418
300029
600362
600383
600030
600036
600585
000983
600048
600348
600150
600208
000063
600153
600580
000858
600537
000012
600502
600997
000630
601699
600362
600031
600309
601009
000069
600339
600585
000568
600376
600048
601601
600016
000157
002106
000596
600970
600519
002146
600068
000002
600694
002408
002001
600176
600157
002155
600362
002129
000039
000680
601989
000937
601166
000807
002344
601607
600489
600395
002024
000528
000848
000858
300142
000418
600426
600875
000778
600352
600066
600537
600805
600720
002155
600415
600785
000417
601618
600970
600104
600233
600729
600612
601717
601117
601088
601166
601601
600015
000401
000858
600104
601006
600036
600729
300179
600000
600239
600354
600362
000778
600312
300171
002024
000063
600079
000895
000028
000538
600079
000869
600859
000963
000987
600729
600754
002029
600415
002202
600386
002123
002003
002563
600557
600880
600785
600694
600406
601111
600362
600887
600331
600559
300187
600062
000400
600146
300101
601117
600029
600056
600312
600519
002132
002549
600383
600439
300050
601607
600467
000543
002254
600880
600519
601009
000568
600188
600048
600036
600050
000651
600805
600016
600395
600015
600809
600875
600585
000402
600518
601699
600537
002249
600742
601006
000001
002073
002091
000002
000063
600362
002029
601111
600694
600559
600331
601117
000400
300101
300187
600056
600312
002132
600146
002503
600048
300050
002549
601607
600880
600887
600498
600801
000401
600031
000877
000937
002233
600425
600585
600720
600587
600036
600519
600048
601088
002136
600015
002038
600111
601166
600887
000002
002073
600741
002269
000528
600016
600594
600000
600881
600742
600339
600309
000157
000858
000024
000596
000422
601668
000983
002029
601101
002081
600581
601288
601009
600383
000568
600535
600030
600785
600600
601601
600188
600104
600195
600694
601699
600458
600631
600970
000063
600123
600739
002024
000869
600664
002006
002065
600031
601933
600104
000983
601666
600011
000858
000581
000001
000157
000568
600027
600348
601288
601857
601699
000027
600642
002250
601991
600068
000566
002304
600030
300159
600449
600111
000783
002024
600016
002106
000876
600383
601111
002155
600583
600038
600685
601888
002266
600187
600900
601088
600461
600271
600007
002242
600529
600875
000550
002045
600104
000069
601566
002048
601318
600157
000602
002202
601628
000002
000401
600362
600060
600000
002008
600739
600835
000609
601328
002065
601088
600284
600309
600327
000933
600150
000527
600685
600383
600581
600015
000629
000001
601166
600257
000400
600062
600373
000157
002121
002115
600828
600307
000568
600000
600150
000635
000939
600121
000858
600271
601688
300055
600239
000069
000420
600383
002249
600586
600880
600048
600276
000858
600887
601166
000538
000629
002073
002106
600383
601318
600729
000157
002202
601888
600498
600518
002273
000063
600050
600585
000937
600153
600030
600519
600048
000063
601318
600598
600581
600348
601989
000789
601288
600502
600406
600016
600550
000059
600519
600415
000937
000968
600079
600535
600188
002241
000915
600859
600062
600123
600809
600729
000983
600508
000538
601699
600000
000028
601288
600016
600970
600720
601699
601166
600000
600688
000968
600805
000937
000708
600188
600352
600704
601088
000157
000758
000983
600276
601299
000876
300157
601766
600362
601166
601818
000807
002140
600997
000623
002028
000878
002074
600546
600195
000630
000888
002266
600395
601958
600403
600549
601088
000960
600425
000566
600331
600456
600000
002008
600720
600256
600449
601888
600498
601318
000009
600576
600184
601169
601111
600489
000629
000972
601009
601600
600990
600497
000758
000423
600079
600188
600221
002266
000060
002161
000888
600547
600118
000401
000630
600036
600015
600066
600406
600030
600837
600016
002142
000417
600216
000063
601288
601888
002038
000811
600521
002001
600888
601998
002277
600585
600031
002106
000401
600104
600418
002056
000400
000012
000528
601989
000568
000680
601006
600518
000157
000021
601766
600166
601668
600521
601318
600884
600978
000400
002024
601857
000423
601601
600588
600518
600161
600428
600859
000001
000729
600104
000972
600823
002005
600585
000528
600418
600036
000895
000527
000069
000651
600048
600497
600010
600801
600660
600805
000758
600761
600068
600303
601299
600271
600585
600000
601766
600030
600739
000039
600036
000002
600801
601166
000937
600111
600970
000550
000776
000698
600694
002007
600176
002138
600835
601088
600546
300182
300142
600362
002079
000725
002154
002008
600153
600316
300159
002293
002417
300115
002254
000898
600703
002170
600600
000983
601989
000063
002136
002410
600188
002118
002501
000538
002241
600812
600252
601179
002250
600031
600267
300122
002146
002001
600888
002140
000877
600581
000060
002304
002375
000046
600516
600121
002152
002353
600737
600036
000651
601117
600028
600104
600048
600000
000527
600537
600016
000002
601166
002006
601288
600066
601318
600019
601668
000024
600029
600805
600518
600309
600376
600383
601169
601118
600208
000629
600418
000709
002008
000708
601991
600519
000800
601288
600690
000063
601318
000039
600900
600019
601899
600015
601088
601919
601186
600383
000616
601866
002557
601101
600030
600325
600016
000568
601699
600585
601166
600309
000651
000425
000895
600519
600089
002024
600415
000937
000012
600894
000528
000002
000401
000063
600395
601318
600449
002024
601288
600660
600048
600036
600720
000877
600425
600809
000528
000895
000069
600383
000932
600009
600000
601668
000401
600050
600875
600900
000800
600628
600038
601186
600141
600096
600717
601166
601857
601808
000423
600000
601299
000905
600036
000598
601318
600028
000911
000538
000858
600066
600276
601179
000617
600550
600686
601009
601668
600597
600202
600519
002097
601168
000680
600428
000792
000951
600737
600118
600418
000625
000629
600316
601117
600019
000554
600075
601106
600495
601169
601717
600198
600970
601088
000807
600015
000720
600270
000630
300022
002375
600970
600019
600875
002154
600089
601006
000983
002422
000063
600690
000963
300027
000926
000887
002024
600688
000651
002304
600660
601939
601166
002023
600373
601169
000876
600000
600823
600226
000869
600089
600019
600309
600036
600739
600460
002338
000501
600231
000651
600380
002152
600262
601318
000895
601398
000651
002108
000513
600585
002009
002556
601988
600537
601699
600339
000680
600015
600862
000926
600199
002241
000630
600694
000157
600383
601166
601318
600125
600173
600029
000729
600664
000630
600016
300171
000848
601328
000880
000069
600221
600157
600176
600066
601111
601899
601601
600100
600266
601991
600549
002082
600331
002049
600475
600383
000895
002236
600500
002266
600216
600685
002001
002563
002304
600343
600858
601006
600048
600383
000063
600141
600125
000759
000024
600019
600036
601166
601168
600096
600518
600028
002106
600823
601333
600123
000876
600005
600170
601111
600036
000877
600029
000961
600231
600697
000709
600362
600030
000540
600048
601618
600221
600519
600031
600970
000538
600007
600900
600187
601088
002242
600875
000550
600104
002045
600271
600529
600461
002048
600050
002202
000602
601601
600660
601566
601006
601688
601718
000100
600963
600496
601398
000926
000069
600104
601088
600690
000538
600271
600809
002081
600428
600880
000425
000826
002152
600690
000527
601006
000651
000401
601117
600519
000680
000550
002001
600415
000568
000789
600418
600216
600875
601566
002065
601299
000858
600331
600118
600961
600050
000016
000527
002368
600216
600221
600489
002131
600383
601318
600316
601111
600598
600363
002041
000998
000882
600585
601699
600188
600739
600068
002325
000568
600150
601009
000983
600362
000527
000937
600138
000401
000002
000024
002310
600160
600395
600585
600000
601117
601166
601668
000858
600048
600383
600267
600547
600104
000877
000401
600284
000629
600036
601088
002168
002206
601866
600036
000338
601699
601998
600406
600089
002535
601166
000651
600000
600066
002142
600546
600312
000933
000629
600815
601799
000527
600060
600256
600068
600497
600416
600580
601186
002078
600290
600432
000973
600332
000602
600387
000858
600287
002122
600303
600844
600000
600016
601766
600123
600585
601168
600048
000898
600239
600521
600765
601106
601299
600787
600231
002156
601006
000488
600018
600376
002065
600309
601166
600000
000001
601601
600801
000758
601288
600418
600805
601699
000937
000568
600502
601101
000528
600036
600702
600376
000839
000651
601006
600010
600497
000527
600036
600066
600015
600837
600406
600030
600016
600216
002142
601888
000417
601288
000811
002277
600521
002038
002001
000729
600005
601799
600104
000157
600971
601001
600970
002344
000858
600458
000002
000568
600067
600585
600036
601166
600362
000937
600031
000630
600395
601766
000401
000680
601398
601699
601169
600519
600015
600104
601318
600742
000926
000527
000877
000157
600518
000039
000961
600805
000540
002024
600266
600770
600581
600690
000651
002001
002304
600048
600456
600406
600537
601088
000425
600060
000623
600383
000069
600016
600875
600418
002129
600426
601601
600199
000338
600582
600887
000550
000758
600970
600809
600823
600111
600785
601009
000729
600028
000596
600068
600153
600016
600309
000063
600048
600068
600585
601288
600519
601333
600406
000932
600581
600631
600036
000402
000983
600970
600050
601111
601958
600432
600425
600636
600000
600160
601766
600518
601166
600036
000063
600050
002142
601088
600362
600550
600644
601678
601299
000009
600016
000002
600239
000630
600048
600276
601601
600418
600015
000877
600498
600837
600143
600425
600881
600376
600115
601668
601166
000792
000528
601788
600000
600999
600028
601318
600808
600383
002041
600176
000861
600019
600036
000423
000568
000527
000651
000069
600425
600143
000968
002140
601699
601088
600535
600395
601101
000063
600660
000157
002293
600803
000792
601117
000780
600009
000597
000157
600028
000527
600031
600366
600458
000877
002321
002353
601318
002480
600009
000568
000651
600406
300004
601989
002152
002469
600469
000063
000858
000061
601088
600456
600415
600316
002024
300093
002444
600879
600063
601006
000887
000969
000877
300134
601318
002013
002183
600519
600048
000002
000858
601088
000423
600188
600036
601601
600859
600031
600030
002029
600015
000651
600104
600000
002073
000063
600816
002038
000513
000963
000538
000028
600276
600535
600267
600594
600521
600518
002099
300006
600085
601607
000423
600216
000999
600079
300026
600188
000581
600123
000895
600690
601088
000063
600000
601699
600388
600309
002126
601601
600383
600050
000527
600585
600016
000709
000002
000933
600366
601799
000527
000983
600036
601699
300025
000927
002334
600066
600497
000951
002039
600276
002122
000778
002326
600406
000581
600050
601006
600519
600486
600030
600028
000983
000998
601939
601118
000858
600068
600150
601857
600395
600019
000709
600637
600100
600694
600054
601333
002106
600723
600880
600383
600600
600725
000402
000937
601933
000933
300022
600031
000528
000926
600585
600048
000968
600519
600290
600143
000401
600881
600815
601989
600741
601988
600416
600869
000759
600765
000727
600050
000983
600019
600519
000001
601186
600000
600153
002123
600104
600585
601992
000825
600176
601288
600036
600406
600460
002038
601666
601318
600585
600016
600031
600015
002073
600458
601766
600835
000002
000783
600309
000009
600141
600887
601818
600256
600048
000550
000024
601318
600383
600519
000895
601166
600266
002024
000527
002439
000858
000667
600887
002563
600036
600331
000876
000758
002049
002082
002038
000039
600048
601166
600362
600537
000002
601118
002006
600016
000568
600031
601601
600000
600176
601168
002008
600030
600585
601006
600188
000983
601989
002132
000858
000012
600416
000527
600015
600585
600019
600580
000099
600270
600030
002142
000933
600875
000651
600739
600761
000422
002249
000012
000063
000022
000410
601111
600150
600000
600089
601088
600388
600881
600835
600169
600005
000759
600686
002024
000562
600060
600528
000425
000623
600031
600498
601668
601009
600550
601989
600018
600426
000418
000401
000860
000039
002490
002302
000402
002244
000825
000792
600266
601717
600348
600660
000968
600449
600284
601766
600256
601106
000792
600585
600518
600125
600036
601699
600683
600100
601268
600150
002123
600835
600631
002122
600858
000540
600016
600557
002001
000400
000778
000858
600585
601009
000597
600036
600765
002104
002074
601818
600519
600327
600804
601601
000635
600616
600016
600660
600688
600089
600415
600233
600240
600331
000780
002024
600335
000527
000026
000063
000968
000501
002384
600146
600518
000893
000012
601117
600199
600750
000858
600770
000568
002051
000869
000423
002310
600000
000669
002249
002140
600785
002062
600869
600809
601328
600585
600031
000858
000061
000568
000937
600029
600036
000596
000729
600048
002093
601601
601166
600000
601088
601288
600519
600482
600354
601989
000789
600376
601318
601766
601111
600644
600742
000401
600581
600795
600028
600011
600900
600068
600036
601857
601186
601318
300101
600030
000895
600737
601668
600999
600697
600335
601166
002073
601006
600519
600030
600585
000983
601699
600016
600019
601088
000651
600028
000858
600111
600188
600537
002006
600150
000401
601601
000729
600875
000009
600673
600527
600962
600497
600725
000540
002179
600176
600803
601888
000581
000822
002131
600240
002176
600516
600058
000960
000157
601117
002008
600050
000961
600068
000039
000789
000680
002068
600104
000550
600801
600585
601088
000680
600741
600887
600188
000630
601699
000527
600048
600030
600600
600383
600586
000012
600150
600581
000800
601299
002167
600068
600742
600720
600806
000961
002146
600362
600325
002073
600031
600425
000527
601699
000401
600030
600585
600900
600348
000012
600123
600362
600048
600739
600644
600805
600031
600418
600395
600428
600496
600015
600104
600887
002065
600519
601006
601766
002293
000550
000002
002142
000527
600030
601668
000895
000651
000680
002304
600970
601088
000063
600111
600585
600031
002073
000983
601166
000528
600685
600150
600015
601601
000157
000937
600823
000001
000338
600251
600016
000402
000024
600600
600000
600089
002142
600497
000629
600050
600030
000063
600221
600239
600150
600188
600121
601333
601006
600456
000933
600997
000807
601088
000937
601688
600595
000776
600362
000568
601088
600519
601668
600729
000792
600284
002081
600009
000937
000858
600123
601166
600418
601898
600031
600875
601288
600309
601088
000698
601601
600271
600690
600016
002156
600150
600588
600525
002281
002430
002024
600295
300083
600697
000895
300046
000926
600157
600383
600425
601088
000063
600030
000933
000527
002073
600835
000880
000629
000039
601992
600739
601377
601766
000807
601668
601808
600801
600636
600585
000157
000002
601166
600031
002078
000876
002024
600160
600015
600963
002001
000401
601766
000983
600997
601808
601899
600104
600216
601088
000338
601699
000630
002122
600030
600036
600406
600016
000527
600000
002008
601166
600030
000422
002202
600028
601699
600383
000651
600048
600581
601998
600123
000680
600835
600000
601166
600600
000729
601678
000401
000629
002106
000597
000937
601006
000698
600123
601101
601857
000635
000060
000755
000933
600720
000830
600216
600362
000666
600787
600693
000530
300049
600223
000046
002123
600795
600557
600006
600115
000825
002089
600880
600029
002385
601818
600741
000921
600036
600015
000001
601699
600031
601668
601288
000528
000651
600519
000680
000039
000858
600720
000061
600195
600104
600887
000895
600216
600036
600104
600015
600887
000630
000858
601088
600030
000063
000423
000527
600188
600111
000338
000651
601601
000039
600068
601699
000800
000895
600801
601009
600742
601299
601006
600519
600031
002142
002024
000933
600031
600150
601989
601088
600395
002092
600030
000039
600029
000880
000651
601808
000527
600036
000002
600499
002142
600392
002063
000069
600295
600983
002128
600739
000877
002249
600815
600388
600761
000157
000528
000581
000680
601699
600375
002490
000063
600019
600685
000425
601166
600151
600383
600660
600690
000410
600522
600778
601328
601398
600586
601288
600309
002146
601866
601857
601006
000099
601186
600600
000776
600000
601818
600028
601988
002007
600118
000858
000629
300022
601377
600535
601668
600782
600303
600048
600376
600418
600537
000401
601318
601601
000039
002008
600031
600153
600183
600362
000926
600030
600805
600104
000024
600266
000778
601118
600010
600547
000039
600489
000629
601088
600030
600111
600031
600583
600188
000768
601808
601166
601600
000758
600497
000002
600050
600316
601377
000861
600378
000850
600468
002129
002155
600995
002526
002089
000799
000410
601216
601958
000725
600881
600416
600884
600587
601998
600322
600449
000937
600395
600271
002060
600348
002179
002470
600072
000069
000551
002177
600802
000568
600668
000858
600595
600825
002128
000792
000629
600019
600257
601899
000001
000060
600029
600000
600102
601168
601111
601166
600887
000157
600519
600978
600115
601818
600547
002297
600239
002249
601666
600875
600137
600581
601088
000538
000568
000982
600015
600022
000860
000969
600597
000001
600036
600060
600887
600309
600498
000895
601006
601088
600739
600585
000540
000935
000024
600557
000680
601111
600425
600252
002534
000666
600239
002264
600805
000961
002006
002430
600881
600720
600256
002140
600208
600016
000401
000651
601169
600295
600036
600403
002011
601678
000039
600801
000629
000789
002110
600770
600176
000568
600101
002132
601288
600125
000926
600240
600282
000877
002078
601818
000837
600657
600031
601998
000581
601991
002038
002241
600498
601268
002153
000969
600231
600869
002123
600997
002037
002085
000887
600644
000157
600503
000983
600021
600066
000708
600812
601117
601006
000709
600844
600546
002061
600636
601106
600555
000063
000656
002422
000932
000623
000159
600085
600050
002096
600537
000426
600375
600863
002209
002282
000815
002283
601668
002039
600487
600690
000061
601992
601117
000786
000937
600050
601857
600195
000616
600348
600866
600376
600760
600881
600048
600862
600456
601699
600519
000519
600172
600050
600170
000926
000623
600176
000877
601006
600380
600409
600581
601166
600425
000501
600060
600765
600208
600782
600403
600259
000024
600048
601088
600141
600969
000402
000759
601668
600795
600521
600999
600019
000858
600031
000063
600027
601318
000811
002430
601788
601006
600880
000530
600373
601699
600485
600585
002052
601857
000566
600614
000612
600879
600390
002115
600309
600497
600150
002564
000823
600256
600104
600240
600016
601299
600015
600050
000012
600000
601006
601088
600153
600150
002001
000039
600642
000157
601668
600881
600029
600050
600519
000625
600271
600686
000024
000001
000778
000776
000800
000069
002304
000960
600266
601998
300179
600976
002146
300163
600111
000629
000001
600581
600418
600000
000623
600595
600219
600150
600456
600449
000157
000778
000630
600108
601398
002303
000988
601699
600307
601299
601699
601106
601989
601766
000680
600169
601717
600111
000651
601002
600703
002006
000063
600362
601117
600031
000937
600395
000887
600418
000157
000629
600000
600585
000024
600362
600765
600104
002241
600837
600376
000937
002123
601088
002142
600739
600050
600583
600016
600050
600030
000869
600795
600395
601088
601857
000783
600581
600068
600585
600837
600031
601668
600153
600125
000895
601888
600005
600644
600028
600030
600383
600694
601668
601009
000709
600271
000629
601318
601166
601857
600000
000729
600231
600717
000401
002155
000932
600009
000680
000961
600383
600000
002081
002011
601117
000629
600970
600425
600236
600585
002273
600048
600176
600050
000024
000778
002073
000157
002551
600150
600805
300035
600720
601101
601628
000926
600067
600881
300083
601299
600240
601186
002106
600016
600031
300187
000001
002155
600468
000568
600995
000777
600157
600016
601958
000060
600403
600000
600068
600887
600481
600415
002129
600765
601166
300004
600961
600900
600750
000099
600348
601888
600694
600583
600019
601688
600150
600875
002122
000002
601727
600000
601390
601006
601668
000402
601857
601288
600015
600839
000825
002097
600010
600104
600887
600029
601899
601186
600064
600660
600967
600563
600449
000792
000584
600543
600052
002106
300126
000417
600961
600360
000158
002024
002133
600531
600626
600838
600888
000548
600030
000063
600000
601688
600153
000807
600223
601607
600761
600029
600697
601006
600089
600231
600383
601377
000911
000877
000001
600966
600000
600036
600031
600068
600030
600188
601601
601699
600585
600016
000001
000157
600104
600176
000527
601088
600029
600362
601299
000401
000932
601318
600395
002006
600496
000778
600519
002106
000877
600742
000423
601006
000540
601939
000623
600741
600221
601111
000568
000063
002233
601398
601989
000651
601288
600252
601766
600048
600805
002177
000402
600581
000858
600801
600585
002155
000972
000401
600518
000568
600760
600887
600337
600995
601888
000157
000099
002139
600028
600549
601398
600015
600000
600528
601106
601288
000528
600809
002129
002068
000425
002165
600068
600031
000850
600468
600316
600416
002445
300136
300135
000983
002023
601989
000888
000960
600351
000903
600383
000968
600535
601939
000898
000024
601992
000002
000001
600016
600036
300048
000423
000538
002327
600079
600802
000709
600694
000009
600505
000776
300004
002177
000551
601118
600015
600000
601890
601088
600048
600284
600104
000002
000792
601699
002029
000755
600805
600036
600150
002006
600537
601288
600547
000002
600062
600276
600887
600048
600028
000858
600036
601318
000597
600000
000792
600015
600519
601601
600383
000559
601628
002036
000568
600309
601288
600859
601169
002082
600195
601919
002551
002179
601601
601668
600582
600352
600875
600028
600030
000876
600050
002242
000002
600478
600963
300037
600288
600053
000792
600723
000858
002042
002035
600765
000157
002167
000858
000983
000927
002158
600748
000568
002066
600153
600309
000629
000800
002254
601001
600690
000877
600570
000401
600997
600887
000063
000002
000527
600309
600050
000887
002167
600030
000937
000932
000581
000698
600019
600153
600388
002073
600298
600690
600739
601699
600741
601607
600176
002185
000157
000402
000709
600055
600866
300083
600383
600000
600717
002098
601877
000858
600636
601166
600585
600160
000858
600581
600801
600425
600000
600030
600036
000680
600016
600029
601088
600176
600583
600518
000401
600188
600881
600739
601668
000895
600015
600802
600090
600967
000822
600143
002009
000972
600318
600309
300008
000758
002490
600069
600064
600539
600143
002073
600036
601117
600000
000998
600079
002140
600425
000538
000550
600805
600418
002142
600376
000423
600585
600309
002146
600887
600458
600535
600276
000568
000983
000039
601678
601766
002041
002564
601299
600267
600362
002096
600518
600256
000417
600028
600239
000012
600426
601186
000422
600143
600000
600741
601088
000597
002001
600284
600295
600739
600888
000060
002179
601808
600765
600030
002008
000423
600406
600267
000581
600036
002024
002106
600271
600809
002108
000527
601166
600143
300169
000401
300024
600631
600079
600527
600100
000581
600036
600104
000001
000157
600585
000069
000338
601088
000783
000401
000423
600048
600029
601166
600030
002024
000937
601668
600749
000858
601668
600388
002024
601166
000528
000063
002091
600970
600497
600582
000877
600809
600518
600256
600143
002155
002078
600519
601088
600773
000002
600739
600048
600418
600031
600104
600589
002140
600475
000157
000983
600208
002139
601166
600111
000651
600160
000527
600583
600157
600031
600036
600111
600585
002167
000581
600016
600742
002485
601618
600403
002158
000157
000789
002249
600079
600387
600995
600837
000718
600216
600887
002155
000527
002518
000550
000629
000799
000635
600188
600051
600418
600172
600741
000602
000417
600362
600309
002073
600497
601699
600863
600997
600795
600000
000792
600707
600303
002450
002063
002065
300154
002092
601601
601318
600048
000869
000538
000858
000651
000069
600036
601166
000417
600029
600016
000639
002007
000963
000786
000983
000401
601111
600036
000792
600016
600585
000895
002161
600673
601766
600111
000578
600050
000983
000876
000972
000630
601299
000951
300002
600518
600778
600036
600000
600067
000540
600031
600062
601699
000869
000422
600030
600266
600585
600456
000012
002241
600395
600739
000933
600111
000888
600030
600089
000063
600050
002024
600036
000002
600068
000568
601006
601618
600028
600970
601166
000837
600332
601808
000157
002236
600320
600050
000629
600000
601288
601318
600060
601668
600016
000888
600595
000024
002073
002215
002222
600210
600469
600383
000501
300179
600511
601088
000983
600036
000060
600651
600549
000877
600016
002226
600487
600123
600208
601699
600000
600598
000001
600068
600406
000157
601607
000858
000895
600859
000538
600754
600415
600697
002029
600079
002065
000028
000869
000650
002007
002152
600588
600785
600664
002123
000963
000792
600585
601088
600036
600795
600031
000629
000858
000630
600050
601699
600000
002024
600887
000925
000581
600048
000937
600111
600376
002146
300124
600703
601118
002253
000822
002023
002407
002230
601699
000960
600546
600348
000983
600089
601168
600362
600048
002146
002151
000630
600038
600139
002261
600570
300011
002353
002168
000826
300054
000099
600376
600458
300216
002261
601186
600881
002013
000100
600547
000709
002106
002024
002094
002582
600029
600521
000786
000930
000952
600195
002001
601111
600010
000639
600050
000001
000039
600048
600458
000651
002106
600585
601989
600547
000540
600583
000002
600019
601398
601088
600031
000157
600030
600383
601268
600348
600000
600016
600000
600837
600887
002123
000401
600060
600028
002106
000157
601166
000063
600518
600146
600585
600031
600036
600231
000402
000729
601601
600030
601766
600060
601377
600376
000858
000002
000417
600016
601788
600036
600018
600123
600031
002475
000568
600009
000581
601002
000039
600690
600000
600216
600537
600729
601688
600550
000686
002001
002008
002006
600739
600362
002024
600970
600104
000937
600518
600742
600859
600015
601699
601006
002375
600963
600188
600000
601166
000157
600104
601318
600015
600519
600835
600048
600362
600030
600585
300005
300134
600031
000880
000656
600029
000630
002277
000401
601699
600188
000937
600585
002008
000877
600251
600742
600015
601601
600376
600383
000417
600060
000895
600068
600048
601101
000063
002006
600997
600318
600739
601088
000024
600030
000527
000961
600582
600837
600395
000039
002146
601169
600016
601009
600426
600266
002001
600000
600863
002122
600690
600036
600518
600104
600176
600581
600502
601006
000630
600801
000402
600537
002029
600612
600720
000837
000858
000698
600806
600535
600111
600971
000758
000629
600067
600887
000568
000623
000651
002142
601566
002475
600153
601992
600079
600216
000759
002167
002254
601166
600519
600498
600600
002099
002020
002202
002041
002236
600303
600376
002408
600309
601009
600585
000157
000039
600029
600176
600664
601318
000596
601166
600216
000069
000568
002106
600362
600801
600104
600016
600489
000527
002146
300090
600415
600123
600339
600160
601169
600498
600694
002001
002458
002436
000063
300102
000423
300115
002415
600406
600216
601088
000001
000629
000581
600104
000338
000635
000157
002001
000400
000960
000800
600312
600067
600889
600015
600000
002434
000069
600036
000012
600837
600009
000425
600516
600016
000960
000651
601117
000895
000423
601788
000063
600589
600859
601601
600835
601168
000069
000895
000963
600631
600089
600697
002154
600585
000513
002291
002277
000024
600000
002073
002123
600123
601933
300090
000059
600594
600425
600585
000629
600750
000998
000401
000887
600048
600809
600309
002551
000568
600290
000527
600276
600362
601166
600036
002011
600458
002154
600383
002001
000789
600729
600581
000063
600267
601601
000009
601288
300159
600498
600527
002477
000002
600000
002518
600482
600475
600893
600416
600050
600837
600395
601899
600121
600770
600259
600456
000727
600276
600547
002008
600739
000686
600085
600512
600236
600320
600036
000061
000428
600016
002455
600290
002249
000002
600773
002156
000063
002385
600584
600388
002089
600354
002503
600118
002422
600522
000988
000860
600816
000876
002313
600271
002308
002152
002283
000401
600068
000680
600887
000039
000528
600030
600009
002008
002001
000550
600801
600587
600805
000530
600318
000877
600188
000895
000415
600519
000562
000988
600153
002073
600395
000063
000157
600697
601117
000915
002038
600516
000028
000597
601601
600000
600519
000001
601088
000887
600970
000680
600383
000002
600362
000157
600036
002281
000629
600030
002122
600887
000877
601668
600688
000877
600547
600395
002024
600428
600111
000887
601009
600773
600502
000998
600970
000629
000530
600383
600276
600048
002293
002254
600016
600395
002001
600267
600409
000789
600048
000858
000937
600383
002118
002244
600031
002142
000568
601766
002304
601169
601699
002154
600585
000961
600036
000422
600216
600497
000680
600518
002078
600378
600060
600176
601101
600802
600208
002526
600066
600418
300157
600318
600636
002422
600801
600104
600535
000709
601288
601717
000039
600519
000707
002582
600339
600416
000933
300134
600101
600231
000590
600240
600123
600019
600309
002206
600547
600823
600887
600030
601117
600498
600809
600519
600697
600298
600578
000061
002024
600125
000562
000680
601166
600837
000895
000669
600027
600009
601377
000915
000858
000998
000501
000527
600469
002282
600999
601601
000848
000415
600801
600236
002497
601318
601766
600036
600835
000568
600019
600050
600383
600231
000898
000937
000792
600585
002202
601299
600064
002146
600688
600859
600828
600449
600803
000551
601117
002140
600660
600050
000983
600869
600143
300082
002206
002004
600547
002088
600248
600859
000698
002152
300122
600537
600395
600267
600048
000630
600188
601601
600585
000157
600519
600801
601678
600068
601117
300146
600376
600809
600031
002410
000002
600104
300217
002430
000776
600805
600594
002244
000877
600029
000937
601216
601318
600523
600089
600549
600589
601179
600362
002176
600778
600881
600729
000401
600425
000960
600290
000826
600036
000639
600582
600276
000962
600843
600673
600674
601168
002506
600966
600322
600545
000425
601009
000536
300080
002302
600232
000983
600348
600900
600642
600963
600581
600806
002079
600823
600589
600068
000983
600104
600664
600050
600837
002079
600581
600015
600000
601216
600309
600089
601179
600395
600048
600963
002176
000069
002506
000960
600030
600036
000568
601318
600535
000651
000755
000536
601899
600425
600809
601088
000002
000157
600875
601118
000012
600208
600096
600160
600380
600585
600362
002108
601818
600031
600801
000009
002086
002142
600418
600290
000401
600376
000400
600284
002244
600739
601009
601117
601299
600123
600582
600339
601766
600095
000001
000893
002302
600036
600028
600068
600795
600900
601857
601186
601668
600737
300101
600030
601318
601628
600261
000895
601166
600697
600011
000911
002073
600309
600000
000651
600352
000629
600048
000024
000568
000933
600019
002158
000513
000527
601808
600823
600036
002086
600887
000811
601699
600660
600068
002073
600030
601006
300124
600900
300134
600036
601601
600331
600688
000755
000778
600028
601186
300058
002024
300203
600320
600036
600048
601088
600585
600104
000001
000629
000338
000157
601318
000401
600030
000783
000651
600016
000002
000069
600729
600029
002024
601288
600585
000937
600519
000527
600000
600997
600415
000063
601088
600535
000538
000417
000837
601601
002244
002155
600141
601009
600805
000960
002001
000869
600332
600143
000630
000060
600309
002281
000597
601668
600702
000792
600475
600518
600216
300015
600331
601899
300136
002129
002155
601818
600995
600468
600157
601166
601888
600036
601169
601688
000933
002142
600000
600432
600481
601009
601998
601939
601958
600016
601601
600050
600636
000069
600418
600000
600376
601668
600079
600009
000792
601333
600048
000680
002140
600537
600267
600362
600028
600550
000630
600036
600150
600498
600048
600036
600362
600425
601006
600089
600050
000877
600068
000002
600416
601009
000063
600467
601169
600582
601088
600519
600276
601678
000402
601699
000426
600123
600875
601111
002050
601088
000063
600029
600362
600153
601166
000680
600056
600519
000858
600415
601299
002179
600019
600303
601668
601989
601318
600069
601101
600038
600146
600309
000543
600406
000060
600048
000937
000338
000629
600585
000651
300111
600031
600432
600067
600000
000581
600720
600239
000983
601166
600036
600415
600104
600079
600383
000540
600395
600104
600724
600537
600029
601117
000935
000157
002006
000401
600031
000651
600805
600383
002261
300104
300111
600528
600720
601166
000639
600362
600970
600172
002082
000727
600027
600831
600111
000877
002146
600749
000400
600585
002458
300048
000589
601318
000759
002073
600104
600016
601318
600547
601166
600331
600000
000895
000623
002422
600642
000039
000825
600030
000061
600570
000002
002055
601088
002011
002410
600031
002422
002535
600066
002415
002223
002304
600199
000039
002056
600172
600016
000973
002065
002055
600277
002482
002526
600104
601006
600015
600887
002065
000550
002293
600030
601766
601668
000063
600519
600111
600239
002142
000630
000680
600970
002304
601088
000630
600519
601299
000848
600765
000921
600694
601877
600009
600631
002233
600048
000402
600104
002051
002367
600010
600322
002244
600161
600153
600016
600309
000063
600068
601288
600581
600406
601333
600519
000932
600048
000402
600631
600585
000983
600036
000623
600050
600498
600016
601088
000527
600519
601318
002032
002035
000401
600298
002285
600079
600585
002414
002073
600809
600828
002152
600559
600778
000063
600585
601601
600395
002091
601166
600815
000800
600079
002155
601668
000425
000651
600875
002327
002035
000527
000858
000012
000635
601992
600887
600030
600036
600089
601006
600352
600458
600519
601601
600600
600011
300020
600050
600104
600195
601318
600581
000860
600029
600970
000401
000961
600809
601009
000527
000858
600497
300022
002078
000425
000089
600815
600337
600166
002142
300050
600549
002226
600101
600216
000792
600123
600582
000568
002001
600284
600805
600000
000933
000024
000876
000630
000651
000629
600015
600997
601766
601117
600795
600970
002001
600642
000778
000680
601088
600195
601288
601106
601601
601866
600198
600557
601808
000630
000729
600054
601618
300159
000001
000063
600360
000725
600000
002007
600410
600893
600018
000400
601169
002152
600188
600288
600295
600036
000780
600169
601088
600048
600360
601168
000969
601766
000690
000811
600517
002146
600176
002155
600028
600030
600383
000709
601009
600694
601166
600271
601668
600000
000729
600231
601601
000629
601857
600089
601169
000932
600717
601117
600143
002140
600805
600418
600036
002073
600079
600425
000998
600000
000538
601766
600585
000550
002041
000680
000568
600458
000039
601299
000968
002146
600309
600362
600036
600519
002142
600585
000858
601166
600425
000877
000157
600859
600267
000629
600690
000422
600418
000937
600048
600031
600339
601601
600585
601088
000063
601678
600015
000157
000937
600104
002375
000983
600095
600875
600309
000422
600029
600170
600809
600276
000755
002091
000528
600252
000568
002024
002310
600875
600887
600585
000002
600409
000651
600546
000979
600239
002051
002261
002290
002321
600395
600031
000528
000680
000425
000338
600298
600815
601166
600787
002081
002482
600519
600805
000157
000786
600739
600326
600028
000581
000698
600138
600418
600030
600805
000877
600309
000562
000783
600741
600660
601601
600585
000157
600015
000623
002244
600710
600425
600581
601788
600395
601688
600383
000776
600188
600139
000420
000709
000937
600497
600028
601699
000680
002182
600031
600089
000338
600406
000651
601318
600031
000423
000528
000792
000417
000063
600631
002397
601106
000538
002296
600425
601601
600104
002005
600537
600362
600739
600231
600581
000960
002024
600458
000581
600585
601118
600104
000527
600660
000858
600809
600418
600690
600547
600720
601601
601318
600000
601699
000778
600050
600096
000002
000893
600261
601666
600375
000012
600537
002001
600425
600318
600048
000961
600352
600742
000630
000937
600015
600029
000877
600068
600153
600875
002006
600309
600383
600030
600058
601989
600031
601919
601101
600019
600316
600893
600523
000597
002304
600456
002041
600303
601006
000527
000002
600031
000063
600362
600068
000861
600256
002202
600009
000858
601668
000939
600170
002122
000848
601088
601168
600795
600231
600900
600675
000761
600383
000537
002146
601003
600027
000718
600173
000031
000898
600688
600886
000918
601299
600030
600102
000039
000939
002008
601166
601318
600809
000002
000528
000061
600362
000680
601628
600188
000926
000566
000807
600036
601607
300015
000983
600000
600519
000001
601088
601601
600266
002122
600582
600383
000002
000877
601288
000887
000157
600406
000527
000680
000629
002281
600376
600887
600104
000338
600362
600036
000895
601088
000651
600015
600111
600030
000630
000800
600498
000039
600031
600348
601668
000063
000983
600585
601699
600031
000157
000651
000581
000858
000887
000528
002422
000527
000550
000423
000338
600519
000063
002106
601668
002123
002375
600900
600887
600519
601166
600467
600458
600036
600125
601088
600019
600104
600048
002024
000063
600068
002038
600585
600581
000829
600030
600585
300134
600048
002236
002480
600256
000039
600809
600519
000877
002422
600976
000895
600528
000401
000423
000001
600079
600815
600720
600016
600585
600036
600030
600309
000039
600425
000680
601601
000338
601006
601998
601288
601988
600519
600125
600595
000157
601166
000402
000951
000061
600482
600303
600125
600456
600589
601088
000858
601601
600009
300026
601688
600518
000776
002091
600068
600773
601666
600893
600270
000780
002208
000937
601169
600038
600502
002106
601318
002210
000627
601699
600276
600362
000963
000869
600742
000829
002024
000729
600523
600121
601299
600062
600266
000630
002013
000099
601717
600036
000157
600000
000338
002129
600031
600837
601699
000401
600519
600016
000983
002123
000759
600383
000568
600585
000527
600276
601169
002078
601766
000522
600036
601006
601668
601318
600550
600096
600030
000400
600019
600416
000060
600031
600795
600362
002073
300011
600050
000060
000983
600549
600000
600036
601088
000877
600068
000001
000937
002013
600547
000968
600123
600425
600651
000157
600585
601318
002226
601766
600036
600019
600835
000568
600231
600030
600383
002073
000937
601699
601166
601088
600362
601299
002129
600688
600585
000401
600015
002146
600031
600064
002202
600449
600016
601003
600000
600519
000001
601088
601601
600266
600582
002122
600383
000002
601288
000887
000877
000157
600406
000680
002281
600376
000538
600276
000063
600015
600068
002415
002244
600031
600089
600030
601628
600704
600048
601601
000911
600028
601668
300104
601166
600050
600036
600332
000895
600694
000612
600809
000635
600425
000623
600875
600778
601166
601601
600060
600298
002344
600030
600697
600383
600537
000799
600141
000069
601668
601088
600016
600216
600690
600266
600519
000528
600256
000876
600036
600406
600741
600000
000800
600585
000568
000001
002128
000630
600000
002292
300054
600660
600066
600388
601601
000721
002214
600497
600739
600309
000060
600897
000983
600803
000895
300025
601607
601166
600048
000501
000002
000568
601118
601699
600426
600031
600362
000039
600585
601989
600188
600016
002006
002008
000630
000858
600036
600104
600690
600252
600352
000527
601117
601006
000651
000401
000680
601088
600585
000725
000983
600519
600805
000550
600415
600741
000568
000789
600875
600418
600216
600536
002065
601766
601299
600009
600123
600785
000933
600383
600537
000848
000568
600887
000609
002024
601699
000400
601607
300070
600062
002482
600456
600325
601866
300134
600997
600331
600348
600030
600068
600362
300027
002073
600320
600688
000755
300203
600048
300146
600215
300124
601216
000669
000786
600525
600339
002073
600750
002091
002106
000541
002456
002008
002158
000423
002079
000063
600107
000823
601888
002056
000969
600993
600425
300077
600809
002106
300002
600050
300015
300146
300036
000021
002230
300216
600141
600600
300115
000869
600557
000858
002218
600535
601688
000425
000528
000680
000338
600787
600266
600000
600089
600664
600054
600585
600166
000978
000878
601668
600068
600875
000630
600326
600815
000551
600015
002108
601607
002001
002048
600537
600339
002118
600581
000858
600545
600151
000680
002302
601088
600778
002202
600963
600881
000858
000895
600406
000338
600415
601818
002152
000039
300134
601666
600031
002317
600271
600563
600729
600859
000400
601390
000001
002073
002250
300080
002007
000568
000528
002490
000961
600439
600260
000157
600016
000893
600525
002139
000616
002029
300135
000031
000024
600376
002283
000686
000338
601111
600547
600415
600585
000002
002422
600036
600199
601166
000568
000869
601668
600720
600809
002541
600801
000596
002236
000401
002419
002096
600519
600015
600900
600519
600887
600030
600528
601601
601333
600309
000630
600426
600352
600739
601318
600029
000937
601766
601106
600550
601299
601390
600395
600383
601006
000001
600685
601699
600125
000960
600320
600150
601186
600067
600549
600808
601808
600415
600009
000877
002038
601288
601919
300124
000400
000937
000887
002001
300193
600970
002011
600048
000629
601299
002353
300132
600375
600216
000635
300140
000562
000002
600585
000936
601166
601318
600016
000598
600522
600000
600221
000001
000926
600804
601006
600693
600261
600271
601088
600104
600028
600036
600963
601318
600036
601398
600000
000527
600887
601006
000651
000858
600016
000877
000650
600015
601299
002081
000063
600031
600425
600809
600585
600805
000401
600418
600690
600031
600458
600199
600066
002081
002056
002422
002011
002304
002410
000157
002285
000039
002535
002236
002415
002042
002206
600277
002065
000629
600720
600496
601888
600970
000630
002091
002106
300169
600030
002132
600707
600248
000776
000063
601766
002068
002033
000157
002038
000425
601699
000540
000983
002108
600693
600029
600111
601808
600107
600595
600276
600780
600362
600016
601998
000651
600812
000425
600030
601989
600031
000024
601166
000157
600585
000651
600150
600685
000562
000527
600348
600739
000063
000937
600015
600416
600000
600169
000858
600835
600005
000837
601788
600125
000581
600518
600060
600805
600009
002325
002422
002142
000401
601607
000338
600449
600266
600806
002056
600036
600893
000568
600499
000001
002299
600388
000528
002008
600141
002033
600498
000807
000099
002277
000422
600068
600497
601106
600549
600690
601668
601898
600261
600881
601377
000002
002244
600535
000926
601009
000530
002024
601958
600096
600837
000783
601003
000423
000338
000987
002250
600327
600837
600271
600028
601717
000783
600570
600761
601788
000708
002293
601688
600582
000612
600352
601601
000858
600143
600519
000561
000527
002179
002009
002021
600069
601888
600101
000875
002011
600547
600469
600997
300179
601799
600236
601699
002024
600031
000157
600519
601166
600875
600000
000528
601601
000937
601169
600880
002106
600739
002146
000566
600348
600030
600132
000933
600644
600376
002146
600496
600031
000635
600537
601678
002001
600761
600216
600266
000157
600997
600585
002244
601866
601117
600231
000630
600309
000039
000540
000528
000983
002096
000707
600072
601003
600581
600352
600060
601088
601857
600815
000651
600282
000623
601601
601106
600198
601618
601808
000729
600737
600050
601088
600054
601866
002007
000630
000400
600410
002167
600360
600000
000063
000725
601288
600519
600690
000527
600141
600016
002081
600970
600036
000528
000915
600805
000937
601601
600697
600585
600000
002106
000778
600403
601318
600188
600036
600585
600276
600284
002001
601288
000568
600048
600900
600030
601166
601699
600104
000597
000858
002415
002139
600537
600547
300174
000895
000338
000417
000858
601106
600582
002155
000987
000783
601717
000708
601788
600028
600056
600036
600999
000880
600970
600761
601318
600970
600036
000417
002304
600415
600720
601101
600111
600585
000937
000568
002277
601992
600048
600089
601288
600742
002344
600815
600376
000895
000423
600016
000401
600585
000002
600000
600048
601166
600036
000039
600015
601288
000877
000680
002304
600376
000789
601601
601318
000961
000417
002146
600496
601299
000650
600188
601717
601101
600267
002244
601318
601601
601169
600887
000002
002029
600028
601009
601668
600016
002001
600631
600263
600795
000858
600782
600790
000157
300020
002073
