5855
600050
601318
600028
600036
600550
600900
000002
601186
601111
601398
600029
600015
601666
601390
600839
601601
600000
600001
601628
600030
601390
000002
600859
600029
600005
600598
600348
000402
600000
601166
600196
000792
000729
600019
600050
600028
000527
600797
002029
600019
601186
600036
600030
000898
601166
601919
601398
000002
600000
600585
600005
600016
002267
000001
600690
601328
000933
000422
601666
600585
601318
600596
600019
600030
601601
600519
000063
600015
600348
601088
002153
600036
000983
601166
601006
600031
600000
000898
000001
600030
000002
600036
601939
601186
000629
600519
601919
600011
000527
000858
600489
600195
000683
000623
601390
600271
600449
600325
002216
600123
600660
600612
600022
600879
000825
000401
000402
600628
002218
600362
600009
002252
601088
600616
601808
600456
000400
000983
600631
600009
601318
600415
601088
600519
601628
601601
600050
600019
600048
000061
600028
600036
600686
600816
601898
600825
600123
002024
600677
600820
600475
600271
600100
002202
600561
601166
002109
601169
600284
000002
600000
600132
600449
600499
600068
600580
600118
600486
601398
600019
000002
600030
600016
601088
601398
600000
601006
600005
000983
600835
600048
600031
600036
600015
601628
000768
601766
601857
000063
601318
601088
600028
000002
601006
601398
600875
600019
600036
000001
600900
600718
600111
601808
601328
601166
600795
000898
600009
600717
600048
000002
601166
002024
601919
600048
600519
000858
600875
000157
600123
601898
600031
000878
600030
601318
600000
600325
600596
600089
600362
600690
601939
601318
601088
600016
600019
600030
601006
600315
600036
000423
601328
600694
600028
000898
000869
601166
601628
601898
600100
600312
600036
600550
600089
600015
600068
000651
000983
601398
601088
000597
601186
000877
000400
600050
600827
600475
000800
600590
600690
600425
000012
600631
600016
601628
600410
000425
000538
000028
600518
002028
601088
601318
600202
000933
600519
601186
000063
600050
000550
600383
600000
000983
600009
600036
000568
600859
000423
000792
600585
600005
600036
000002
600050
601318
601939
600900
601398
600028
600309
600519
600596
600048
601088
000792
601666
000568
000983
600583
000001
601628
600036
601318
600000
601939
601390
601398
601186
601766
000063
601628
002227
002003
000002
000708
600761
000858
002060
600801
000825
600271
600011
600005
600068
600694
600517
002024
601088
600276
601006
002028
002179
600054
000538
000422
000800
601088
000001
601318
600050
600251
000002
601186
601628
000612
601006
600748
600005
600019
000069
600028
600739
000625
600048
601398
601088
600585
600415
600519
601628
601006
600050
600000
601186
000024
601166
600660
000709
000858
002024
000002
600201
600122
000422
601318
600005
600519
002024
601166
601398
601088
600036
601006
600030
600026
600348
600641
601939
000707
601169
600028
600428
601919
601699
600005
000002
600036
601398
600000
601939
601857
600519
000792
000568
000001
601006
600050
600016
601318
000937
000024
601666
601390
600028
600585
601186
600325
000858
000612
600428
600000
600123
600036
601628
000002
600028
600089
600058
600048
600114
601186
000001
600030
601088
601006
600598
600029
002024
600895
600587
601166
600036
601398
600050
000002
000983
600005
601666
600019
601318
600016
601088
600030
600000
600048
000937
600141
000869
000024
600737
600028
000069
000565
000800
000898
600600
600015
000568
600031
600282
600409
600251
600808
000635
601328
601628
000597
000877
600348
600312
000063
000012
000651
600596
600102
000707
002001
600089
600030
600000
000002
601318
600050
600028
601088
000937
600036
600795
601766
600048
600196
600089
600737
000063
601186
000680
601857
000869
600005
600663
000651
600664
000422
002028
601628
002009
600547
600812
600439
600895
600867
600528
600600
600348
000895
000877
600019
000538
000815
600583
600307
600693
601666
002024
000629
600009
002252
000963
002250
600656
600036
601398
600000
600028
000063
601318
601666
600005
600050
600519
600674
000002
601006
000612
002024
601699
000655
600585
600019
000983
000002
600036
600000
600030
600050
601318
600048
000063
601186
000911
600028
600600
601088
601898
600737
600015
601919
600005
600795
600011
601939
601766
600887
000568
600276
002053
600664
000422
600325
000538
600029
600176
601857
601390
601628
601398
600309
002038
000602
600725
601808
000983
000792
600886
600019
600037
600547
600528
601111
600009
600027
002008
600585
000001
601318
600030
600519
600000
600586
000528
600036
000933
601398
600009
600050
600900
600028
600258
600694
601919
000002
600583
600815
600585
000002
600050
600030
600028
600674
600009
000858
601628
000024
600887
601857
601318
600591
601919
600216
000063
601328
000960
600383
000002
000069
000568
000024
600028
601328
601166
600150
600519
600143
000528
601398
600030
002024
600036
600005
600019
600102
601628
600383
600036
600000
601186
601398
600016
600519
000629
600997
601088
600028
601666
600015
000983
000002
601318
600005
000423
000800
600309
600202
601006
601088
600383
600519
000709
600028
000651
600585
601166
600779
600048
000002
000983
002024
002242
000729
601919
600686
600824
000895
000001
600028
600005
601111
600036
601318
601919
000024
601186
002078
600048
601006
000069
600875
000933
600050
600737
601088
000002
000932
000002
600028
601398
600000
601318
600048
600005
601088
000001
600016
000630
600031
601166
600685
000060
600050
600030
600019
600383
601628
002269
600585
002142
601169
600325
601898
000895
000063
600036
600005
000002
600428
000800
600028
600050
601390
000933
601169
000401
601006
601666
000528
600547
600875
000400
600585
600432
000792
000651
000937
600583
002123
000709
600271
600067
600815
601186
000568
601628
600995
000155
000912
000969
600543
600030
000581
000528
601398
000960
600585
600019
600549
002055
601186
000790
600000
600557
600030
600019
601088
000002
601628
601006
600050
000898
601898
601318
600005
601390
600739
600096
600028
000488
600029
600737
600308
000983
600036
601398
600050
600089
600048
600000
000800
600169
601186
002266
000983
000001
002204
000425
000895
600312
601666
600282
002024
600875
600583
002065
002269
600028
600111
000063
000024
000937
000566
600298
000002
000858
600036
600005
601318
000002
600000
600089
000825
600030
600309
600050
600048
000024
600031
601006
600019
600900
601666
600978
601390
600489
600519
600015
002202
601166
600859
000937
000538
000157
000423
000960
000069
000903
600202
000612
000968
601628
000917
600009
600761
600238
600036
600028
601318
600352
600030
601398
600664
000759
600026
600348
600089
600395
000002
000069
600048
600886
601186
600312
600428
000538
601666
000869
600820
000960
600309
000983
000568
000651
002028
600875
000858
000629
600660
600050
601088
601001
600009
000937
600517
600141
601628
601006
000402
000422
000423
002154
600325
600801
000623
600030
600739
601919
600050
600383
600001
601628
600037
000002
000709
600022
600835
000488
600748
601186
000898
600675
000024
601898
601398
601088
601318
600036
000063
000402
601006
601328
600686
000002
600000
601186
600022
000338
601390
600048
000858
000157
600005
600141
600036
600000
002024
000568
601006
600600
601186
600795
600089
002122
600009
000002
000877
600276
600028
600050
600019
600875
000001
000402
601088
601318
000002
600036
600717
000983
000063
601006
600000
600016
600325
601666
600997
601919
601390
000001
601398
600583
000568
600028
600019
600005
600036
601166
601398
601006
600717
000898
600900
600030
601328
600050
000709
000629
600585
000089
600690
000088
600017
600000
000002
600019
600036
600030
600050
600029
601939
002024
000402
601318
600104
600859
000001
002216
000157
601988
601390
600415
000528
600000
002024
000063
600005
600000
000568
600028
000651
601186
600383
000983
000792
600547
601666
600050
601328
600325
601166
000024
601318
000401
600415
600030
601699
600026
600251
600596
600048
600036
600717
601006
600348
000612
600737
000002
600428
600795
000623
600309
600519
600015
000709
600299
601919
600150
600067
000581
601088
000001
600036
600019
600690
600016
601939
600859
600030
600391
000563
600271
601328
600828
600028
601006
600581
600089
600315
601318
000002
600517
000001
600050
600030
600320
600686
600036
002038
600584
601857
600028
600000
601601
601166
000002
600019
600096
000726
600383
000807
601006
601169
600031
601919
000898
600887
600585
002106
600033
600352
600521
600005
002251
000800
600208
601398
002056
600795
600098
000778
601328
002024
000858
600048
000024
000927
000878
600348
600489
600009
000501
601318
600276
000983
600596
000063
000960
600016
002045
600897
600361
000060
600962
600018
002115
600350
600879
600360
600519
601766
600219
600563
601186
600000
601398
600016
000001
000983
600015
601006
601808
000069
600050
600028
601939
601333
600348
600269
000898
601318
600125
600713
600089
600880
600547
600231
600096
000028
600519
600102
600900
000707
600030
000063
601398
601628
601186
601318
000402
600000
600089
600036
601766
601169
600048
601390
600582
600600
002028
600895
000729
600875
600030
601318
000002
600598
601628
000024
000960
600348
000983
600519
600765
600005
600489
000422
000423
600000
600737
601398
000833
600015
000911
600036
600855
600150
600962
000001
600879
600362
600406
601088
600739
000527
601088
600875
000629
601919
000157
600583
600031
601766
000024
601857
601898
600030
601808
601006
000063
601186
000002
000933
601398
600036
000860
000768
601898
601088
600019
600028
600316
601390
600087
600820
600100
002187
000759
601111
000800
000401
000729
000876
600426
600037
000930
002080
601088
600005
601939
601808
601186
600415
601766
601166
600267
600748
601006
000878
600089
600028
000709
601390
000063
600026
600489
600309
000425
601939
600089
601318
601088
000983
600585
600395
600016
000709
600036
600031
600970
600028
000858
600596
000002
600582
600030
000568
600585
600036
600348
600685
000983
601898
600000
600312
601006
600299
000878
600519
000024
000002
601088
601318
600030
601168
002024
600309
600028
000024
600835
601328
601939
600627
600036
600030
600383
601088
601186
000528
600000
600325
000933
600016
000422
000629
600050
601009
600470
002202
600015
000338
601186
000069
000002
000858
000157
000667
600325
000001
601001
600058
600251
002024
000878
000758
600016
600585
600428
600030
600000
600036
000002
002024
000680
601318
000063
000937
601006
601328
601088
601919
000001
600016
600019
600026
600966
601939
000898
600028
601166
600036
000651
000002
600005
000858
601088
600357
000792
600015
600997
600325
600547
601666
002022
601398
600737
600028
600030
000063
600019
600036
601857
600016
600028
000898
000001
601088
600690
601398
600005
000568
600997
600616
000758
600426
000895
600456
600030
600307
600036
000001
000917
600030
600000
000858
000002
600026
002212
000012
600674
600550
002154
601001
002029
600348
600005
600748
601398
600858
600030
600028
601318
600036
600019
000002
601857
600000
601398
600096
600050
600058
000933
000651
601628
000568
000792
600362
000612
000917
600005
601088
000063
601600
600600
000001
000024
600725
000825
600050
000002
600029
600104
000960
601111
600808
600655
600153
000060
600028
000667
600830
600677
000927
600383
000839
000707
600048
601919
601390
601318
000060
000612
600004
600550
000933
601166
600879
600880
000402
600694
601006
600266
000001
601628
000550
601186
600585
000002
601166
600000
000002
601318
600048
600030
601328
601939
601088
600036
000024
601898
000402
002024
600141
000001
000063
601390
601808
000983
600019
601088
600016
600050
601628
600030
000002
601390
600028
000858
000729
600519
000717
000528
601601
601898
600569
601857
002024
601006
601398
600585
000402
600686
600000
000001
600036
000651
600028
601088
000629
601318
000951
600058
000002
000612
600887
601939
601628
601006
601939
000002
601857
600519
600036
600795
600030
600886
600011
600009
600585
000875
600533
600664
000999
601898
600535
000028
600276
600600
600036
000001
600019
000983
601186
601318
000878
601088
000002
000792
601006
600383
000898
601398
600585
000402
601699
000932
600015
600016
601088
600875
601006
601186
601766
601390
000878
000522
000758
600118
000680
000568
600030
600529
600028
600004
600050
002078
600005
600426
000402
000069
000002
600048
600585
000063
000528
600971
601169
600036
000501
600141
601898
601601
600449
600000
600887
601088
600251
600383
000338
600271
600489
600456
600269
600787
600859
000629
000422
000623
600739
600970
000937
002001
601666
600352
600713
600499
000562
002073
600720
600176
600216
600489
600684
600688
002220
601318
600000
000002
600795
600028
601628
600331
000513
600048
000402
002024
600027
601601
601088
600162
600582
600697
000898
601318
600005
601006
000002
600028
600009
600631
600030
600019
601186
600660
601398
000410
600089
600036
000538
002187
000729
000651
600600
601318
600005
600748
000063
000002
000568
600016
600000
600048
000937
601628
600036
600737
601088
601186
002024
601006
600078
600489
601766
601318
600036
600019
000002
600005
600030
000001
600050
601898
000063
600585
600000
600428
000983
000898
601006
600825
601666
601186
600015
000937
600028
000002
600030
601628
600036
601006
600449
601939
600267
600100
601186
601318
600557
600325
601111
600019
601328
600201
600016
600596
600117
000063
000822
600812
601898
600066
600282
600036
000898
600050
000685
600030
600432
600000
000709
600535
601601
000717
601398
000423
000001
600000
600019
000983
600036
600050
000063
601919
601088
600096
000069
601628
600016
002211
600030
002202
000002
601186
600586
600325
601088
600036
002078
600030
601898
600015
600050
601328
600547
601318
600795
601390
600028
600118
600859
601186
002122
000878
000488
600585
600036
601088
601318
000002
000937
002024
600005
600660
000983
000898
601166
000024
000527
000568
600518
600031
601006
600585
600325
600547
600036
600050
600016
000002
600019
600005
601318
000568
600875
600596
601628
601898
600015
600048
600585
600143
601398
600519
600150
600031
600309
600005
002024
600031
600036
600000
600585
000792
600519
002028
600320
601328
600426
601898
600547
600596
600017
002008
600970
000983
002003
600271
000002
002067
000063
600660
000061
000898
000012
600315
600030
601919
600383
600276
600557
600583
600600
600028
601628
601088
000869
000987
002153
600456
600196
600348
601666
601628
600000
600519
600062
600036
600557
601166
600596
601186
600761
600005
000568
000680
600202
601318
000422
000513
600030
000528
600050
600036
600153
601318
600005
000026
601390
601186
600100
000002
600030
600737
600674
601628
000063
600058
601166
600161
601169
600019
600383
600748
601898
601939
600015
600830
002140
000709
601919
601001
600547
600887
601600
000599
600270
000932
600122
600804
600308
601398
000401
000983
000539
000612
600252
000667
600316
600031
600011
601766
600469
600028
601857
600030
000002
600028
000001
600231
601857
600316
600050
601318
601919
600428
601766
600000
600019
000566
601939
000629
601390
601398
601628
600016
000878
600117
600362
000617
000581
600686
601088
000912
600808
002161
600540
600031
600037
600585
600900
600166
600188
601899
600036
002183
600795
000825
600100
000630
601600
600005
002128
000002
600000
600036
000858
600019
600028
000792
600030
601186
000983
601169
600737
601006
601939
600001
601699
600026
600096
000900
000001
601088
600050
000983
601186
600000
000001
002122
600089
600309
600596
601006
601628
601166
601318
000825
600028
000002
600491
600511
600005
600068
000869
600585
600551
601390
600519
601318
601628
601898
600028
600583
601088
600030
601006
601390
000024
600694
601328
601398
000898
000488
600195
600015
601601
600383
000024
600030
002214
002215
002243
600557
002024
000002
601958
600087
000983
601001
600062
000683
600362
002191
002153
600048
600585
600426
600036
601088
600779
000983
600519
000651
601699
000898
601166
600028
601318
000002
601808
000709
000402
600196
600096
600019
600583
600588
600005
600000
000422
000001
000581
000983
000898
600100
600029
000002
600019
000677
000858
600655
000831
601088
600547
600409
600997
600036
601186
601318
600739
600830
000800
600426
600824
600641
601628
000159
000729
600519
601169
000612
000707
600489
600856
600030
600600
600383
000401
000987
600022
000060
600798
600028
600015
600616
000528
000969
600521
000792
600525
601006
002218
600138
600895
000063
600007
002211
600102
601857
600282
601600
000960
600017
600423
000807
000402
000895
600966
002018
000428
600307
600219
002024
600867
601919
000932
600258
000822
600589
600628
600397
600251
000568
600048
000527
600896
600631
600674
600835
600962
600308
600325
600410
000680
002080
600889
000926
600312
002097
601939
002074
600963
600432
600880
600001
600550
600089
600141
600456
600202
600806
000061
600276
600511
600078
600267
002012
000911
000597
002154
600279
002008
000949
600795
600583
600026
002022
600582
600256
600527
000400
000825
000661
600690
000878
601766
600087
000012
600565
600804
002115
600195
600375
601898
600016
601318
601398
600000
601186
000002
000568
000792
600519
601088
000063
000001
600596
000061
000898
600089
000423
601006
000402
600887
601318
600009
601601
600030
000629
600048
600383
601898
600036
600600
601328
601088
601001
002238
601186
000959
601006
600005
002232
600664
601390
601857
601899
600016
600019
600269
601808
000026
601398
600078
601766
600028
000531
600694
600583
600332
000895
600067
000422
000089
600436
600018
600458
000301
000800
600535
000002
600500
600035
000063
600125
600231
600875
600030
000002
600000
601318
600550
600036
000983
000063
000858
600596
600875
601006
600887
000792
000562
000629
600816
600812
000969
600266
600737
000422
600962
600028
601919
600005
601666
000401
600048
600997
600100
601318
000932
600000
600383
600030
600804
000002
601166
600316
600512
600570
600739
601628
000667
600547
000858
601857
601001
600016
600016
600963
600036
000895
601006
600004
600276
000002
000028
601318
600895
601939
601088
600066
000858
000538
600880
600009
600660
600028
600050
000568
000002
601318
600005
601111
000063
000898
601186
601628
600583
000912
600019
600009
601088
600036
600196
600795
000839
601939
000063
600028
000898
000527
000568
600660
600320
600585
000002
600309
000157
600050
000651
000858
600887
000878
600686
601919
000338
600795
601006
000002
600028
600019
002024
600089
601186
600036
601390
000402
601318
601808
601939
601398
600005
601666
601857
601766
601166
600037
601939
000002
601628
600005
601318
601919
000568
000012
600030
601186
000423
600550
600050
600036
600000
600026
600048
600016
600309
000402
600019
601088
600309
000001
600050
000002
600005
601628
601601
600028
600030
600000
000898
601939
601390
600596
601398
600026
601006
601808
601318
601857
601628
600005
000488
600016
601088
601006
000063
601398
600019
600598
000012
000428
601898
600737
600739
600050
600348
600900
601939
000825
600030
600050
601318
600000
600028
601857
000002
600900
600036
600674
600519
601628
600005
600761
000001
002054
600596
600309
601919
600600
600009
000895
000951
000917
000402
600132
601006
600089
000893
600026
600110
600122
600030
600664
600600
601088
601766
600000
601186
600028
600887
600048
600236
000860
600521
600125
600880
600392
600169
000651
000063
600388
601006
601628
600348
600036
600005
600050
000002
601318
601390
600037
601169
601666
601006
601919
600028
600016
000063
601088
601186
600111
000937
000568
600000
600123
601111
600325
000024
601398
000983
600030
000629
000525
000515
000566
601318
600627
002202
601169
600089
600739
600251
600050
601088
002183
600017
600351
000063
600816
600048
600352
000839
600030
600036
600000
601318
000002
600028
601628
600019
000568
600005
600050
600048
601166
601898
000063
600009
600585
000024
601857
600395
000822
601088
600000
600030
600028
002024
600309
000680
601318
600739
000718
600050
000001
000024
601666
000581
600058
600123
600426
600550
600089
000667
600028
601006
000839
600489
601666
600123
600880
000983
600037
600795
600009
600831
601919
600649
600050
600642
600251
600509
600886
600008
601699
600664
600026
600125
601318
600428
600029
600867
600674
600016
600874
600598
600881
000933
000939
600680
600030
601166
000893
600027
000652
601766
600004
600392
600717
600236
000027
600350
600269
000002
601111
000917
000001
000793
000960
000060
000878
600348
000975
601398
600708
601333
600963
600030
000002
601318
000623
000792
601088
600019
600598
000858
600005
601628
600050
601939
600028
600739
000895
600251
600036
002069
600519
600030
000002
601088
600016
600036
600000
600812
600216
000024
601169
600048
601166
601919
002048
000983
000488
601628
600123
600196
000001
600030
600316
000566
600050
000001
002183
600231
002161
601857
000002
601766
002005
600325
002252
600867
600790
600289
000818
601398
600161
601958
600971
600808
600028
000155
600348
601318
600111
000983
600478
000761
002242
601899
000950
600883
000525
002233
600376
600540
002128
600820
002036
600312
600750
600436
600141
600639
000972
600713
600963
600804
000727
000997
600078
000777
601390
000952
601999
600352
600100
002264
002109
002139
600195
000712
000783
000659
000338
002073
000790
600188
601919
600079
600162
600754
002060
600036
000731
000514
000581
601007
002147
600686
601168
000969
000515
600495
600255
000987
601939
000630
600527
600000
000837
600598
002095
600428
600362
600470
002230
000911
002251
600425
600395
601186
002164
600736
600268
000878
600019
600825
002003
600571
601002
600378
000960
002186
000728
600723
600088
000552
000759
600525
600631
000800
600838
600827
000617
600487
002191
600439
600729
000063
000893
600995
000839
600005
600004
600089
000680
600153
600189
600475
600596
600460
601628
600547
002063
600299
600469
600812
000705
000589
000836
600048
600489
600636
000661
002180
002008
002154
000917
600166
002054
000726
002177
002024
000002
000157
601919
601699
601088
000338
600036
601898
600005
601001
000527
600026
600031
601318
600596
601166
600348
600362
000069
600019
601186
600030
601939
600028
601088
601328
600005
601166
000002
600036
601318
000001
601766
600016
600050
601390
000063
601398
600585
600859
600005
601318
000002
000522
600997
600583
601390
600030
600598
000063
000729
600022
600348
600327
600649
600693
600000
601006
002251
000629
600036
600176
600000
600016
600019
600686
600123
600309
600600
600270
000061
600500
601898
601318
601398
600050
600196
000895
000515
601628
600616
002024
600009
600015
600150
600426
601166
600798
000002
601628
601088
600017
002024
600050
000069
600383
601318
600019
600750
601398
000046
000568
601166
600048
600036
600141
000063
600547
000002
600005
601088
600016
600000
000898
601318
600036
601398
601898
600019
000983
000001
601628
000063
601186
600585
600596
000024
601006
600036
002024
601318
600000
000002
000651
000568
601088
600423
000157
000825
601328
600050
600519
000400
600031
002152
600005
600019
000024
600519
600585
600036
000651
600048
601088
600428
601006
600150
600031
600309
002024
601328
000898
600026
600005
600583
601666
600761
601318
601898
600019
000002
002242
600596
000729
600875
000895
000761
600779
600582
600383
000709
000983
000423
000527
600320
600786
002251
000402
002029
600036
601166
601088
600779
000651
000983
601808
601699
600196
000972
600887
000538
600383
600015
600518
600750
000709
601318
600267
600867
600096
000898
601628
601919
002024
600036
000568
600019
600519
601318
600026
000002
600000
000063
000651
600048
600028
600585
601166
600030
000001
600050
600036
600028
000063
601186
600030
000001
000002
601318
601009
000983
601088
600875
000999
601628
600820
600641
600031
600895
600581
000709
600036
600596
600030
601318
601088
000792
000002
600519
600143
600251
600019
000402
600015
600309
601628
600028
600479
601857
600299
600050
601318
601628
601166
000002
601186
600030
600585
002211
600550
600028
600122
600830
600713
601390
000650
600050
000629
600737
600337
000024
601318
600000
600036
600015
600028
000002
000001
600050
600016
600030
000937
600325
600005
600019
601186
000822
601628
600048
601006
000528
600299
000800
000858
601318
600019
000002
601088
600583
600036
000792
600005
600000
600519
000709
600015
600030
600879
601186
600348
600900
600596
600309
000983
000002
000402
601088
000338
601166
600019
601898
601006
601186
000063
600036
600048
600307
600016
601328
601318
601666
601939
601390
002024
600030
600036
600050
600019
600550
600000
601398
601166
600016
000983
000937
000002
600111
601088
600048
601318
601186
600835
600089
601666
600312
600031
000422
000895
601919
601939
601628
600016
600030
601166
600000
000002
600036
600005
601398
600019
601318
600028
600048
600737
000488
600963
600428
601939
000917
601006
601328
000001
600062
000898
601006
000002
600019
600028
002024
601186
600325
601318
600036
601390
601808
601939
000402
601088
601857
601398
601766
601166
600037
601666
601318
600016
600036
600028
600019
000002
000898
601166
600585
600096
600005
600596
601857
000800
600030
000402
601088
000063
600299
600050
600036
600030
600050
600019
600028
601919
000063
601009
600005
600690
600812
601939
000159
601186
000707
601898
601318
601111
000755
000972
601398
600016
601898
000069
600000
601186
600005
000002
000898
600031
601318
600019
600585
000729
600348
000063
601628
600001
600895
600036
600631
002024
002261
000024
600383
601166
600547
601318
600276
600831
002028
002232
000538
000899
002264
600036
000063
000400
000069
600312
601186
601919
600030
600019
600050
000623
600001
000709
600739
601186
000002
000001
601628
600383
600037
600000
600005
601898
000063
000729
000898
600519
002024
600585
601006
601166
600036
600456
002022
000898
000807
002028
600019
601088
002153
600583
601601
600271
000002
600761
000024
000002
600026
002024
600005
000001
000157
601919
601318
600439
600031
601628
600050
600030
600075
601166
601699
601898
000024
600019
600426
601628
600000
601318
000002
000012
600016
000568
600030
002024
600048
600550
600309
000069
000825
000983
600005
000538
600879
000001
000423
600016
600036
600000
601919
601318
600019
000002
601628
601666
601088
601898
600005
600123
000839
601186
601398
600196
601001
600600
601390
000800
000858
600690
600596
000527
600688
000402
000933
000401
600660
600686
000629
600031
600036
601006
000069
600837
000002
600806
600831
601166
601919
601328
600516
600030
000707
600000
600966
600867
000952
600037
600016
600029
000898
600406
601006
601628
000001
000069
601318
600050
000063
600150
600547
600997
000937
600026
000968
600725
600489
600283
000917
600674
601699
600270
600141
000983
600125
600348
600635
002241
600000
600118
600547
002123
601857
600582
002152
600028
002244
600517
601919
000568
600050
601169
600489
600867
600519
002151
600276
002122
600315
000538
600009
601088
600588
000061
601006
600030
000063
600354
000028
002161
600202
601318
601001
600028
600100
600547
600153
600150
000709
600005
600036
601088
601628
601169
601398
600016
601857
600019
600383
000983
601166
600547
600489
600016
600000
601166
600036
600030
000422
600100
000002
601628
600251
000792
600216
000024
600867
000612
600519
600837
000060
600812
000707
600036
600000
000858
600030
601318
000063
601628
600636
600550
000759
600005
600282
600016
000024
601006
600469
601088
600177
600195
600801
600036
600000
601088
600050
600030
000002
600005
002024
600550
000001
601628
000898
600016
600348
601006
600519
000527
600516
000568
601390
601318
600016
000002
600050
600585
600196
000869
600000
600309
000898
000061
600015
600005
601939
601601
601328
000983
601186
601766
000895
600875
600089
002262
002268
600517
600415
002024
600267
601088
600583
600858
000759
002007
601186
600795
600269
600519
002269
600410
601766
601666
600202
000629
601166
600005
600028
000729
600809
000783
000069
000858
600016
600050
601006
600015
600351
600519
600312
601919
000983
600000
600016
000001
600348
601186
600015
601333
600028
601318
601398
000069
000898
600231
000629
600713
600089
600547
601006
600125
601939
601808
600880
000983
600048
600896
600519
000028
000848
600050
000568
600005
600900
000599
600030
601328
600102
600271
000063
600269
600674
000002
600290
600100
601919
600036
600830
000932
600050
600875
601001
600469
600030
601318
000599
600348
601088
600383
000001
600641
601166
600748
000983
000983
600309
601088
600019
000002
000800
000063
000878
600050
600005
600362
000402
601186
600030
000898
000960
000024
601390
601006
601666
601398
600005
601088
601919
600519
601328
600309
000983
600737
600036
601186
601898
002024
601318
600895
600649
600019
000698
600879
600428
601318
600036
601186
600015
601088
600997
000063
002008
002080
600251
600426
600276
600100
000002
600582
000987
600000
601939
000061
600019
601628
002028
000895
000651
002022
002194
600583
600005
000527
600585
002024
000792
600820
000069
000422
600111
600312
600391
000910
600456
600550
600395
600143
600030
600879
600089
600323
000819
600880
600009
600352
000001
600054
600804
600188
000028
000568
601006
600570
600649
600348
600888
000012
600845
600588
600600
002038
601390
600004
600550
000060
000612
000933
601006
601318
600879
600880
000402
000550
600266
600694
600141
000002
000839
600585
600320
000063
601808
601169
000024
002123
000568
601628
002244
000999
600880
600518
000513
600169
600048
000848
002032
600693
600486
002258
600202
601318
600739
000629
600036
601919
600030
600019
600519
000898
000002
601088
000792
600031
601390
600737
601166
000401
601398
000527
000839
600000
600036
600089
600406
000651
000001
600153
000002
600997
600439
601898
000063
601398
600030
600525
000159
600582
002024
601328
601006
600030
000002
601398
600036
600005
600000
600048
600015
600019
601628
600016
000063
600050
601766
600028
601857
000983
600835
601088
601186
600031
601006
601318
600583
000937
600089
600519
600036
601628
600019
600015
002024
601601
000651
601318
600519
601390
000402
000983
000002
600030
601088
600028
600717
600069
600050
601333
000001
601628
600348
601318
601006
601088
601186
600361
002110
000983
000069
600028
600269
600000
600309
600143
000402
600511
600596
600900
600005
601766
600875
000792
601939
600026
601808
601088
600415
600028
601186
000651
002024
600176
601006
000422
600694
600325
600089
601390
600050
601390
600015
000002
600019
600739
600598
601919
601898
600030
600048
600585
600188
600005
600000
000402
601958
600028
000012
600426
600036
600030
000726
600000
600886
600089
600048
600795
601186
600195
600269
601006
601318
600028
600664
600309
000002
002078
600660
601628
601766
600050
000860
600495
600879
601169
000768
002264
000012
601919
002218
000027
000069
002249
002238
000933
600000
600348
000758
000069
600550
600036
000001
600030
600309
000063
600138
600308
600050
600895
600362
600779
600219
002083
600005
600028
600030
600036
000002
000001
600325
601009
000903
600997
600581
601186
601318
600015
600677
000983
600569
600019
000999
600612
600875
000002
600030
601318
000792
000623
601088
600019
600050
600005
600598
600739
000858
600036
601628
601939
600519
000895
600251
601898
601857
000839
601318
601166
600037
000983
600048
600737
600267
601699
000898
600030
600096
600196
000012
600518
002202
600036
000972
600962
600348
601398
600030
601088
600886
601628
600016
600795
000898
600050
600048
600832
600015
601318
601186
601390
600251
600616
002007
000759
002088
600036
600406
600628
600808
000927
600028
000400
000002
600320
600066
600009
002216
600812
600895
000800
601766
600219
600031
600754
601666
600820
600585
000063
000060
600664
600649
600690
000933
600036
600089
601398
600585
000425
600016
601318
000063
600547
000002
000983
601088
600729
000709
002008
600028
600426
000858
000999
000758
600030
600050
601919
600739
000039
600028
601318
600690
600816
600875
600887
600737
000562
600674
600550
000623
601006
600123
000651
600016
600519
600000
000917
600048
600348
000400
600016
600089
600271
600030
600880
600028
600607
000402
601318
600216
600449
600125
600050
000983
600415
601333
600395
000860
000063
002244
600795
600879
000001
000983
601088
000568
600000
601006
601186
601318
600216
000069
000063
601939
600875
000402
000898
600030
600519
600309
600549
600102
000963
600900
600348
600030
600320
600426
601398
600660
600428
600887
002008
000983
601857
600050
600299
601006
601088
600000
600009
000837
600036
600030
000002
600585
600000
601898
000937
600519
601186
000792
600019
000933
601006
601628
600015
600050
000858
000895
000825
601398
601766
600016
600547
601988
601390
000717
600598
000898
601088
000402
601166
601857
601318
600737
600048
000568
600533
600123
000538
600616
600900
600717
600028
000002
600188
000878
600674
000581
600005
000898
600219
600415
600036
600963
601318
000690
600875
600141
601088
600238
600030
000002
600036
600050
601398
600030
600005
601857
601318
000063
601390
600028
000937
601006
601919
002024
000629
000612
601186
600426
600835
600428
600963
600717
000069
600320
601088
600030
000963
600426
601699
600219
600694
601398
600887
600718
000837
600050
000983
000060
600423
601318
000001
600030
600585
600028
600795
600048
000002
600036
000063
000024
000157
600100
601939
600236
000911
600887
601766
600312
600547
000932
600036
600000
601628
601088
000001
600030
601169
601601
600028
600804
600100
600188
600050
000825
601166
600005
600019
000063
000002
000012
601398
600000
600664
600030
002122
600048
600036
601186
000629
600089
000759
601390
601318
000895
600269
600820
600880
002252
601006
000002
000401
600875
600036
600050
000002
000063
000568
601318
600000
601390
601088
000800
600005
000898
000937
600585
600028
002024
000709
601808
600048
600026
600036
601088
000983
600030
600000
000898
000422
000002
600028
000001
600019
600100
600997
600282
600739
600005
000858
600048
601318
601628
601169
000677
600409
000707
601186
000792
600426
000800
601939
600685
600017
000960
600251
600029
600616
600655
600547
600307
600830
000612
600875
600005
000002
600019
000651
600000
600009
601808
600362
600415
600176
601088
600030
600748
600036
600352
600970
600694
000063
000001
600036
000002
000651
600325
600428
000488
600019
600519
601318
600202
000024
002048
601088
601808
000709
002106
002029
600016
600518
600050
600550
601318
000063
601601
600815
601628
000002
600030
600100
601186
600037
000501
600000
600598
000858
000422
000825
600048
600177
600050
000001
600019
600005
600036
000002
600596
601919
601186
600048
600348
601318
600000
601628
601398
000024
000651
600029
600150
000063
600000
601318
000002
601186
600030
000001
600795
600050
600031
600122
000159
601006
000709
000024
600737
601088
000800
600362
600037
600177
000629
000569
600519
000515
002024
000651
000002
000527
600867
600383
600036
601006
600048
000983
002123
000069
600030
600325
600031
000089
600588
600035
600000
600054
601666
002038
600030
601398
600016
000783
600036
601939
000002
601006
600015
600835
600048
601628
600000
600031
600005
600239
600019
000562
600202
600383
600005
601328
000983
601318
000002
600036
600519
601766
000024
600016
000400
600000
601088
600547
600062
600489
000027
000895
000527
600028
600050
600005
601318
600000
601088
600028
600036
000063
601666
600739
601398
000568
000709
000651
601857
600583
600016
600019
600015
000402
000858
601898
000069
601088
601169
000002
600519
600036
601318
601857
000898
600320
000402
600739
600019
601333
601186
000039
600787
600547
601088
600036
601318
600519
600009
600000
000002
000983
601898
601398
002024
601939
600030
600188
600028
600251
600439
600309
600005
600737
000858
600036
600050
601318
600030
601166
601088
600500
000538
000917
600031
002024
002202
601006
601939
600519
000839
601398
600428
000338
600030
601628
000061
600000
600028
600036
000002
000983
600737
601398
601601
600050
000031
600048
600550
601169
000623
000402
600019
600486
000024
600426
601186
000063
600036
600030
600005
600000
601318
600050
600019
000002
000001
601166
601666
000983
000612
600519
000800
601088
601699
601186
000157
000024
601318
601166
600383
600308
601628
600875
600028
000878
600100
601001
601088
600748
000831
601169
000960
600674
601186
600036
000932
600550
601398
600019
000002
600028
600000
601939
000402
600036
600585
600005
601166
600686
601857
600519
000651
601088
600900
000024
601988
601169
600089
000951
000001
000629
601006
000729
000612
600058
002024
000046
600027
600795
600717
601318
600970
601808
600269
600011
600188
601628
600350
000539
600886
600087
000792
600048
601009
000717
002078
600879
000878
600022
600202
600009
000401
600169
000338
600801
000039
600153
601318
000024
600048
601390
601088
600348
000069
000568
601898
000423
000157
600383
000063
601006
000933
600631
600299
600000
600195
000895
600000
601898
601398
600016
000024
000402
000792
000002
600036
600596
000001
000858
000061
000898
000568
600519
601186
000983
600019
600631
601318
601628
600015
600036
600019
600028
000002
601601
600050
600030
000898
000911
600383
000402
601006
601088
000858
600005
601390
600037
000983
600467
600887
600309
601898
600694
600001
600675
600000
000758
600598
600361
601088
600030
601318
601398
000858
600005
000063
600036
601186
600026
600009
600048
600383
600859
000338
600517
600547
600309
600089
600664
002122
600801
600019
600028
601166
600030
600383
600000
601919
601939
600036
601318
600900
600015
600997
000898
601088
600028
601628
600026
000983
000568
000157
000800
600036
601318
600030
600000
600005
600028
601628
601939
600089
601919
000423
000063
000983
000568
600557
000895
600315
600425
600586
600517
600015
600030
601318
600000
600019
000858
600005
600383
600050
601398
601166
000768
000002
600036
600028
601628
000061
000937
600523
000983
600030
600028
600050
600036
000002
600019
600830
600499
600267
000629
600029
600858
601088
000402
000063
600354
002052
600598
000878
601898
600895
000933
600839
601111
600795
601601
600655
601857
600685
600438
600467
000898
002001
601318
601169
600141
601919
601600
000792
600391
000581
600897
600016
600036
600019
601398
601318
000629
600000
601088
601898
000002
600600
600005
601919
601006
600686
600123
600176
601666
000898
600717
601318
600000
000002
600036
000001
601166
601628
600030
600737
601857
600048
000858
601088
600363
000709
600383
600050
600005
600997
601009
000532
002202
600624
000024
000972
600630
000839
000599
600016
600846
000612
600210
600408
000718
000969
600078
601398
600348
600096
601169
600519
600028
600029
000911
600015
000401
600598
601666
600837
600141
600488
600596
600196
000878
601328
600289
600469
000525
600423
002024
601699
000898
000069
000006
600674
000792
000566
600352
600540
600547
600694
600201
600489
000553
600031
600001
000933
600415
600663
600075
600499
000860
600550
600107
000565
600226
601601
600067
600117
600845
600007
600557
002041
600325
600362
601111
000729
600100
000568
600470
000900
600162
600405
000869
000955
601588
600351
600529
001696
000717
600740
002024
600519
600456
600585
601006
600196
600596
601398
000898
002007
002028
600271
600036
601166
002088
002003
600327
600315
600880
600557
600016
601169
601006
600015
000568
600087
600036
002024
600717
600026
600005
600238
600694
600519
000002
600415
000001
601318
600030
000088
600327
000987
600428
600000
600050
600030
000002
600000
601088
000063
600028
600019
600050
600036
600100
601166
000983
600048
600748
601939
601766
000912
600439
000858
600963
600360
601318
601006
600050
600519
601628
600900
601898
601088
600028
600037
000002
601939
600015
600009
600030
600036
000538
601328
000858
000983
600000
000568
000898
600005
601318
600026
000800
600036
600030
600048
000651
601088
600028
000933
600009
000792
600596
600111
600395
000822
600019
600030
000002
601628
000792
000527
601088
600519
600015
000858
600005
000912
601898
600690
000839
601390
600009
601186
600739
600028
601186
601318
600036
600519
600887
601699
600779
601166
600015
601766
000401
601666
000729
002269
000895
000651
600089
600383
002251
600005
000983
600019
002215
002202
000999
601006
601333
601808
000538
600315
601001
600028
002038
601328
600859
600406
600479
000848
601601
600019
601628
600816
600015
601390
600028
600036
601088
600325
600519
000667
000568
601318
002024
600030
000858
600361
000402
600582
600050
600000
600036
600019
002001
600216
600875
601088
000983
601318
600631
600598
600028
600639
600026
600737
600048
601186
600267
600585
000402
601898
000528
600050
601088
600585
000069
600887
600030
000002
600036
000933
600069
000807
600489
000024
600859
601601
000758
600971
601318
000926
002024
600804
000024
600583
600875
600000
600519
600428
600009
000968
600030
601009
600596
002128
000718
600779
000157
600089
600028
601857
600036
600005
601318
600015
000983
600000
600030
601898
601088
000002
601006
000001
601666
601328
600867
601398
000063
600016
000002
600036
600026
600000
000063
601186
600005
600009
000898
600048
600030
601939
600028
600383
601318
600011
601398
601628
600547
000024
000960
600026
000839
000878
601318
600030
000822
600997
600028
600585
601666
600717
601186
000969
601088
601600
601699
601899
600550
600357
601088
600036
000937
601318
000878
000069
601001
601898
601166
601628
600585
600048
002024
600428
600030
601186
600050
600859
600325
600005
601939
000063
002024
600036
600031
000651
600016
601166
601318
000002
600309
600005
000983
600122
600028
600779
600660
600600
002032
000898
600019
600030
000024
600266
601328
000792
600066
000157
600009
600519
002008
600737
600547
600348
000527
600973
000528
600456
000402
600352
600596
600022
600216
002003
000709
600011
000538
600886
600271
600026
600143
600276
600895
601001
600312
601628
601169
601390
600795
000423
000800
600048
000089
600547
600153
601318
600150
600030
000709
601001
600997
601166
000667
600005
600050
600036
600804
000001
600266
600256
600100
600489
600655
