2759
000063
600009
600900
000895
600000
000088
600309
600519
600269
600005
000069
600383
000900
600016
600616
600549
000792
000402
600887
000933
600519
600009
600036
600019
600269
600050
600900
600028
000983
000895
600795
000069
000898
600005
600016
600597
000423
000858
600879
000866
600420
600009
600900
600309
000063
600383
600036
000895
600519
002024
600428
600000
600005
000933
000792
600269
000022
000900
600016
600585
000402
000538
600309
002024
000039
000792
600009
000063
600036
000069
600019
000983
600058
600900
600269
000900
600005
600012
600028
600717
600000
000895
000912
600887
000970
600029
600320
002025
000402
000539
000866
002012
600428
000898
600348
600879
600033
000022
600036
600009
600016
600832
600594
000983
600500
600005
600026
600028
000039
600151
600269
600019
600050
600900
002007
600628
600018
600033
600202
600098
000423
000895
600029
600309
600416
600519
600320
600900
600019
600028
000002
600016
600000
600636
000895
600123
600030
600036
000839
600160
600963
600628
600642
000541
600196
600415
600027
000063
600019
600036
600009
000527
600050
000402
600028
600428
600029
600000
600717
600005
000002
600900
600519
600269
000829
600886
600030
600036
600717
600900
600320
600377
600418
000895
000069
002024
000063
000983
600000
600019
600415
600271
000866
600123
000792
600879
000898
600019
600028
600050
600036
600005
600900
000002
600016
000063
000022
600009
600694
000069
600269
600018
000402
600795
600717
000983
000895
600019
600050
600028
000002
600036
000063
600177
600795
000932
000581
000983
600009
600005
000088
600688
000402
600428
600900
600383
000858
600019
000063
600900
600028
600309
600036
002024
000932
600269
000088
600009
600005
600688
600050
600011
600519
000002
600016
000792
000895
600028
600029
600855
600582
600150
600036
600900
000983
600202
600002
000911
600026
600467
600563
000759
600011
600118
002031
600536
600016
002023
600688
000927
000410
600588
600361
600050
600289
600795
600497
000731
600028
600019
600900
600036
600016
600320
600050
000063
600583
600018
600330
000002
600011
600309
600269
000900
000402
600887
600271
600005
600694
600519
600418
000970
600037
600660
000088
600795
600009
600361
600299
600000
600114
600050
000063
600019
600000
600660
600900
000581
600028
600970
600016
000898
000402
000069
600688
600018
000983
000423
000960
000858
600005
600150
600005
600269
600050
600033
600015
600012
600028
000898
000002
600019
000022
000027
600887
600795
600085
000858
000932
600350
600018
000983
600019
000817
000618
600900
600015
600418
600009
600320
000970
600002
600299
000763
000027
600887
002024
000900
000002
600018
000930
600269
600420
600900
000063
600009
600549
000792
000060
600019
600000
600660
600642
600028
000088
000983
600596
000039
600557
600332
000630
600016
600276
600050
600026
600036
600580
600019
000002
600028
600009
600377
000900
600005
000069
600900
600016
000581
600037
000061
000630
000876
000063
600269
000983
600887
600717
600019
600900
600005
000039
600000
600050
600104
600009
600832
000900
600028
000983
600600
600029
000839
002028
600012
600177
000488
600123
600900
600005
600036
600028
600019
600887
600320
600009
600050
000063
000039
600660
000069
600018
600456
600415
000898
600030
600269
000002
000866
600205
600795
600694
000618
600060
000900
600182
000402
600837
600033
600688
600089
600066
000022
002039
600005
600019
600036
600026
600018
600415
600000
000817
600795
600628
600900
600002
000852
600028
000488
000581
600050
600009
600535
600019
600036
000858
000063
600002
600900
600795
600583
600887
600642
600350
600018
000651
600009
600660
600717
600500
000895
600600
600010
600028
600036
600019
600050
600269
000792
600519
000039
600887
000402
000538
600694
600583
600009
000063
600309
600328
600299
000002
000858
000088
000155
600202
600271
600000
600900
000869
600085
600008
600547
600015
600832
600161
600674
600151
600320
600269
600050
000538
600033
600005
600036
600019
600009
000039
000002
600271
600694
000402
600519
600015
600309
600026
600299
000900
600019
600900
600309
600036
000069
000402
000039
000538
600018
000900
600519
600028
600320
600005
600887
600660
600050
600123
600104
002025
000792
600269
600019
000157
002041
600438
600026
002021
000933
600050
600875
002023
002037
600475
600426
600002
600011
000630
002028
600320
600660
000726
600216
600005
000866
002025
600348
000581
600123
600309
600036
600512
000911
600302
600096
600832
002034
600580
002026
002045
600066
600196
600009
600308
002032
000825
002031
600469
600153
600198
600900
600012
000825
600005
000629
600036
600717
600027
000866
600019
600887
600837
000027
000089
600600
600472
600970
002039
002045
002047
600900
000088
000069
600717
600020
600009
600085
600012
600019
600267
000022
000538
600519
600350
600436
000402
000858
600033
600000
600036
600005
000937
600535
000002
600529
600436
000538
000069
600583
600361
000937
600438
000848
002024
600012
600418
600616
600125
600066
600035
600350
000617
000932
600383
600009
600428
000022
000559
000898
600519
600694
600019
000063
000069
000002
600012
000538
600717
600350
600028
600887
600036
600642
600037
000039
600016
000088
600583
600361
000069
600900
600020
600009
600795
600012
600011
600350
600019
600717
600018
000088
000022
600010
000063
000402
000858
600005
600000
600519
000063
600019
600028
600050
600694
000402
600350
600900
600642
600016
600428
600600
600320
600863
000759
600018
600795
600276
600479
600085
600019
600029
600028
600050
600000
000063
000039
600005
000625
600009
600900
600036
000002
600535
600002
600104
600015
600887
000866
600348
600016
600597
000538
600519
600269
600050
600005
000930
600019
600028
600795
600900
600002
600330
600036
600886
000402
000866
600016
600009
600087
600832
600383
600327
600305
600011
600271
600075
600588
000581
600835
600360
600000
600205
000839
600015
600308
600362
000898
000422
000956
600415
600628
000895
600012
600018
000027
600367
000858
600598
600019
600050
600900
000069
600519
600016
000063
600036
000983
600361
600879
000937
600089
600597
000157
002024
600269
600028
600694
000088
600900
600036
600019
600050
600016
000069
600009
000983
600879
600028
000063
600005
600694
600269
000792
002008
600037
600361
000402
000937
000997
600406
600125
600018
600795
600597
000088
600519
600660
000895
600880
600150
002024
002039
000002
600900
600019
600005
600009
000423
000069
600050
600415
000898
600825
000024
600125
600036
000063
600028
600739
600795
000900
600269
600887
600028
600900
600005
000063
600050
600036
000002
000027
000792
600009
600316
600694
600018
000568
600000
600887
000983
000024
000538
600320
600900
600009
000063
600216
000651
000997
600026
600036
000792
002019
600592
002032
000528
600415
600438
600410
600005
600172
600050
600495
600011
600028
000860
600019
600352
000858
600050
600970
600019
600011
600519
600694
600037
000839
000538
600104
600276
002023
000039
600328
600309
600036
000898
600031
600628
600585
000063
600900
600320
600583
600028
600519
600887
600660
000402
600269
000617
600547
000900
600642
000069
000970
600970
600036
600636
600879
600858
000538
600050
600309
600470
000852
600019
600123
600694
600616
600628
600399
600011
600012
600900
600000
600050
600028
600583
000063
600887
000402
000900
600550
000088
600694
000538
600019
600970
600320
600309
600642
600834
600697
000027
600216
000983
600399
600591
000001
000617
600169
600900
600019
600028
002001
600036
000792
600005
600123
000063
600887
600016
600009
600143
000895
000027
600519
600309
600549
600011
600426
600276
000069
600029
600348
600096
600583
600308
000488
600002
600296
000022
600026
000617
002025
600050
600085
000002
000900
000088
000933
000898
002024
600886
000422
600660
000630
600591
600033
000063
600320
000898
600900
600019
002024
000069
600028
600096
000022
600029
002020
600018
600269
600585
600383
600000
600011
600009
600276
600028
000039
000063
600019
600320
600002
000069
600428
600383
600688
600900
600271
000866
000024
600309
600348
600018
000002
600030
600026
600028
600320
600309
000951
600019
600900
600761
600018
000039
600036
600002
600030
000088
600875
000027
000866
000063
600348
600037
600150
000039
600002
000927
600019
000786
600005
000100
600583
600482
000401
600028
000063
600036
600018
600029
600030
000088
600585
600428
000651
600685
000726
600320
600500
600320
600309
600018
000063
600009
000039
600900
600019
000069
600036
600000
600050
600028
600037
000951
000617
600428
600642
600004
600016
000100
600176
600011
600150
600786
600832
600202
600019
600028
600900
000002
000063
600005
600036
000866
600009
000088
600050
600018
000792
600583
000039
000898
600011
600002
600016
600004
600096
000895
000983
600636
600000
000900
000402
600642
002024
600519
000069
600320
600426
600098
600005
600143
000002
600002
600004
600028
600050
002024
600019
600036
000581
600085
600761
600879
600420
600196
002038
600361
000866
600717
000858
600795
000402
600533
600037
600026
600299
600028
600002
000866
600019
600320
000002
000898
000792
600660
600104
000402
000983
600596
600005
600299
600330
600406
600418
600009
000651
600426
600383
600309
000960
000039
000060
600970
600900
000400
600269
600761
600636
600037
600150
000900
000012
600010
600000
600832
600036
000625
600050
600312
600177
000726
000550
600550
600533
600018
600900
600009
600694
600018
000900
600795
000088
600000
600269
000402
600016
600886
600348
600660
600035
600438
600717
000858
600036
600012
600026
600887
600350
600519
000895
002024
000619
000027
002041
600002
600428
600616
000911
600406
000983
000898
600299
600320
000063
600548
600488
600825
600649
600123
600835
600270
000905
600309
600050
600019
600900
600005
600036
000063
600028
600009
000792
000630
000069
600583
600636
000002
600018
600320
002024
600000
000088
600331
600016
600160
600205
000898
600309
000617
000022
600428
000895
000039
600519
600004
000825
000858
600216
600970
600460
000625
000866
600085
000538
600362
600028
600348
002007
000002
000581
600050
600439
600029
002046
600535
600005
600428
600020
600583
000039
600795
600320
600143
000024
002050
600050
600019
000932
000002
000858
000088
600036
000039
600011
000027
600900
600795
600008
600001
600016
600004
600005
000063
600058
600642
600019
000002
600011
000932
600050
600900
000063
600028
600309
000858
000039
600320
600005
600418
600020
000088
000983
600104
600036
000423
000898
600018
000629
600058
600642
600269
600360
000559
000763
600026
000061
000402
600874
000625
000618
600428
002001
000726
000503
600583
600863
000027
600096
000839
600886
600000
000866
600415
600009
000651
000792
000900
600519
600460
600016
600019
600269
600005
600050
600900
600320
000858
000039
600519
000792
600028
600125
600309
000063
600549
000069
600143
600406
600584
600029
600028
000002
600036
600011
600050
600019
600188
000410
600900
600030
000423
000021
600004
600660
600000
000520
600150
600202
600005
000911
600631
600688
600642
002001
000063
600583
000069
000960
000581
000983
000002
600348
600694
600036
600900
000898
600269
000039
600028
000630
600009
600015
600020
000900
000866
600123
600002
600519
600005
000423
000541
600717
000726
600018
600863
600019
000933
600616
600971
600361
002025
600033
000022
600887
600383
600331
600879
000024
000869
600019
000063
600050
000898
600688
600018
600900
600028
000402
600016
600000
000581
000423
600660
000875
000858
000069
600519
600150
600002
000063
000069
600688
600018
600028
600019
600900
000898
600050
000402
600016
000858
000581
000423
600026
600009
600033
000875
000829
600002
600028
000063
600900
000900
600005
600009
600018
600795
000039
600269
600350
000970
000690
600036
600026
000027
600011
600787
000933
600834
600050
600019
600410
600026
600415
000063
600426
600005
600489
600971
000541
600330
000822
600028
000731
600096
600271
600123
000729
600887
000002
600009
600019
600033
600012
600320
600050
600583
600269
600015
000858
600383
600642
600036
600887
600519
600688
600066
000088
600900
600583
600033
600019
600269
600012
600050
000002
000858
600688
600066
000541
600642
000063
600808
600383
600015
600887
000423
600085
600000
600019
000063
600036
000002
600320
600028
600016
600009
600383
002024
600660
000858
600050
000022
600900
600011
600832
000866
600060
600085
600019
600050
600009
000858
600028
600018
600005
600900
000983
600029
000039
000792
600886
600037
600008
600428
600519
600642
600104
000402
600011
600320
600521
600309
600026
600018
600269
000895
600009
600328
600019
600271
000402
600616
600008
600016
000898
000027
600270
000826
600825
000063
000900
000662
000022
600521
600050
600098
000617
600006
600309
600383
002012
600058
600660
000978
600900
600028
600887
000063
600583
600019
600970
600018
600636
000568
000898
600036
600428
600009
600309
600050
600269
600879
600098
000792
600717
600016
600616
000858
000088
600787
600470
600096
000488
600033
600832
000930
600004
000157
600011
600002
600000
600316
000581
600660
600399
000538
000069
600547
600005
600050
600019
600028
600000
600900
000402
600009
600087
600036
600886
600308
000060
600012
600327
600271
600588
600835
000930
600330
000898
000662
600002
600258
000937
600636
000755
600592
600269
600016
000422
600436
600598
600205
600367
600418
000513
000528
600183
600309
600519
000581
600015
600006
600415
600320
000027
000002
600123
600018
000989
600153
000825
600160
002024
600188
600383
000839
000895
600423
600316
000800
600488
600360
600475
600019
600900
000402
600036
000895
000063
600717
600694
600583
600009
002024
000039
600406
600028
000858
600012
000898
000983
600557
600016
600521
600028
600009
600900
000970
600834
000027
600050
600005
000061
600269
600660
000852
600000
600642
000858
000919
600019
000895
600418
000581
000888
600019
600028
000898
600036
000002
600050
600005
600900
600011
600016
000088
000061
600348
000063
600000
000539
600879
600887
000027
600004
000630
000039
000618
600009
000729
600089
000817
600316
002041
600978
000024
600688
600098
600015
000069
600795
000780
600383
000983
002001
600497
000581
600694
600143
600058
600067
000662
600050
600028
600900
600009
600269
600033
000063
600642
600795
600717
600018
600708
600008
000900
600012
000089
600005
600350
000541
600000
600549
600900
600436
600585
000690
000869
000099
600331
600323
600096
000900
000888
000061
600009
000792
600054
000488
000402
000538
600583
600320
600028
000402
600036
600887
600519
000063
600900
600016
600694
000895
600269
600033
600299
600456
600583
600123
600858
600350
000002
600028
600660
600795
600308
600005
000402
600050
600270
600177
600036
600011
600761
000063
000866
000541
600900
000625
600415
600535
600628
600596
600508
000677
600019
000581
600205
000937
600271
600320
000895
600085
600009
000763
600717
000002
600601
600837
600060
600332
000513
600970
600361
600036
000063
600270
600859
600660
600887
600900
000423
600035
600761
600583
600267
600028
600809
600050
000759
000069
000869
600636
000063
600160
600519
600028
000002
600019
600900
000069
600694
600036
600887
600383
600320
600000
600688
600016
600123
600050
600547
000792
000031
600183
000983
600519
000858
600583
600406
600361
000900
000538
600628
600787
600033
600761
600008
000792
600348
600521
600276
600125
600900
600811
600009
600085
600519
600085
000060
600000
000063
600009
600717
600331
600547
600005
600795
000538
600036
600320
600270
002024
600900
000402
000002
600016
600875
600550
600694
600050
600900
600016
000002
000898
600019
600036
600005
600887
600875
000063
000089
600018
600004
600418
600362
000630
000729
600787
600547
600028
000002
600019
600009
600050
600000
600900
000063
000895
600600
600036
000651
600383
600015
600033
000900
600010
600031
600085
000763
600000
000488
600009
000063
600519
600188
600123
000792
000726
000002
600104
600033
600717
600642
600660
600309
600591
600012
600011
600096
600018
000983
600361
600886
000866
000027
002025
600795
600348
000423
000022
600428
600177
600383
600489
000527
600787
600900
600009
600019
600050
000002
600029
600005
600028
600036
000039
600309
600855
000063
000157
600330
600058
600717
000858
000792
600519
600028
600036
600000
600585
600002
000539
600835
600019
600549
000755
600350
600660
000895
600066
600011
600631
600535
600309
600588
600596
600636
000898
600642
600600
600030
600302
600592
600018
000927
600832
600050
000513
000623
600270
000581
600718
600879
600825
600012
600900
600050
600028
600104
600600
600019
000024
600018
000429
000625
000898
000541
600642
600591
600036
000911
000866
600123
600011
000063
000002
600887
000937
000539
000089
000651
600900
600009
600028
600583
600019
000022
000002
600519
600018
600012
600033
000983
000423
600320
000541
600005
600269
600887
000063
600050
000729
600096
600383
600188
600085
600834
600036
600428
600317
600383
000088
600694
600320
000933
600886
600269
000792
000063
000581
600436
600535
600585
600418
000157
000539
000726
600596
600549
600399
000869
000970
000520
600078
600309
000002
600456
600591
600096
000937
600400
600616
000989
600809
000538
600600
600125
000012
600971
600143
000876
600271
600406
000983
600361
600296
600887
000625
000024
600824
600059
000911
000022
600832
600628
600729
002024
600475
600018
600125
600029
000895
600008
600089
600795
600320
600642
600377
600900
000625
600585
000002
000866
600323
600066
000898
600019
000063
600900
600036
600028
600050
600018
000088
000858
000002
600037
600009
000063
000960
600308
600019
000983
600026
600033
600596
600350
600320
000541
600383
000423
600361
000538
600258
600002
600362
000069
600296
600591
600008
600050
002025
600004
600005
600012
600026
600900
600299
000063
600591
600177
600308
000089
000037
600089
000939
600966
600029
600879
000100
000488
000422
600761
600350
600333
600074
600183
600970
600386
600071
600036
000513
600635
000911
600028
000792
000895
600008
000012
600312
600309
600585
600594
600305
600030
600519
000912
000930
600978
600550
600037
600489
600874
002034
600323
600717
600271
600302
000598
600660
600018
600835
600036
600000
600005
600028
000002
600019
000063
600694
600016
600320
000039
600428
600009
000817
000792
000538
600018
600020
000930
000763
600436
600377
600993
000063
600050
600028
600019
600183
600036
600018
600900
600029
000012
600428
600026
600188
600754
600004
000002
600497
600547
000900
600276
600005
000898
600009
000869
000726
600383
600320
600012
000581
000623
000933
600717
600289
600037
000866
600196
600020
600583
000513
000731
600875
600887
600488
600118
600795
600827
000088
600350
000983
600600
600282
600361
600011
600000
600886
600177
600002
002028
000956
600085
600258
000858
600631
000911
600832
000069
600267
000888
600016
600089
000817
600598
600125
600299
600406
000758
000729
000619
600493
600580
600054
600596
600027
600098
600033
600332
600150
600971
600309
002041
000792
600019
600550
600050
002025
600150
000538
600519
000402
600320
600123
600289
600583
600085
600261
600009
600600
600348
600036
000488
600580
000825
600151
000869
002028
600183
600269
600858
600000
000970
600008
600832
600438
600019
600028
600036
600050
000089
600020
600002
000527
600018
600029
600900
000866
000550
600104
600686
000800
002023
600123
000919
000768
600028
600029
600019
000002
600900
000063
600005
600000
600887
600009
600036
600050
000069
000792
000027
000024
600320
600858
000726
000895
600309
000898
600016
000651
000866
600026
600519
000039
600270
600331
600033
600002
600591
000987
600875
600280
600205
600330
600060
000983
600298
600694
600361
000402
600015
600588
600327
600688
600104
600008
600258
002008
600332
600832
000550
000625
000617
600383
600221
002022
600001
002001
600269
000937
600812
600004
