2109
600900
600009
000792
600309
600585
600005
600050
600887
600018
600019
000911
600694
600583
000088
600066
000002
000866
600519
000895
000538
600399
000063
600900
600825
000983
600019
600688
600036
000002
600005
000039
600100
000022
600026
000518
600519
600309
600481
000895
000937
600717
000069
600050
600900
600009
600028
600309
600428
000983
000792
600036
600016
000063
000866
600519
600104
000960
600887
000898
600207
000623
000039
600895
600050
600009
000002
600000
600236
000581
000763
600688
600019
600029
600884
600591
600880
000068
600002
600607
600475
600031
000400
000089
600085
600183
000532
000039
600348
600055
600188
600104
600016
000960
600291
600296
600519
000731
000515
600036
600710
600879
000727
600177
000425
000792
600500
000511
000402
600096
600585
000898
600497
600308
600019
600900
600050
600642
600028
000726
000488
600002
000983
600096
600207
600026
000400
600177
600018
600628
000866
000898
600036
600005
600019
600900
600050
000898
000866
000983
000900
600002
600033
600028
600104
600660
600348
600012
600135
000063
600005
000767
000488
000630
600050
600188
600900
000651
600002
000866
600019
600971
000012
600348
600825
600005
600028
600104
600026
600085
600966
600036
600210
000629
600009
000538
600519
600188
000002
000063
000866
600029
000983
600018
002024
000625
600591
600026
600085
600050
600012
600036
600900
600002
000039
600210
600096
000088
600019
000022
000895
600348
000792
600971
000402
000968
600600
600123
600308
600009
600900
000983
600519
000895
600019
600309
000423
000792
000088
600415
000402
600320
600188
600971
600036
000063
600600
000039
000951
600900
000039
600269
600058
600422
600011
600879
600036
600642
600018
600005
600026
600320
600123
600383
000651
600002
600863
000027
600428
600005
600019
600050
600011
600000
600018
000625
600036
000002
600028
600900
600660
000088
600585
000630
600795
600104
000629
600009
600004
600033
600029
000069
600085
600740
000911
600547
600177
600050
000037
600497
600081
600428
600426
600584
600028
600467
000731
600029
600975
600292
600258
600202
600036
600825
600360
600195
600227
000513
600352
600363
600036
600028
600900
000063
600029
600694
600352
600011
000002
600177
600050
600016
600009
600598
600426
600660
600795
600096
000911
600529
600301
000063
000933
000069
600019
000002
600009
600026
600005
600002
000541
600018
600886
600900
600183
600050
600519
600188
600020
600688
000858
600900
600009
600028
000002
600795
600005
600019
600188
600018
600600
600050
000898
000729
000039
002024
600320
600519
600020
600011
600012
600026
000423
000488
600597
000538
000541
000063
600583
600028
600900
000002
600050
600104
600050
600900
600029
600019
600011
600028
600036
000488
600018
600016
600005
600002
600009
600104
000100
000002
000022
600591
000027
600030
600026
600586
000866
600642
000726
600205
000898
000400
600966
600688
600004
600020
600115
000800
600037
600900
000039
600036
600018
600050
600028
000002
600009
600519
600029
000983
600037
000022
600348
600033
000960
600005
000012
600123
000538
000027
600028
600036
600900
000063
000002
600018
600019
600050
600029
000027
000858
600009
000100
000866
600004
600188
600795
600100
600270
600585
000402
600029
600089
600033
000731
600028
000002
600019
600026
600020
000039
000726
600320
600096
600000
000779
600177
600694
600115
000488
600036
000651
600019
600660
600535
600900
000488
600104
600597
000100
000729
600320
600085
600600
600050
600694
600078
000866
600059
600166
600900
600188
600808
600002
000002
600028
000866
600585
000039
600104
600688
600320
000983
600019
600036
600348
600309
600009
600406
600887
600050
600029
600028
000002
600036
600005
600018
600104
600900
600019
000039
000488
600009
600519
000858
600500
000920
600026
600011
000898
000983
000423
600019
600900
000063
600104
600005
600028
600050
600036
600018
600002
000488
000866
600519
600009
600500
000726
600660
600585
000002
600886
600011
000100
000088
000717
000039
600123
000731
600360
000825
600096
000895
600188
600418
000037
600028
600050
600029
600005
600795
600019
000898
000983
600002
600000
600900
600688
000063
000100
600460
000800
600875
600519
600884
600104
600028
600002
600029
000100
600019
600282
600475
600104
600406
000630
600688
000060
000866
600000
600360
600210
600005
600166
600089
000800
600795
000983
600031
600875
000012
600066
600016
600036
000625
002034
002021
600050
002019
600460
000528
600367
600123
600205
600563
600143
600690
002023
600220
600547
600591
600002
600104
600740
000002
600036
600428
000898
600029
600026
000866
000525
600825
000625
000651
000800
000063
600008
000068
000024
600019
000088
600028
600009
600036
000027
000066
600500
000898
600808
600267
600521
600000
600900
600362
600075
600005
600050
600011
600018
000630
000069
000659
000021
600795
600688
600016
000858
600187
000625
000825
000939
000039
000022
600188
600104
000629
000725
600812
000866
600267
600125
000726
000022
600521
600009
600282
000538
000617
600488
000725
000898
600028
600803
600583
600029
000920
000027
000869
600674
000731
600011
600071
600187
000618
600019
000066
600089
600226
600688
000027
600011
600188
000898
600028
600036
600016
600026
000039
000866
000800
600900
600591
600642
600005
000488
600050
000088
000002
000400
600019
600362
000858
600050
600900
600018
000088
600028
600036
600009
600011
000089
600004
600717
600019
600500
600795
600016
600104
600029
600642
600000
600020
600050
600029
600016
600028
000089
600583
600011
600900
600887
000066
000039
600591
000002
600207
000895
600019
000729
600500
600795
600037
600050
600028
600002
600029
600019
000002
600688
000100
600009
600036
600900
600016
600188
600005
000717
600296
600104
000012
600808
600308
600282
600348
000625
600585
600031
000063
600037
600595
000898
600000
600074
000895
600020
000920
000511
600012
600386
600205
000488
600971
600900
600005
000898
600232
600036
600160
600020
600790
600563
000662
600308
600863
600963
600029
000088
000939
000659
600966
600269
000937
600028
600050
000983
600005
600900
000002
600009
600036
600460
600019
600717
600600
600428
000895
600309
002024
600584
000937
600020
000729
600050
600900
000063
000983
600028
600005
000895
600011
600519
000039
600036
600688
000002
000402
600600
000866
600460
600009
000100
600780
600585
600428
600019
002024
000068
600660
000022
600309
600717
000157
000024
000983
600005
600519
000039
600019
600900
600036
002024
600688
600028
600303
600050
600460
000898
600642
000937
600585
600009
600863
000951
600428
600036
600900
600016
600009
000027
000088
600050
600002
600005
000063
600583
000039
600887
600519
000066
000983
600029
600591
600026
600317
600019
000898
000968
600183
600028
600348
000063
000858
600002
000630
600096
600123
600642
000550
000700
000543
000956
600569
000709
600282
000983
600036
600028
000625
600900
000039
000488
600019
600050
600018
600360
600096
000895
600886
000541
600085
600188
000088
000400
600002
600594
000002
000402
600098
000100
600037
600406
600029
002024
600028
600104
600029
600036
600019
600688
600000
600267
600497
600009
000898
000002
600594
600011
600016
000717
600362
600188
600166
000027
000983
000063
000725
600415
600960
600282
000659
600521
000800
600808
000581
000629
600002
000068
000970
002005
600205
000100
600550
600123
000630
600410
600074
600569
600871
000866
600028
000002
600019
600009
600688
600036
000063
600519
600011
600320
000898
000630
600825
600188
600029
600000
600428
600770
000532
000068
000983
000581
600415
000920
000503
000027
600016
600740
002005
600362
000066
600205
600071
600875
000060
600900
000022
600583
600282
000866
000089
002023
000631
000630
600019
600005
600000
600036
600050
600011
600660
600018
600322
600009
000002
000625
600585
600795
000024
000629
000088
600398
600085
600104
600004
600033
600456
600597
000069
000911
600296
000758
600694
600308
600900
000997
600367
600089
000422
600028
600383
600205
600636
000973
600012
600029
600477
600074
600050
600002
600795
000039
600688
000541
600026
600276
600900
000422
000792
600005
600028
000089
600011
600591
000002
600029
600400
600018
600036
600585
600348
000002
600029
600188
600018
600037
600085
600002
600050
000581
000063
000968
000983
000898
600123
600900
600005
000100
000612
600600
600028
600717
600071
600582
600036
000063
000100
000068
600004
600000
600016
600028
600030
000002
000089
000069
600900
600050
600037
600585
600019
000542
600420
600008
000612
600500
600029
600839
600031
000581
000012
600967
000024
600992
000009
600600
600026
000063
600009
000039
600018
600029
600348
000088
600585
600309
600036
600050
600320
600005
600019
000024
600205
600500
000068
600002
600642
600561
600583
002012
600900
600597
000858
000866
600563
600270
000625
600600
600028
600036
600016
600037
600827
600585
600348
600839
000581
000100
600085
000612
600002
000088
600166
000039
600500
600591
600071
000002
600519
600900
600308
000527
600123
600029
600009
600900
000039
600019
000100
600005
600812
000898
600028
000063
600029
000920
000983
600585
600808
600050
600123
000488
600018
000002
600591
600002
600900
600019
000625
600030
000983
600519
600971
000636
002023
000100
000063
600171
600018
000839
000002
600123
600600
600475
600002
600098
000960
600812
000968
600198
000157
600460
600406
000866
000001
000902
600497
000009
600188
002001
000525
600028
600573
600005
000400
600642
600348
600050
600011
600035
600231
600688
600584
000028
600875
000401
600031
600111
600572
600028
600029
600104
000002
600019
000039
600688
000063
600036
600188
600005
600002
000488
000999
600031
000629
600900
600500
000983
000866
000717
600166
000792
600096
600971
600519
600583
600812
600642
600900
600795
600036
000729
600016
600000
600886
000027
600009
600004
600519
600008
600030
600029
600028
600104
600887
600386
000088
600011
000895
600026
000022
000037
000089
600125
600323
600019
000002
600036
600028
600009
000039
600900
000063
600050
000898
600005
000983
000866
000088
600660
000920
600029
000630
600519
600812
600018
000100
600585
600002
600688
600011
600808
600188
600026
600104
600348
000402
000541
600887
000726
600031
000089
600591
600795
000581
600320
000488
600050
600029
600016
600009
600028
600900
000063
000066
600036
000717
600887
000983
000898
600808
000968
600085
000002
000021
600519
600005
000088
600026
000039
600205
600002
600309
600019
600780
000100
600900
600028
600019
600036
000039
000063
600050
600104
600269
600018
600009
000002
000088
600005
600348
000068
000581
000983
600519
000729
000937
600026
600019
600002
600028
600005
600177
000983
000920
000898
600050
000066
000022
000651
600308
600887
000039
000063
000726
600886
600018
000068
000027
600309
600400
600182
000937
600104
600900
000806
600012
600519
000002
000400
000510
600011
000581
600033
600026
600009
600694
000488
600036
600458
000050
600710
600641
600020
600563
600029
600500
600153
600418
600110
600900
600050
600036
600005
000088
000625
600016
600018
600418
600660
600585
600019
000401
002024
600009
600887
600710
000423
000528
600033
600688
600535
600028
000933
600123
600036
600428
002007
600642
000060
600019
600348
000782
002001
600018
000531
600832
600894
600309
600874
000088
600028
000063
000630
600036
600050
000866
600005
000100
600296
600029
600135
000422
600004
600019
000581
600018
600096
600900
600026
000726
600143
000895
600210
000012
600002
600406
600428
000983
000016
600740
600694
600205
000039
600688
600547
600966
000636
600188
600887
000911
600795
000541
000927
000659
000423
000921
600115
000729
600033
600586
600660
600060
000002
600585
000767
600591
600000
600825
600418
000951
600832
600493
600009
600050
600900
600188
600028
000933
600002
000002
000541
600000
600016
000063
600018
600026
600183
600886
000069
000960
600362
000027
600519
000726
000729
600688
000866
600033
600005
000651
000858
600019
600020
600276
600267
000088
000898
000515
600563
000825
000532
000100
000920
600361
600096
002024
000089
000625
600237
000731
600488
600058
600550
600028
600009
600019
600050
600188
600002
600900
600519
600362
000866
600005
600000
600026
600016
000933
000541
000002
000726
600183
600886
000039
600026
600009
600011
600900
000956
600018
600188
600028
000089
600717
600710
000027
600050
600726
000933
600123
600029
600317
000581
600688
600028
600005
600019
600900
000937
600971
600636
600508
000063
000968
000926
600078
000933
000731
600104
000822
600547
000912
000949
600900
600028
600019
600660
000729
000423
000488
600009
600005
000039
600036
000898
000002
600026
000541
002024
600096
000538
600583
600188
000063
600320
600016
600795
600018
000088
600050
600900
600660
600005
600031
000729
000488
000898
600096
600050
000538
000088
000423
000039
600026
600036
600016
600188
000022
600012
600795
600019
600036
600900
000063
600585
600519
000729
600009
600028
600050
000651
600104
000541
600085
600031
600688
600597
000898
000022
600795
600900
600717
000898
600005
600688
600028
600019
000063
000630
600660
600009
600598
000039
000402
000767
600029
600050
600583
600183
000866
000758
600333
600026
600500
000726
600123
000651
600591
000731
600066
600726
000002
000727
600600
000069
000969
000970
000060
600886
600428
600036
600096
600104
600276
600320
600595
000625
600886
600036
000063
600267
600028
000488
600601
600500
600050
600418
600220
000039
600694
000895
600031
000731
600002
000612
600360
000937
600011
600900
000866
600812
000001
600232
600303
000968
600188
600009
600036
600050
000002
600028
600642
000568
000541
600597
600011
600439
000970
600519
600688
600029
000631
000532
600223
000066
600288
000100
000858
000630
600019
000659
600366
600415
600812
000898
600161
000063
600602
000727
000068
002005
000006
000027
600517
600550
600183
600827
000783
000009
000636
000983
600600
600210
000001
000763
000999
600584
600609
000520
000726
600631
000725
000949
600900
600050
600563
600308
600005
000625
600028
600002
000402
600886
600183
600415
000717
600125
600360
600019
000968
000898
000063
000937
600011
600104
600423
600036
000088
600026
600863
600870
000726
000731
600009
600276
600469
600303
600966
600963
600089
600717
600790
000513
600688
600383
600591
600019
600331
600500
600028
600036
000039
600674
600050
600005
600104
600408
600823
600188
600770
000001
600057
600795
600481
600000
600011
000927
600205
600005
000898
600591
600808
600028
600500
000060
600026
000629
000800
000968
600795
600296
600123
000063
600050
000983
000528
000027
600710
600000
600029
000969
600428
600002
600660
000002
600220
000677
000866
600584
000625
002028
000825
002017
000911
600125
600900
000729
000527
600050
000927
600104
600296
002025
000900
600019
000429
600123
600085
000919
600060
002012
000866
000088
600028
600029
600029
000550
600050
600019
600900
600012
600085
600028
600135
000069
000100
000999
600036
600597
000402
000002
000527
000031
600971
600415
600005
600104
002024
600296
600210
600688
600663
600011
600188
002023
600002
000538
000930
600717
000423
000089
600018
600594
000070
600595
600812
600600
600348
000898
