8522
600048
600030
600348
601318
002202
601088
000001
601169
601328
600016
600036
000002
600325
600089
000568
000983
600031
600015
601628
600383
000024
000792
600309
000878
600837
002202
600048
601166
600875
600859
002024
600030
000060
000063
600104
000898
600426
000401
601328
600048
600005
600104
601166
600031
000157
601318
000069
601899
000024
601699
600030
600231
600028
000338
000983
600875
600089
002110
600449
600585
601808
002165
600383
600808
600582
600221
000951
600720
000968
600547
000425
600153
000932
000937
600580
600550
601666
600739
000911
600362
002088
600486
600208
000528
600188
000006
600978
600596
600331
600826
000825
000002
000616
600102
000789
000683
000488
000009
600166
600844
002091
002018
001696
600872
000401
600432
600308
600348
600006
000650
000990
000885
600966
000060
002084
002068
000422
600036
600028
600019
600030
600808
000024
601088
000069
600325
002056
600016
000667
600406
600535
600875
000157
002110
600366
000016
601318
600030
600000
601166
000001
601009
601601
600048
601169
600383
000002
601666
600837
601328
600428
601001
600026
601699
600123
601857
000063
601168
000933
600348
600019
000024
000898
000878
000825
000709
000800
600581
000012
600432
000651
600102
600748
000060
601939
600425
600028
600395
600888
600456
600050
600497
000877
600016
000951
600117
600005
600660
000581
601398
600725
000623
002146
600231
000157
601919
600031
000792
600030
600036
600104
601166
600837
600016
600000
000002
601318
600585
600050
000001
600048
601919
000060
601899
600741
600362
601601
601628
000527
000983
601318
000629
601601
600030
600383
002073
601166
600837
600580
000933
600485
000009
600036
002261
600016
600202
600005
000157
000063
600291
000983
601318
600005
600028
601328
600016
000002
600000
002024
000069
000157
600048
601939
000338
601088
600383
600177
600036
600550
000001
601166
601328
600153
601600
600837
600123
600875
000001
000878
000060
600395
600000
601318
002202
601088
000917
601601
600030
601390
600015
600325
600309
600016
600426
600100
601699
600550
600895
600089
601009
601628
600489
000024
600449
600547
600748
600549
600030
601628
601318
600019
600005
600050
000024
600036
600048
000623
600016
002202
000709
600739
601001
000063
600348
600123
000046
601899
000898
601939
600177
600694
600550
000667
600196
600030
600000
600795
600019
600016
601898
601186
600050
601111
601601
000729
000876
000002
600489
601766
601009
000686
000031
600221
600837
601328
600016
601857
600837
600050
600000
600089
601166
000061
600001
000001
601318
000069
000422
000024
600694
600006
601601
002024
600585
600000
600030
601318
600015
600048
601166
600383
600036
600031
000002
601628
601601
600016
600028
000983
600547
000001
601001
000060
600309
000932
000937
000425
601168
600195
600348
000069
002202
000800
600415
601009
601169
600201
000016
000009
000960
600550
000024
000527
000157
600586
600449
601088
600675
600644
600432
000616
600428
600519
600102
601666
600635
600352
600875
601398
600100
000999
000792
600718
000488
600418
600219
600694
600271
600486
000708
000039
600741
600596
002152
601998
000887
000963
600320
601398
000089
000028
600030
600016
601601
600048
600015
601328
000024
000933
601166
601988
600028
601006
600050
000858
600582
600161
600635
601390
000060
600837
601919
600740
002007
000002
600808
601318
600895
000709
601168
000402
600138
600000
600581
600143
000826
000778
600491
601600
601001
600418
600376
601088
600117
600641
000401
600531
002024
002202
600997
601111
600030
600739
000024
600585
000157
600015
600016
000937
000401
000060
600000
601166
601169
000933
601601
601699
601666
601318
000792
600031
600887
000568
000002
600547
600309
000012
000983
600196
601318
600030
600518
601006
600005
600050
600674
000538
600887
600739
600169
000709
000825
601390
000898
000999
601333
600048
000623
600350
600675
600325
600383
600748
600550
000069
000089
600362
000024
000878
600195
600009
601186
000060
600663
000686
002022
600290
600837
000783
600664
600535
600151
000630
000566
002038
600511
600251
600036
601398
601666
600216
600028
002001
002024
600030
000157
601699
600169
601328
600005
000951
601857
601186
600858
600000
000568
601766
000009
600030
600050
601939
600036
000063
000002
601186
601600
600312
600586
600585
601318
600009
000031
600895
600748
600663
601088
600872
600195
601766
601601
601009
600088
002142
000858
600029
600058
600030
601318
000983
600005
600028
000002
600739
601601
600048
000001
600000
601111
600428
600089
600649
600019
600150
601939
601628
601666
601328
000937
600030
600872
000001
600884
600837
600549
600331
600111
000960
000990
000728
600050
600162
000839
600895
000680
600478
600416
000686
000903
600036
000402
000825
600001
600028
000623
601318
600837
000858
002024
601919
600685
600015
601088
600096
600808
600123
600016
601166
000157
600050
000002
600036
601939
600016
601166
601088
600000
601318
600383
601001
601666
600030
000937
600997
600489
601168
000792
600048
601628
600048
600383
601166
601601
600030
000973
601939
600016
600739
601318
601918
600000
000001
600050
000629
600325
600395
000402
600090
000059
000862
600895
002244
000683
000828
600005
600028
600690
000400
000858
600097
601628
600166
000698
000527
000983
600549
600583
000987
000839
000002
600015
600348
000630
601009
600635
600068
000157
600195
000636
601919
600426
000898
000912
000651
000063
000877
000962
600884
000926
600231
601958
000758
000917
600741
000785
600300
000060
600037
600675
000100
600887
600519
600516
600859
600196
600256
600456
600251
600362
600816
600963
600267
600423
600598
600192
000418
000897
600406
002121
000568
002048
002258
600269
600309
000807
000762
600005
000629
000527
000002
600325
600068
600028
002065
000061
601169
000709
600050
600280
600030
002106
600498
000001
000937
002161
002241
600963
600276
000488
600418
600660
000708
002152
601398
000825
600596
000069
600001
601998
000089
000028
600126
600102
600320
000926
600486
601328
000022
600036
000629
000858
000089
600016
600790
000488
601390
600269
002154
600009
600308
000423
000088
600028
000729
600000
600754
600016
600837
000001
600030
600015
600583
601398
601328
000069
000858
600089
601808
601318
000063
000024
000002
000402
000792
600000
000527
600036
601328
000022
000002
600067
000488
601390
000089
002154
600009
000629
600269
600519
600030
600790
000729
000531
600097
601601
000887
601318
600050
601166
600266
000402
601601
600837
600395
600690
000001
601899
000926
601918
600831
600037
600090
000683
600267
000758
600675
600963
000655
000960
600307
600010
600456
000898
600005
600117
000792
600028
000933
601958
601166
600036
601318
000002
600016
600030
000157
000937
600050
601666
600048
600739
600383
600000
601088
600031
600348
601628
000425
000933
600837
600153
000566
600030
000001
000063
600325
601939
600048
600031
600050
600036
601390
601318
000069
000024
000983
600009
000425
600016
600748
000623
601699
002244
601328
601601
600655
600825
600583
600837
601166
000001
600016
000983
601318
601168
600309
000407
601088
000683
000800
600036
601186
600104
600048
600029
600000
600997
600307
600872
600011
000878
000157
000402
600585
600690
000009
601169
601666
600795
600550
600007
600019
601919
000060
000651
000898
600153
600428
600649
600325
600050
002073
600348
000024
601899
601939
600109
600331
600316
600026
601002
000527
600498
600739
000815
000059
000932
000799
000858
600533
600737
000069
600166
600266
600362
600030
600178
601001
000501
000006
000903
000422
600426
000425
000159
600966
600503
600765
600826
600038
600068
002073
000063
002140
600028
600660
600036
600704
601318
600519
000338
601857
600009
600050
601628
601006
600837
600535
600717
600795
600000
600030
000898
601398
600016
600019
600837
600028
601988
601628
600036
600808
601857
000002
601390
600005
600690
600010
000527
600050
601186
601318
000895
600399
600048
600688
000761
000860
600030
600739
601318
600048
002022
600694
600677
600089
600893
601919
601628
600348
000739
002024
000983
600655
600475
000825
600519
601390
600795
000629
002056
601088
600337
600501
002028
002106
000009
600028
600804
600485
600986
600837
600500
600096
000790
600657
002008
000839
000488
000895
000069
600178
600557
000568
002156
000888
600596
600011
600118
601607
600289
600050
601328
601398
600036
000937
601939
600000
000002
601666
601318
600837
600030
000858
000983
600583
600016
601898
000157
601168
601088
600031
600739
600348
600585
600089
600016
600000
600036
601628
600015
601166
000002
601318
600309
000527
601009
600383
601168
000001
601601
002202
600675
000009
601169
600195
600348
600488
000965
600208
000795
000893
002041
601898
600649
600089
600840
600837
600468
000031
600016
000839
601168
000410
600221
600835
600050
600030
000932
600236
600036
600052
600741
601857
000566
600028
600795
600037
600031
600243
000793
600289
600880
601006
000012
600109
600583
601390
600729
000898
600219
000698
600428
000960
600664
601318
600111
601919
600325
600535
600581
601601
600516
600589
000729
601988
600415
600867
002152
600139
000897
601009
600038
600317
600787
600068
600138
600456
600585
000933
600088
600805
601398
000623
600027
600900
600785
000820
000338
600482
000402
601808
600166
600017
002006
000861
600662
601939
601333
600239
600030
600739
601166
600000
000001
000599
600837
600143
600153
601398
601857
601318
600325
600048
600028
000825
601699
000937
601169
600005
000800
601328
601899
000709
601919
600117
601939
600231
600139
600555
600594
600112
000501
600031
600487
000417
600963
600741
601009
000933
600830
000002
600589
600036
000860
000667
600327
600052
600558
600395
000983
600858
600636
000419
600502
600516
600428
000589
600900
002133
000949
600196
600348
600693
600050
000157
000789
000683
600971
000629
000059
600269
600068
002092
000612
000739
600383
600886
600896
000338
601766
600467
600808
600271
601006
000422
000012
600517
000887
600651
600816
600001
600074
000690
002109
601390
600881
600016
000016
002046
002038
600331
000926
000060
002122
600015
600375
600872
002187
600720
600256
000876
000584
002068
002003
600600
002233
000951
002244
600795
600145
600087
002011
000415
600583
600585
000566
600067
600060
600503
600983
600439
000987
600418
600089
600742
002024
601186
000727
000919
000671
000595
600367
002147
000715
000511
601958
600848
000911
002028
002152
600069
000616
000960
600590
000792
000830
600707
600875
600162
000522
000568
600804
000425
600802
600750
600062
000823
601008
002110
600027
000726
000812
600415
600188
600859
600966
002129
002088
600004
002191
600029
600063
000602
601166
600517
600519
600325
600030
600089
000858
600028
601318
600123
600425
600875
600031
600016
600015
600050
600005
002073
601088
601328
600036
600000
601628
600325
600031
600016
601857
600282
600050
601398
000527
601607
601318
002024
600519
601088
600895
601328
000157
600406
600383
601006
600511
002083
600037
601390
000063
002003
000858
000423
601699
000002
600036
002122
600590
601318
601939
601166
600895
600550
000983
002104
000651
000338
600050
600016
000792
600123
600583
600693
600000
600195
000001
600309
601088
600153
601601
000825
000800
600837
600054
600202
600582
000895
002115
600528
601111
000024
600820
601866
002123
600655
600547
600087
600880
600729
600161
000858
600686
601088
600585
601186
601318
000538
000983
600000
600030
000402
000423
600837
000002
600036
600519
601998
600016
601939
601899
600550
002007
000839
000795
600468
600208
000410
000965
000893
600488
601898
600741
000548
600662
002041
601666
600649
600088
600840
600333
600221
601857
000027
600125
600028
000875
000939
600880
600585
000933
600050
000917
600900
600317
000616
600106
600635
600795
600583
000975
600644
600236
600428
600535
600058
000698
000793
600863
600008
600717
600121
000820
000623
601168
000897
600089
601398
600028
000629
600016
002001
600519
000792
600031
601666
600030
000651
600428
601958
600048
600216
601186
600231
000001
601898
000063
600596
600971
000572
600801
601857
600383
600585
600030
600000
000001
601318
000983
600031
600123
600383
000792
601398
000002
000402
601166
601628
600348
600166
600331
600016
600547
000009
600143
600036
601186
601601
000527
000069
600812
600030
600837
600036
600000
601939
601318
600016
000002
600028
600392
600031
601866
600018
601601
000898
601088
601628
600050
600739
600089
600016
601398
600036
601009
600050
601988
000898
601169
601601
601318
601328
601166
000527
600028
000002
600000
600348
600048
601628
600383
601390
601939
601857
600030
600519
000858
600050
601318
601088
600036
601998
600019
600585
600900
601628
600031
600660
600649
600170
000027
601318
600837
000878
601168
600036
600000
000623
600030
601398
000001
600028
600585
000060
601088
000002
601186
600362
600309
601898
600143
600050
600581
601899
600519
000951
600019
000937
601857
601601
000677
002233
000401
000933
000046
000758
000157
600102
600720
000778
002110
600097
601766
601169
600607
000755
600456
600808
601166
000807
600016
600844
000568
600741
000024
000960
600416
000069
000402
002024
000651
000825
000912
000895
600737
000655
600598
000630
600100
600031
600391
601939
600307
600252
000898
600048
600231
600970
002052
601009
600348
600050
601398
600028
600000
600015
600553
601939
000858
601088
600475
600252
000014
600820
600688
000932
600693
000911
000563
600216
600016
600015
600104
000002
000800
601390
600000
000425
000063
601006
600030
601318
600739
600036
600585
000927
600005
000623
600011
600837
601186
600348
601398
000002
600005
600837
600036
600016
600000
601088
000983
600019
601328
600030
600395
000825
601898
600596
601699
000528
601958
600031
600276
601088
002038
000630
000009
600770
601168
000933
600030
000839
600036
601328
002065
600016
002001
600267
601318
000726
600550
600315
000762
600426
600547
000629
600475
002024
600570
000895
601166
000157
600331
000002
600196
000792
000963
600880
600415
002007
600216
000012
600052
600348
601899
600518
600406
600141
601398
000983
600497
000501
000667
002109
000718
600031
600511
601666
600266
601628
601186
600005
601898
600089
600881
600586
000060
002202
601699
000997
600309
600549
600717
600660
600983
600123
000522
000425
000527
600787
601001
000046
000601
600895
000006
601857
000422
600641
600973
000960
601169
600893
600581
600271
600875
000878
600432
600316
600000
000777
600048
000932
600496
600724
000530
600739
000402
000708
000876
600036
600016
000157
000800
000983
600030
000425
601318
000002
601601
600100
601166
600104
600325
600585
000937
600486
600518
002161
000528
601699
600717
000338
002081
601168
600048
000001
600395
600880
601328
601398
600383
600162
002202
000926
002073
600963
002024
600970
600015
002091
600690
601628
002051
600837
600694
000568
000792
601919
600875
600739
002179
601919
000839
600675
600893
600068
000623
600089
600038
601169
000709
601318
600001
600517
000024
000758
600190
000006
600030
000002
002147
600428
601939
000858
600000
000965
600482
600663
601328
002083
600837
600611
000009
600900
000063
600028
600894
000407
600015
600050
600879
600832
000816
600685
000671
600739
600835
600754
002024
000027
000718
000031
600271
600867
600606
601766
600582
600021
600059
000059
600048
002152
600869
600316
600383
600550
600639
000521
600357
000999
000550
002032
600126
000717
600036
600016
600549
600050
600816
600880
600649
600528
600089
002202
000400
600517
600582
600109
000063
600036
002039
600635
000157
000425
600550
000786
600058
600050
601166
600036
600432
600000
000792
002024
600519
600348
601939
000157
000968
601666
000825
600030
600256
000060
600309
000878
002056
000932
601857
600383
600660
600533
600456
601318
000712
600808
000651
002128
601918
000800
000926
600837
600030
000983
600015
000002
601898
600028
000069
600048
600016
600050
600694
600000
000937
601857
601088
000800
600663
000001
600628
600348
600019
000402
600386
600036
600674
000600
601111
600586
601169
000063
000970
000762
600549
600499
600031
600739
600881
600754
002023
601318
600755
600795
600815
600029
600897
000562
000927
600208
600252
000024
000839
600449
000951
600693
000623
600036
000009
600123
600837
600348
600030
601328
600031
600050
601009
000709
601628
601666
000002
601318
600028
601766
000001
600170
600048
600528
000858
600887
000937
600642
600016
601186
600639
600765
600895
601166
600153
600900
600428
000157
600026
600028
600000
600036
601318
600030
002056
600550
600348
600050
600837
601601
600111
000983
600331
000901
002099
601169
600900
600048
600255
601001
600754
600547
000562
600489
600875
000024
600316
601166
600748
002091
002142
000046
600150
000016
600611
600643
600575
601899
600378
600362
600663
601666
600011
601766
600872
000069
000985
000568
601398
600675
601333
601005
600508
600432
601328
000792
600117
601998
002267
000002
000911
600832
601186
601628
000728
601009
000712
600309
000697
601088
000858
000686
000009
000031
000709
002261
600690
600583
600655
002202
600739
600795
600621
000617
000973
600779
000877
000563
600383
600237
000960
000768
600694
600048
600739
600050
600030
002106
000402
600475
600501
002008
600986
601919
000651
000009
000825
600893
000002
600015
600804
600837
002109
000069
000983
000558
000629
601390
600036
600016
600001
600068
601628
601166
601899
600026
601919
601601
000709
601328
600050
600000
000825
000960
600547
000338
600030
600000
000002
600028
600837
600036
601318
601166
601168
600050
000858
600048
000878
601899
600598
601001
600100
600635
000800
600348
600973
600016
000063
000901
600005
600019
600895
600383
000969
600519
600416
000024
600252
600739
600029
600072
000937
000887
600816
000046
000960
600162
000157
600104
002052
600089
600607
600426
600640
000001
601006
600702
600528
600590
601333
600677
601857
601318
000002
600162
000537
601600
601088
600830
000650
601601
000850
002142
601919
000898
601628
600019
601169
600177
600036
000536
600016
600694
000686
601939
601898
600010
601766
601727
000090
601166
600887
600337
600881
600320
000068
600309
000799
601168
000338
000960
000088
600688
002172
002223
000623
000567
600331
600150
000823
600266
600029
601808
600383
600837
600015
600664
600631
600269
600737
601919
600832
600748
600000
000685
601186
601866
600739
000623
600016
600030
600325
000937
000900
600616
000783
601328
600028
600022
601699
600029
601111
600282
000905
601088
000002
600050
600058
600150
000709
600030
601318
601628
000623
000422
600395
600837
000983
600123
000937
600739
002146
600026
600036
000002
600362
600104
000157
600251
601699
600000
600016
601166
601628
600005
600030
000983
600837
000001
600036
600585
600383
601988
000002
601318
600795
000825
600050
600900
601168
600309
601939
600036
600030
000002
600000
600585
000001
600019
600005
601601
601318
600132
000983
600478
000069
000157
601699
002024
600703
600309
000825
601939
601169
000623
601899
000024
600739
600029
600331
000338
000792
000839
600031
600837
601628
600050
000063
000568
002142
600674
002001
601166
601628
601318
002122
601088
600089
601398
000063
000983
600048
600583
600550
600005
601699
000002
601939
600660
600348
600016
002028
000157
600001
601666
600030
600325
600585
002202
000898
600900
000060
002242
600010
600019
600016
600036
000002
600000
600028
601166
601628
000898
600383
600005
600030
601988
601398
601939
601857
600132
600348
000009
600104
000157
601899
600026
000983
000969
600331
000021
600428
000009
600030
600031
600050
601186
601939
600872
600312
601766
000002
000792
000060
600016
000823
601166
601857
600000
600058
600048
600519
000338
601919
600177
601333
600895
600170
000063
600418
600299
601088
601169
600028
601600
002024
600379
601318
600973
600586
000543
600236
600348
600268
601899
600739
600585
000024
000898
600737
600415
600694
601988
000625
600900
600639
000651
000858
600309
600583
000911
600820
601390
600547
600331
600104
600837
601939
000800
600016
600570
601169
600000
601398
601111
601009
000002
600030
600028
601919
600029
600875
000927
601628
600036
000629
601390
600196
600251
600018
600739
000001
601088
600050
600642
601328
600036
600315
000623
600175
600016
600415
002038
000898
600031
600050
601318
601166
600030
601628
601601
600016
000002
601169
600415
600315
000001
600028
600519
600036
600583
600000
002024
600027
000895
600030
600048
601169
600739
600015
601318
601088
600694
600050
002028
600485
600000
600501
000069
600475
002194
002106
002008
601398
000402
000825
601919
600348
000698
600986
600837
000790
600519
000002
600028
000739
600893
600289
600795
002080
000009
002236
000623
002056
600657
000651
601601
000800
600729
600036
002024
600528
600029
600557
600221
600663
000425
601628
000002
601169
000937
601328
000402
600030
000792
601318
600660
600000
600089
600616
600785
601166
000651
000425
000933
600005
601601
601988
000002
000816
601088
600900
600622
600016
601601
600869
600837
600036
000937
600329
000893
601328
600312
600326
601168
600348
600252
601939
000009
600893
600481
601328
600036
601398
000937
601939
600000
000002
601666
601318
600837
600030
000858
000983
601898
600583
000157
600016
601168
600739
601088
600031
600089
600585
600348
000001
600030
600050
601318
000002
600519
000024
600036
600104
600320
600585
600027
600000
000792
000895
000402
000061
000012
601168
600196
600011
600009
000001
600028
601166
601318
600195
002024
600586
600196
600016
601601
600028
600635
600266
601899
600770
600000
002123
600739
600582
600895
601398
601169
000001
600525
601168
000933
600030
600496
600001
000530
600693
600005
600325
601666
600239
000629
600030
601168
601328
600050
600028
600019
000002
600519
601398
601088
601390
601169
000933
601766
600660
600016
601318
600276
601898
601318
600837
601088
600036
002142
601601
600030
601328
000783
600519
000568
601857
600550
600028
600251
601166
000686
600795
600415
601939
601857
000792
600519
601166
000063
600015
600036
000060
600583
601666
000933
000680
600000
600325
601318
600383
600096
600439
002024
600089
600016
601939
600030
000402
601186
000400
000848
600525
600325
000759
601988
000792
601899
600036
000501
601328
600804
000933
601168
600491
601628
601390
600000
600098
601601
000973
000002
601166
600036
601699
600048
000001
600383
600000
000024
601398
000983
600016
000878
600030
000568
601001
601601
601939
601169
600596
601666
000060
000069
600585
601318
600547
601168
000157
601390
601088
600583
000937
601318
600050
600550
000002
600528
601601
600036
600030
000937
601998
600547
600690
000021
600585
600256
600425
600015
000157
601666
600694
600000
600036
601166
601899
000858
600331
600030
000002
000568
600550
600048
600216
600016
000001
601318
601601
000937
600837
600383
601001
000069
000623
002244
600739
600779
600511
600117
600050
600348
000926
600748
601166
600837
601318
000001
601088
600739
600016
600582
601186
000933
000069
600970
000858
600875
600348
000960
000402
600031
601766
600050
601318
000983
600030
600036
600739
600837
600000
600428
601001
600348
600015
000898
600748
000069
601628
600383
601006
000709
000060
000878
000758
601088
000911
600694
600016
000002
601601
601899
601919
600550
000024
600674
000858
600895
601186
600087
600312
600050
600887
600549
000568
600026
600307
600100
601398
601169
000623
600031
000422
000157
601166
600309
600780
000629
601939
600036
601766
601899
000001
000002
601169
000895
600028
601898
600350
601988
600519
000792
000538
600748
000401
600583
600557
000012
601318
000651
000157
600036
601939
601166
600519
600739
600000
600050
600016
000961
601666
002244
600030
600048
000402
000002
002024
000858
000001
000006
601088
000060
600383
600287
000063
000608
000527
600875
600547
000937
000537
600750
000425
000522
600966
601001
000778
000623
600031
600499
000540
601168
000059
600881
600742
600997
600410
600418
600415
002081
600511
600837
600123
600000
601857
000983
600048
600050
000629
600030
000002
600111
601398
600005
000623
600015
600550
600325
601166
000898
000768
601939
600519
000895
601088
600016
600895
000717
601601
600638
600635
600031
601919
600219
601918
600096
601808
000878
000059
601318
600118
600739
000831
600395
600581
600269
000839
600435
000538
600015
600030
600016
000937
600518
601318
000009
600028
600050
601169
000562
600036
600031
600519
600739
000001
600266
000527
000968
000002
601009
600255
600348
000858
600007
600089
600881
000568
600720
600655
000935
000623
000792
600622
002024
600643
600052
600835
600298
000425
000800
600050
600590
600030
601318
601398
600195
600036
600550
002122
600005
601166
600026
600123
000651
000002
600895
002123
600660
600693
000024
000063
600325
600161
601111
002104
601318
601857
600660
002073
600016
600030
600312
600997
600704
000338
600406
002056
600837
000002
600299
600662
600836
600550
600000
000778
601166
600016
601398
600030
601009
600694
601318
000898
601919
600557
000002
000623
601857
002028
000060
600887
600153
000024
000063
600028
601088
600348
600029
600048
600423
600052
600089
600415
600586
600019
600428
600026
000850
000527
600162
601939
600000
000401
600583
000792
601186
600547
601169
002202
601958
000823
600596
601628
000983
000157
600050
000090
600005
600089
600000
000002
601318
600016
600748
601166
600048
600019
601169
601168
601398
601899
000046
600585
600376
600031
600598
600362
601398
600016
601939
000898
600050
000002
601166
600036
600895
601628
601009
601169
600383
000937
600550
600282
000012
000527
600519
000932
000651
000897
601318
600348
600748
601088
000709
600036
601169
601939
600030
600585
600048
601166
600016
000069
000063
601601
600837
000898
000792
600739
601328
000401
000002
600970
000932
600997
000024
600177
600348
600089
000960
600028
601666
000568
601318
600887
002142
601166
600030
601169
000402
002244
600016
601318
000651
601328
601666
000400
601601
000761
600050
000759
600117
000338
600675
601168
000792
601318
600030
600016
601088
600585
600586
600635
600036
000001
002202
600028
601899
002024
600153
601398
000792
600000
600195
600519
600266
600395
600036
601318
600030
601111
000024
600325
601601
000001
600015
000825
600016
601390
002032
601088
601666
000951
000002
002038
000690
601166
000425
600029
600280
600559
601169
000562
000933
601699
600030
600050
600837
601390
601318
601939
000069
000001
000425
600153
600036
600016
600748
601328
600825
000063
600048
600655
000898
000402
600325
000566
601601
600755
600026
600307
600284
600583
600663
600062
002007
601166
600535
601318
601166
000002
600036
601328
600000
000937
600050
000157
600030
600048
000425
601398
601919
600383
600028
000683
000983
002161
000898
000858
600600
600748
601168
000527
600694
002080
600686
601088
000969
000528
000933
000623
000568
000822
000878
000718
600585
600029
601628
600423
600362
600240
000488
600015
600266
600739
600880
600549
002140
600005
600068
600143
600162
000619
000063
002215
600612
600690
600482
000927
002202
600523
002147
601666
000024
600100
600486
000422
600887
000089
000002
600016
600036
600739
000983
600030
600428
000528
000933
000159
601088
600015
601699
600837
601006
601601
600395
600348
600596
600585
601398
000858
600031
600657
600686
600383
002254
000157
000635
000338
000951
000623
000651
002092
002028
600005
002025
600886
600546
600030
000002
601318
600837
601088
600000
601166
000001
000983
601601
601628
600050
600528
000937
601168
600031
601898
601398
600036
000878
600089
000933
600019
000024
600048
601600
600383
000407
000858
600550
000623
600348
601328
600395
000630
600123
601666
601899
600362
600586
601699
600276
601001
600392
600549
600188
601919
000009
000012
000060
600997
000031
601186
600151
600585
000651
600143
000800
600863
000951
600598
000527
600867
600268
600475
000400
000538
000652
600170
000338
000401
000826
600517
000157
600635
000686
600005
601988
600331
600066
000728
000839
600694
002146
600221
600320
600639
000758
600018
601958
000059
600321
600236
000679
000960
600185
600011
000718
600346
600547
600120
600166
000596
600880
600161
600803
600009
600104
600582
600675
600900
600683
600875
600039
000948
002267
002266
600895
601872
002129
600649
000069
000690
000969
600029
600059
600804
600036
601318
000021
600016
601601
600528
601328
601169
600015
000002
600383
600739
601988
000009
600022
000069
600622
000839
600737
600030
600016
600036
000001
600015
000898
601006
600837
601009
600050
000063
600596
000024
600000
000046
600030
000002
000778
600808
000983
600031
601857
600016
601899
601328
601166
600036
600837
601601
601318
600362
601088
000825
000792
600104
000060
601600
600031
600489
601988
600089
000024
600050
600048
601808
600875
601390
600739
601318
601169
601186
601166
600030
600642
600001
000792
600028
600858
002024
000002
600027
600096
600276
601398
600660
601088
601939
000402
600320
000002
600000
601398
600837
601328
601628
600585
600036
600019
600028
601166
600383
601169
000825
601088
600016
600005
601699
000528
601318
000933
600030
600837
601390
600019
601006
600015
601601
000002
000568
600016
600005
600438
600036
600309
000825
601088
000623
000069
000937
600031
601166
600000
600517
601328
600123
600795
002073
600325
600362
600425
600089
600202
000792
600875
600031
000858
600026
601088
600456
000651
600036
600123
000009
600050
600837
600348
601328
600030
601009
600031
000709
000002
601628
601166
601318
600170
600048
600028
601766
000858
600528
000001
000937
600016
600639
600887
000825
600895
600900
600005
000157
601186
601168
601857
600765
600428
600026
600050
600739
600030
600016
600036
000983
601318
601169
000002
002007
601166
601628
600000
600519
000932
002024
000006
000869
000059
000961
600383
000937
600546
000540
600123
000568
600481
600117
600837
000425
600582
600875
600048
000729
000338
600309
000963
600162
600028
600881
601699
600315
600287
002088
002081
600141
601318
000983
601601
600005
000895
601001
002007
600325
002028
601166
601006
600887
600016
002129
600498
000002
600550
000410
600583
601088
600177
600216
600396
000538
002202
600741
000157
000910
000858
600383
600030
600837
000002
000060
000009
600028
601318
600036
000839
000990
600872
000680
600050
000983
000568
000898
600031
601390
600895
601088
000001
000069
600100
000400
600739
600111
600812
601958
600585
000031
000878
600635
000401
600005
000962
600166
000422
000937
600884
600029
600642
600000
601628
601939
600685
000652
000783
000807
600196
000960
601006
000402
600141
000825
601186
600150
600117
601009
601699
600048
600019
600803
000917
600600
601766
000862
000012
600797
600808
000002
600362
600675
000027
600150
600019
600795
601398
000401
601988
601899
600123
000046
600859
600779
000568
002024
000001
600269
600801
600519
000528
600266
000983
000425
600585
601088
000718
600177
600067
600320
600383
600641
600449
600432
000157
000402
601168
600015
000898
600048
002097
000043
600000
601601
002269
600426
601390
600109
600308
000792
000789
600276
600665
000060
600240
600392
600102
600284
600549
601318
600031
600720
000932
000581
600322
600456
600010
000630
000825
601169
601318
600036
600030
000002
600031
601169
601601
601088
600426
000951
000825
000933
000651
600428
600583
600019
601166
601390
000527
000709
601318
600030
600104
000002
600036
600028
601601
600016
000983
601088
000024
600208
000001
601009
600970
601328
600000
600048
000402
000651
600895
600031
601001
601168
000792
600050
002073
600030
600837
000002
000629
601328
600016
601166
600036
601318
600739
000009
000983
000001
601601
000024
600875
000623
601009
600015
600675
600036
600016
601898
600000
601001
000878
601166
000983
600048
600383
601088
600037
601318
000001
000630
601899
601169
000060
000937
000718
000002
000402
000792
002024
601601
601168
600266
000024
600861
000623
601808
600879
600583
000046
600694
600348
600376
000425
600028
600036
000002
600005
600030
601186
601899
600104
600547
600837
600426
600048
600000
601390
000528
000651
600216
600050
600019
600867
000001
600030
600048
000002
601857
000655
601607
601628
600674
600000
000069
600325
600256
600252
600487
601328
601666
600236
601318
601398
601939
600050
601318
601166
000002
600348
600036
000709
600028
601328
600000
600649
601390
000001
000651
601009
600016
600887
600352
601318
600031
600036
601899
601601
600050
600016
600030
600739
600837
601111
601166
000425
600005
600104
601390
000616
002001
601699
600362
000069
601808
000001
600900
601009
600216
000807
000825
000338
600741
600383
600428
002008
002018
600971
000060
600507
000789
000878
600348
600739
600123
600005
600026
600031
000001
000983
600050
601699
600511
600547
600376
600628
601168
600161
600785
000858
600036
601166
600100
000012
002073
600693
000731
601857
000402
601939
601318
600036
600000
600050
600383
600030
600585
600048
600690
600550
600016
000012
000762
002008
002122
600028
601166
601328
601166
601318
601939
601009
600036
600000
600415
600519
000869
600325
000060
000786
002091
600362
002269
600366
601666
000987
002062
601006
000089
600028
600050
600276
600795
601628
000538
000002
600019
600350
601318
000024
600859
600995
600036
601088
600600
000999
600697
601318
000002
000527
600030
600015
600208
601918
000937
000839
000933
600519
000338
601009
600170
600383
000951
000825
600840
600812
000042
600030
000937
600050
600036
000002
601699
600519
600016
000729
000402
600048
601939
601088
000960
601666
600123
000917
600583
601001
600000
000540
000623
600739
601628
600880
000933
000060
000680
600644
600001
601899
601898
000983
600383
600030
000717
600325
601318
000983
000063
600348
600016
600585
000858
600036
000012
600690
600166
000878
600000
600639
600983
601006
000786
600674
000623
000960
600900
601002
600316
000709
601318
600030
600016
600036
000999
000937
601111
600309
600479
600809
000024
000800
600741
002024
600837
000069
000157
000059
600415
601169
600742
600028
000651
600511
000927
000425
600201
600887
600469
600739
600104
600258
000783
002202
600859
600694
600598
600143
600660
601939
601601
601898
601328
600449
600166
601166
600026
600697
601186
000063
600831
000060
600029
000887
000401
600184
600178
600048
600096
600580
000599
600635
000012
600362
600616
000630
000878
000002
002146
000987
002003
600519
600703
601002
000528
600000
600582
600880
600015
601998
001696
600966
600622
600639
600550
600118
601001
601390
000066
600316
000792
600690
600383
000527
601333
002161
600456
600005
000402
600325
002073
000895
002063
002214
600343
601919
600019
600110
600395
600037
000516
002042
000589
000625
002041
600418
000338
600376
600027
002037
600795
600011
000410
000001
000550
000815
000983
601699
600406
600496
600518
601628
000002
601398
600036
601168
600104
600016
600030
000933
601318
600028
601939
000157
600001
000616
000623
601328
600052
000425
601601
000932
000825
601857
000898
600159
600325
600000
600221
000060
601088
600875
600196
000012
600048
600348
600016
601318
000425
002041
601166
600036
000063
601009
600837
600030
600050
000829
000069
600011
601001
601601
600511
000651
600831
000024
600036
601186
600887
600050
000157
600028
601390
600997
601166
600519
601318
600406
600875
600019
600655
600366
600150
600325
601088
600561
000002
601899
600000
600048
601318
601601
601166
600547
600036
601168
000858
600383
600030
000839
601628
000937
600015
600016
000800
000878
600195
600309
000009
600586
600028
600550
600348
000630
600100
000825
000969
000069
600005
600478
601699
600649
000024
000001
000783
000712
600031
600246
000608
600675
601857
600816
601866
000898
600312
601088
600316
002024
000623
600388
600644
600325
000680
002202
600432
000425
600276
601001
600635
601328
600426
000006
600052
600458
600694
600887
600026
600166
600823
000012
601766
601600
601899
601857
600030
601919
000012
601006
600019
600299
000027
600737
600423
600036
600037
000911
000717
601111
000090
601601
000729
600030
600519
601628
600050
600036
601390
601939
601857
000858
601998
601588
000402
600019
600791
600626
601088
600320
601601
601318
000059
600649
000099
000538
000001
600108
600583
000767
000096
601333
000837
002064
000563
600026
600758
600036
601166
601318
600030
002024
000858
000002
600016
601328
600031
002202
600216
600895
601628
600177
000651
600518
600690
600585
601009
600875
601699
000983
000009
600582
000800
600660
600005
000069
600208
601857
600748
000002
600000
600383
601168
601166
000898
000630
600348
600649
000937
600036
600016
600048
000024
600005
600478
000839
601628
601601
002202
000069
000009
601088
600028
600547
600586
600675
600754
600550
600231
600102
600366
000677
600644
000629
000002
601390
601398
600019
600276
601899
600383
600050
600519
600036
600030
600808
601328
600016
000895
600309
601919
601186
002024
000568
002029
600690
000527
600718
000898
600439
600308
600054
600269
601398
600790
600031
000895
600123
600801
601318
000825
600497
600631
600519
601318
601398
000002
600016
000568
600837
600030
601628
000969
600036
600406
600887
600383
600499
601166
000425
600547
000157
600875
600016
600000
601899
600030
601168
601318
600196
601699
600005
601169
601939
002202
600309
601601
600675
600635
600795
600028
601918
600089
600031
600036
600383
600030
601318
600048
000060
000063
000002
600016
601168
600816
600837
601601
000983
000425
601699
600362
600432
000001
000630
600675
600748
000839
601628
000758
002155
600547
600635
600611
000528
600498
000024
600256
601857
600522
600884
600000
002261
600639
000878
600546
000960
600875
000001
600518
601328
601318
601919
600649
601333
600036
600837
601628
600050
000002
600030
601988
600611
601866
600028
000069
600895
000402
600030
000568
000792
600050
000001
600166
600036
600016
600019
600028
000338
601601
000400
601001
601939
000027
601169
601958
601318
000917
600030
000002
600016
601318
600036
600000
000709
600694
600028
600050
601166
600837
600348
601899
000402
000063
000562
600123
601169
600875
000983
000651
000001
000800
600096
600029
600015
600030
601318
600036
601166
600028
600547
000623
600048
600000
601398
000983
600550
601601
600312
000951
600031
600362
600875
600089
000063
600406
000402
002024
000425
600663
000024
000792
600005
002161
000401
000878
600123
000001
600352
600383
601666
601001
600030
000983
601318
600000
600005
600500
000001
600837
601601
601808
600325
600050
600348
600026
601166
000839
000562
000059
600196
600028
601857
000002
600096
600519
600031
600895
600395
601918
601899
600100
000157
600111
601866
601600
000063
600030
601186
601318
600031
601699
601919
600016
000002
601857
000527
600050
600997
600026
601328
600048
600585
600649
000069
601628
600011
600016
600036
601398
601166
600000
601009
601939
000001
000527
600739
000024
601318
600048
600050
000157
000651
000709
600309
600104
000401
601398
000002
600036
600837
601088
601939
600000
600030
600585
601898
601166
601628
600016
600028
601988
600383
600050
601318
600900
601699
000528
000825
000937
600019
601857
000898
000933
600000
600016
002073
601169
600123
600036
601601
600031
600550
000937
601328
600875
601318
600026
601699
601166
600048
600585
000858
600895
600015
000009
000002
000157
601168
600383
000024
600325
600348
600547
601919
000608
601006
000983
000623
600395
601666
000568
000651
600030
600970
600089
600739
000060
002194
600428
000063
600741
601899
600231
000425
600189
000501
000839
600100
600581
600900
600963
000012
000541
600331
000537
600887
000402
600628
000898
002154
600785
600748
002038
600030
600837
600036
601939
600000
600016
000002
600028
601318
600392
601866
600018
000898
601601
601628
601088
600050
600519
600089
601006
000758
600549
000009
002073
000969
600655
600606
000815
600869
000800
002179
000677
000933
600675
600151
000514
600391
600622
002083
002155
600219
000978
000031
000826
000636
600739
600649
600100
002025
000680
000623
600438
601088
600030
000927
601168
600030
601166
600000
000002
600036
601318
600050
000001
600196
000024
002024
000402
000625
000983
600320
601169
600048
601601
601699
002202
000002
600550
600519
000858
600048
600779
600050
600755
000021
601939
000402
600085
600600
600858
600529
601998
600383
000024
600808
601186
600739
601318
600030
601601
601866
600029
600785
000651
600519
002024
600015
601166
600153
600036
600016
600026
000568
600000
601169
601628
000800
600415
600362
601006
601111
600048
600837
000987
600361
000543
601699
000024
600309
000848
002115
600428
600809
600498
000425
600697
600720
002038
600557
600383
600432
600741
000825
601919
000002
000759
600425
601666
000911
601808
600858
600897
000718
000983
601318
600104
002202
600005
600015
000800
600348
600581
600315
000937
600660
000651
002024
000402
600498
600312
000807
600000
600050
600036
600016
600837
601601
000937
000825
601898
600117
601166
601958
601857
000960
601009
000039
002142
600307
600348
601088
601168
600048
600050
600028
000002
000895
601333
000001
600583
601390
600900
601398
600029
601601
601939
600016
600795
601318
600000
601166
601919
000651
601318
600036
600415
601601
600519
002155
601169
600050
600022
601088
000060
601328
600030
601166
000800
600739
600837
000001
000709
000024
000581
600487
600030
600693
600036
000623
600019
000876
600861
601006
000629
000002
000538
600001
601390
000709
601939
000729
601628
600185
600221
600770
601919
000525
002109
000679
601166
600284
000951
601328
600518
601318
600082
000932
600519
600887
600005
000063
600597
600583
000999
600251
601766
600569
000014
002269
002073
600386
600498
600190
600016
600622
600418
600380
600858
600900
600426
000759
600029
000652
002052
600631
000636
600150
600062
600688
600000
600595
600787
600423
600196
002250
600588
000001
600016
601318
601166
600028
600050
600519
600900
600036
600583
601390
600000
601628
601601
600795
601666
601169
000568
601088
600029
000002
600048
601186
600169
600973
000963
000063
600030
000895
600664
000651
600015
601857
000059
000527
000402
600887
600325
600804
000910
600383
600104
600582
600027
600005
000858
600089
000709
600289
600396
600037
000061
600001
600231
000525
601998
600352
000422
000157
600693
601699
002242
000550
600277
000960
600406
600067
601939
600348
000698
002109
600208
600591
600185
601398
002106
002215
000718
002269
600470
600439
000839
000024
600196
002254
600723
600031
000623
002028
601328
600754
600036
601328
600528
601601
000002
600383
600000
601169
600022
600068
600016
600737
600837
600087
600642
601009
000527
601318
600649
600395
600000
601939
600016
000001
601857
601166
600657
002024
000417
600642
000858
601998
600585
000729
600351
600478
600739
000513
600005
000762
000401
600872
000623
600031
600016
600000
600307
601111
600720
600028
601169
000001
601899
600966
000568
600153
601328
000407
600741
000401
002152
600029
600036
600331
600104
000800
600383
600048
601168
600376
600739
600426
000898
600408
600837
000709
600178
600231
000425
000686
600348
002132
600583
600795
600479
600111
600425
601666
600166
600102
002078
600309
600062
600141
000024
600533
600674
000878
002202
600693
600518
002244
601699
600306
600787
600801
600316
601318
600416
000937
000903
600100
000968
600581
600195
600997
600428
002146
000612
000060
002025
000825
600582
600449
002191
002038
000625
000042
000951
600151
601006
000762
600082
600636
601919
000596
600075
000899
601857
600586
600875
600635
600622
601958
000799
600261
600317
600068
601328
600030
600028
000792
600090
000402
000002
601166
601939
000059
601857
600015
601169
000400
601898
000698
600048
000878
000987
600036
000060
000983
601088
600030
000002
601601
601166
601699
000157
000001
600694
000960
600036
600690
000630
601318
000527
600016
600000
600963
600383
601001
601398
000063
600881
000807
600048
601168
601169
600325
600016
600028
601166
600000
601088
600036
000860
000063
600030
000024
000422
600029
000800
600005
600831
600153
600887
600456
600642
600009
601166
601601
601318
600016
600030
000002
600048
601169
601328
600029
000063
002202
601001
000825
000758
600895
000792
002242
600031
000623
600837
000709
600028
000651
600795
600835
600809
601699
600001
000527
000839
600196
000983
600015
600325
600551
600973
000597
600487
000528
600486
600546
600290
601168
600657
600582
600348
600036
000686
600251
600900
600359
002024
600655
600887
601398
000157
600697
000690
600231
600068
601006
601390
000783
000910
600642
601958
600307
000059
600635
600518
002122
600058
601899
600100
601939
601766
600027
002121
600675
600816
600185
600598
600097
601318
601088
600016
601166
600089
000002
000001
000983
000933
600036
600030
000709
600331
000792
000402
000157
600048
600585
601328
000937
600307
002202
600519
600029
601899
600000
600036
000983
600015
000825
600547
600016
600348
600331
000878
600497
601699
600026
600489
000568
000630
600050
000968
601168
600029
002024
600586
000839
000709
000792
600519
000625
601939
000157
601166
600031
002121
600644
601318
000021
600348
601699
600546
000968
600050
600016
000402
000002
600582
600674
002122
600325
600036
600030
601899
600000
600383
600015
601166
600586
600031
600316
000002
601628
601088
600639
600089
600963
601390
000012
600309
600875
600432
600005
600195
600635
000623
000783
000712
601601
600550
600489
600348
600649
600961
600325
000527
601919
601169
600547
600478
600739
600221
600048
000157
601318
000839
600395
601168
000410
600748
000932
600650
600028
000800
600835
000825
600893
600117
601186
600826
600050
600029
002179
600736
000898
600362
600312
600331
600704
000059
000402
600523
600486
000006
600320
600686
601699
600887
002109
002048
600655
600596
000001
600480
600428
600239
000937
600742
600019
600879
600765
600533
600119
600087
000878
000608
600779
600718
600685
601398
601398
600050
000157
600348
601939
600266
000400
601390
601919
601988
000566
600997
600196
600312
000537
600016
601601
600067
601169
601899
000527
600688
000562
600739
000338
600104
600016
600325
600657
600673
000800
000616
000402
600690
601186
000157
600066
002244
000527
000926
601939
600418
600795
600808
601169
600030
601601
601988
601166
600036
000157
000002
000061
601186
000527
000540
601318
600117
600649
600048
000718
000069
000761
600516
600188
601899
600581
600104
600028
600837
600016
000002
601398
000800
000425
600029
601318
000527
600806
600703
601111
600887
600036
000651
600050
600267
600089
600050
000001
601166
600036
601318
000002
600030
600500
000983
601628
000157
000024
601088
600005
601601
600550
000488
601169
600104
000069
600585
600739
600036
600030
600837
601318
000157
601166
601699
601899
000623
600048
600016
600153
601111
600519
600104
600031
600050
600331
601628
600362
000338
600585
601601
002202
000024
000060
000425
000001
000960
600581
600739
000012
000983
601857
000898
600029
000069
600000
600550
600739
600550
000623
600030
600325
600478
000002
601318
601166
000001
002091
600000
600585
600383
600016
600875
600872
002202
600519
000528
600000
600016
002001
601169
000063
600104
600015
600089
600598
601898
600362
000001
601168
601899
600748
601318
600031
600795
000046
002142
600016
600808
600048
002155
000001
601318
000063
000651
000002
600000
002202
601088
600325
600050
600036
600729
000858
600239
601166
600005
600519
600276
601318
600030
600062
000568
600517
000895
002202
601186
600050
000028
601088
000651
600557
600426
000063
600880
002123
600583
601939
600585
600837
601398
600030
601169
600089
000538
601601
000568
600005
000002
000800
000937
601166
601390
600048
000792
000060
000338
600739
000069
600029
002142
601186
600111
600050
600900
600030
601899
600837
601628
600547
000686
600489
600739
000783
000002
600519
000568
600631
600048
600586
000069
600754
600827
000031
600675
000402
600543
600655
600674
601318
600832
600748
600428
000858
000046
600438
601919
002155
600896
600779
600030
600050
000001
601318
601166
600325
000858
000002
601328
000825
600963
000709
600549
000402
601601
600019
000623
000758
600176
600166
600010
600123
600048
000568
000807
002152
000969
600015
601328
600016
600036
601166
000001
600748
601666
600068
600309
000951
601390
002233
601898
000898
000825
601919
600153
600026
601088
600000
600030
600266
600001
000568
002187
601628
600089
600886
000002
600048
600087
601318
600598
600362
600432
600694
000024
600547
600383
601009
600415
600489
601601
601186
601600
600325
600276
601398
601919
600050
600428
600309
601169
600598
000401
600019
600009
600867
600004
000089
000651
600037
600690
000717
002238
600859
000983
601601
600016
601166
600030
600048
601168
600000
000001
601088
601398
601699
000800
000157
600879
001696
000401
600325
600015
000878
600000
601318
600704
600036
600028
600837
601088
600063
000002
601390
002244
002022
002085
600406
601186
002056
600606
600600
600761
600519
002028
601398
600449
000983
600036
000157
000679
600166
600837
600089
000009
000800
601169
600362
600162
000024
600741
000910
000937
600048
600550
600005
600887
600050
600000
600016
600036
600519
000001
600048
600585
000651
600030
000568
000063
601628
002202
600284
000002
601318
601088
000027
600729
002155
002011
000002
600000
600030
600016
600048
601318
600383
002024
000001
600036
000024
601601
600585
600005
600028
601088
600031
000858
000568
000157
600519
601899
000709
600837
600030
000002
600000
600808
600016
600036
600028
601318
600005
601166
601919
600837
601186
000001
601088
600383
000709
601939
601601
600739
600586
000825
600048
600089
600029
600395
600031
000933
000729
600966
601328
601168
000002
600036
600331
601166
000792
600016
000825
600887
000568
601699
600383
601169
000024
000937
000960
601601
600739
600000
601666
601766
000157
601328
600031
600048
601628
600050
000001
000528
600132
000069
600586
600837
000651
600309
600997
000878
600005
601318
600019
601318
601601
000895
601628
601186
600089
600837
002024
600519
601939
600016
601898
000869
600029
601088
601169
000157
600030
600048
600016
000792
600000
600271
002152
600887
000895
600030
601398
000002
601857
600036
601601
000028
000568
600519
002024
002194
000501
600320
600276
000718
000926
002032
601166
600030
600016
601601
601318
601919
600547
000024
600383
600031
000001
600739
601628
600166
000623
000990
002244
600067
000651
600123
600030
601390
601088
600837
601898
000157
000002
601601
601333
600585
600036
600123
600016
601009
600325
600739
601169
600635
600352
600547
000002
601628
600519
600019
600348
601318
002024
600123
600808
601001
600569
601988
000717
600016
600030
601398
601666
000568
600037
600062
601988
601939
601857
000002
600348
600026
600428
601666
601006
000983
600117
000063
601919
000825
600581
600030
601328
600028
601009
601169
000800
600000
601166
601699
600395
600050
601318
600102
600231
000792
600425
000709
601168
000878
600497
000651
600432
600036
601333
000060
601001
601186
600331
600048
600660
000898
600019
000933
000581
000012
601628
600837
000001
600362
000877
600383
600888
000157
000630
600415
600031
601601
600456
600089
600256
600426
000635
600016
600141
600251
600350
000623
600282
002146
600011
000686
002128
000024
600030
601318
600016
000002
600036
600000
601939
601919
600649
601169
600015
601168
000983
601600
600895
000630
000933
600893
600050
601166
601899
601398
600383
000407
601328
601390
600048
000024
000009
600547
600550
600331
000858
600030
600331
601601
000002
000792
000402
000060
600050
002024
601318
601919
601398
600585
600816
000960
600036
601328
600720
000937
600096
601318
600036
000002
600030
600031
601628
000157
000983
600048
000338
601111
601699
600005
600547
600348
601166
600000
600016
000060
600739
000001
600231
601601
600123
601666
600104
000069
600808
002024
000063
600875
000024
000425
000528
600519
600153
601808
600015
600050
000932
600029
601899
000825
000792
600383
600309
600550
600089
600362
000807
601866
601006
002123
002018
600872
600600
601919
600221
000800
000543
600036
600900
601398
600016
000063
600019
601939
600153
000338
601318
000002
600096
601088
600741
600795
600030
600642
000895
600596
600639
601166
000983
600016
600089
601699
000002
600000
600030
000898
601318
600048
600005
600550
600519
002122
601169
600001
600383
601666
000060
600660
600720
601001
002028
601939
600583
600325
600875
000157
000001
600585
000014
601628
600887
600015
600674
600010
002024
000063
600348
600036
600519
601166
600016
000002
000157
600315
000983
601318
601899
000001
000402
000063
601601
000937
600895
000568
000069
600875
600048
000401
601318
600030
601601
600031
600585
601939
601857
600439
000825
600308
600622
600887
601808
000069
000012
000651
000926
600688
002152
600596
600026
000002
600030
600742
600741
600000
000878
600439
600329
601166
600383
600016
601186
601398
000623
000338
601666
600176
000726
000898
601318
000878
600362
000060
000960
600030
000825
600026
600036
601168
000002
601088
600276
601898
000898
600415
002269
600029
600741
000755
600016
000002
601918
601318
600050
600840
000619
600036
601766
600208
000651
000042
000527
002024
000597
000014
000418
600865
002065
600808
000933
601009
601866
600126
600115
600019
600015
000709
600736
000402
600649
000839
600005
600683
600028
600724
600001
600325
601398
000157
600266
000069
600348
601919
601390
601318
600028
000002
600196
600050
600123
000400
600997
601899
601601
000537
600739
000937
601699
600499
000729
600016
600547
600000
601169
600881
000562
600036
600688
600581
601328
600887
000001
600030
000002
600837
600000
600050
600036
601898
601857
000060
600166
600884
600872
000878
000990
000983
600770
000686
000839
000009
601166
601318
600519
600030
000002
000157
600048
600031
000983
000800
000338
600582
000623
600585
600036
000651
600875
000425
601808
600139
000069
600153
000937
600208
000778
601699
600123
600016
601601
601918
600050
600596
600028
600720
000060
600029
000063
600271
600312
600000
600005
002269
600037
600486
601318
600031
000983
600036
600028
600000
000937
600875
600089
000651
600166
600449
000800
000060
600432
002128
002266
000024
600837
600067
600138
000550
000157
600258
000422
600141
600030
000877
000002
601169
600664
600104
600900
000623
000069
001696
601168
600500
600153
000792
600739
600425
000581
601666
000793
600550
000917
600216
600516
600261
600428
600498
002215
600027
600995
000088
600642
000970
000428
002115
000718
000539
600098
600331
600048
601918
000839
600581
600289
000690
601699
600196
002004
000932
000625
601600
000559
600639
000959
600839
000012
600060
600150
600685
000528
000755
600269
601919
600686
000758
600177
600780
600016
000983
600030
601939
600050
600036
000001
601088
601318
601168
601628
600048
600000
601919
000933
600153
000069
601166
601899
600089
000568
002092
601601
600026
600585
600808
000060
600000
600030
000002
601166
601318
000001
600383
000024
000528
000069
600739
000623
600166
000709
600031
600048
000651
000800
000046
600581
000063
601857
601318
600036
600030
600596
600050
601328
600761
600000
000002
600383
601601
600028
601169
600748
600837
000001
600048
600016
601166
600426
000024
600048
600030
601168
601601
601169
601899
600016
000568
601328
000060
600675
600383
000937
600997
600036
000002
000726
601088
600100
600015
000858
600050
600690
600858
601166
601699
600031
600036
601318
000157
600016
601111
600050
600139
600031
600030
000338
601166
600102
002146
002148
000616
600507
601001
601186
600550
601390
600880
600971
600787
000630
000537
000959
600837
600026
000671
600741
600742
000513
000755
000825
600166
600329
601318
601166
601601
601001
000983
600216
000002
002202
600325
601328
600036
600887
000157
600005
600016
000825
000001
600590
600307
600015
002007
600289
600741
600036
601398
000933
600309
601988
600019
600519
600028
601169
000568
600005
600030
600808
600583
002269
600050
600009
000869
000002
000527
600456
000895
600693
600036
000402
000616
600050
600123
600425
601088
600104
600028
601600
601939
601002
000597
601988
601898
000063
002212
000002
002194
600664
000933
600015
601601
600166
002129
000423
000762
000060
002204
600808
600559
600809
600395
600674
601318
002155
000778
000968
000407
601009
000550
000983
600030
600550
600383
000002
600048
601111
600031
601998
600005
000402
600117
000157
601899
600674
600644
600036
600011
000012
000024
600808
000046
600030
000651
000898
601600
000800
600383
600547
601601
600331
600104
000060
000878
600690
600031
000157
600307
600048
600029
000527
000002
601398
601006
600886
600048
000063
601628
600519
000858
600741
000527
600062
600900
600030
600104
000895
600718
600028
600795
000001
601601
000002
600837
600000
000898
600036
600030
601001
601899
000568
600031
600549
600016
600028
600348
600518
000651
600519
600266
000937
600779
600005
000858
600036
601318
600030
601628
000002
600837
002024
601398
000651
000983
600016
600028
600383
000839
601939
600005
000709
601166
000858
600050
600109
000568
000898
000063
600331
000422
600519
600298
600019
600585
000012
600026
600267
600674
600031
601919
600348
000717
600583
601328
000157
000069
600048
600299
600030
000002
000157
600036
000895
601318
600518
600104
000926
000983
600895
000528
000501
600997
601601
600631
002024
000527
600016
000488
600036
000002
600016
601318
600880
000623
601919
600550
000425
000001
000338
000527
000800
600694
600739
601168
600675
601899
600518
600000
600362
000528
600585
600015
600486
600808
600895
601328
000401
600887
600383
600963
000157
600016
600348
000937
600808
601988
000024
000568
000002
600048
600509
600026
000709
600690
002091
600837
601398
000839
601088
601328
600837
600030
000002
600019
600028
600519
600050
601398
000858
601988
600015
601333
601006
600009
600808
601390
601328
000568
601318
600000
601899
000825
600029
601166
601939
600739
000623
601111
601628
600675
600598
601998
601328
601166
000001
600123
000878
600395
000060
600000
600153
601318
601628
600036
600837
601088
601600
600875
601601
002202
601390
600016
600030
600050
000917
601699
600100
600550
600362
600426
600309
600015
600325
600089
000024
600489
000338
600895
600549
600748
601898
600801
000960
600547
600449
600585
002147
600963
600030
000792
000001
000895
601628
600320
600519
600050
000858
600015
601328
600028
000709
600129
600521
000002
002106
600000
601111
000024
002038
000568
601318
601398
600096
600089
600348
000060
601857
600428
600117
600809
600266
002056
000625
000983
600000
600048
601398
000629
601857
600741
000983
600963
000683
600030
601601
600395
000002
600015
600325
000895
000768
600219
600050
000898
000623
600031
600006
000767
000635
600016
601318
601808
601166
600546
601919
000878
600550
600739
000059
600895
601088
600549
600118
000831
601588
600111
601939
600005
600000
000709
601939
600016
600837
000001
000825
600383
000002
000917
600331
600586
000024
002202
600027
600067
600475
600325
000616
600000
000063
601168
600102
601601
601328
600517
600383
600104
600840
600282
600590
000157
601318
600123
600001
000002
601899
000568
600050
601398
000002
600030
600050
601088
600309
600596
000012
000063
600019
601328
600036
601988
601169
601318
601166
600362
601898
600837
601939
600005
600011
600048
601899
000858
601009
600000
000423
600383
601601
600415
600096
000792
000024
000060
600519
000001
600761
601006
000898
600480
000568
000800
000629
000933
600016
000839
600837
600030
000792
601699
601601
002024
600016
600036
600331
000002
600150
000568
600550
600348
600096
000825
002142
000031
601169
000001
601628
000898
601166
600015
600832
600030
601919
600519
600837
601186
600748
000623
600631
600664
601166
600000
000878
000685
600739
600016
600269
600616
000783
601328
000983
601318
600030
601328
601939
000937
000002
601169
601186
000425
601088
000825
600050
600875
600660
600741
000623
600036
600900
000338
600005
600048
600362
002028
600970
000651
600547
600050
601088
600036
601168
000825
600030
600519
000060
000792
600362
002024
600837
601628
600026
000933
000527
601001
000983
000157
600028
600202
002025
601318
600785
600516
000823
600360
600970
000589
601390
000839
600037
600068
600266
600808
600000
600739
600527
600261
000759
600005
600036
600050
600030
601390
600016
000063
601186
600600
000667
002001
002187
600487
600900
600410
000597
600007
600000
002038
002242
600594
600271
600439
600216
000157
000338
600361
601808
000001
601088
000895
000401
600859
601328
000919
600519
601009
600276
601318
600528
000876
601088
000792
600036
600497
000983
600362
601168
600348
600432
600016
000933
600256
000878
000960
600019
000897
601958
000758
000060
600331
600016
601318
600030
600309
601009
601939
600660
601988
000792
000826
000823
000002
000999
600252
600036
000910
000686
000538
600529
600642
600030
601166
600016
000792
600585
600036
600739
600519
600970
600600
000983
601186
600031
600089
601328
600415
002202
000651
600895
601318
600808
000623
600720
000024
601939
600111
000002
601169
600026
000402
600276
000157
000425
000778
000898
600522
600048
600875
002106
600005
600519
601006
601186
000778
600019
600150
601390
600642
000726
600535
601328
600897
600036
600900
000089
600251
600795
600098
000999
600026
