1771
600309
600428
600018
600688
600123
600029
600028
600894
600100
000423
600188
600521
000531
600535
600832
000767
002001
600602
000933
000400
600795
600005
000983
600029
600028
000039
000069
600009
600900
600000
600875
000898
600050
600019
000729
000063
600460
000002
000933
600183
600019
600009
600028
600005
600320
600900
600519
000088
000039
000937
600011
000022
600002
000002
600033
000402
000488
600058
600036
000726
600583
600874
600012
000423
000898
000900
000866
600018
600050
600415
000792
600418
600880
600019
600028
000937
600009
000002
600011
600688
000970
600029
000898
000763
000402
600036
600426
600018
000731
600026
000630
000758
600887
600028
600018
600320
000423
600026
000088
600795
600016
600309
600060
000027
002047
002048
002049
002050
600005
600900
600019
000937
600050
600028
600000
000898
600383
600009
000581
600415
000402
600153
600308
600258
600125
600886
600360
000422
600330
600563
000002
600026
000625
600123
600036
000989
000825
000060
600002
600790
600188
000968
600002
000039
000866
600688
600188
000983
000002
600585
600027
600123
600036
600089
600586
600422
600591
600019
600309
600418
600808
600028
600016
600026
600900
600036
600660
600795
600018
600886
600009
600269
600717
600012
600825
600000
600125
600694
600270
000983
600320
600008
000088
600598
000900
000895
000039
600309
600012
600058
000970
000538
000792
600019
000022
600795
002024
000400
000063
600183
600330
600717
600005
002012
600188
000002
600005
600900
600415
000930
000937
600019
600383
600330
600009
000939
000402
600050
600795
000581
600018
600000
600153
600790
600011
000422
600026
000002
600308
600029
600643
600075
600269
600005
000002
000898
600019
002024
600660
600096
600026
000869
000888
600009
000088
600519
600900
000022
000538
600018
600028
600320
000423
600019
600028
000792
600309
000983
600016
600900
600009
000039
000895
600018
600717
600320
000423
000022
000402
000088
600005
000063
000937
000039
600887
600009
000063
600900
000088
600005
600519
600971
000983
000968
000423
000792
600002
600399
000027
600188
600309
000022
600026
600005
000063
000039
600018
600002
600348
600036
000630
000866
000726
000422
000423
000541
600026
600717
000088
600694
000069
000983
600583
000898
000933
600269
600971
000581
600900
600966
000002
600586
600406
000911
600585
600085
000900
600020
600383
000951
000960
600005
000983
000866
600104
600330
000039
600002
600309
600971
000488
000898
000063
600166
600096
600900
600050
000625
600426
000792
600966
002023
600900
600050
600029
000866
600519
600282
600497
000066
000962
000027
000659
000956
600000
600740
000778
600005
600018
600386
600012
600825
000039
600005
600900
000983
000069
600135
000778
600012
600002
600660
600348
600019
600362
000866
600027
600740
000581
600018
000731
600036
600267
600009
600005
600018
600418
000063
000629
002050
002046
600036
600694
000937
000012
600125
000538
000876
600428
000792
000625
600591
600971
600123
000157
600022
002027
600320
600600
600966
600399
600028
600900
000069
000792
600005
600000
600009
000063
000538
600029
000898
600019
600309
600330
000895
600320
000402
000022
600085
002024
600026
600012
600600
600887
000866
000983
000002
600875
600018
000423
600011
600971
000726
000527
000617
000625
000651
600016
600188
600591
600688
600001
600153
600050
600005
600009
600019
600050
000039
600018
000002
000630
000088
000063
600900
600583
600519
600428
600028
000983
000825
600205
600029
600660
000402
600036
600362
600309
000022
600970
600085
000581
600050
600519
002025
600135
002012
600900
000659
600887
600009
600020
000088
600418
600027
000900
000527
600740
600029
600002
000027
600009
000039
600019
600005
600900
600026
600050
000063
600096
000002
600320
600028
600519
600309
000022
000488
000895
600591
600018
600036
600500
600900
000625
600597
600100
000629
600012
000717
000956
600508
000912
000581
600001
000100
600022
600688
600170
600362
000089
600036
002024
600320
600005
600660
600009
000488
600026
000888
600519
600018
600019
000869
000088
000002
000538
600096
600583
000729
600188
600027
600019
000063
600519
600031
600585
600028
000898
000002
600308
600900
000488
600085
600029
600002
600688
600597
000983
600009
600104
000069
600036
600050
600019
600026
600031
002021
000488
000422
600005
600900
000039
600489
000895
002019
600399
600627
600642
600323
600360
600330
600018
600740
600026
600428
600660
000895
600596
600027
600150
000581
600037
600591
600029
600002
600472
600320
600970
002039
002040
002047
600900
000002
600795
600011
600320
600383
600009
600688
600018
600289
000911
600125
600377
600362
000625
000022
600548
000063
600754
600029
000063
600019
600050
000002
600029
600028
600036
000039
600005
000088
000983
000423
600026
600900
000488
600309
600594
000858
600360
600037
600019
600900
600096
000726
600005
000983
000488
600050
000039
600016
600177
000400
600642
600207
600500
600026
000423
600348
600309
000063
600428
000063
600026
600183
000012
600188
600036
600900
600019
600029
000900
600050
600018
600436
600320
600547
600875
600717
000726
600009
600497
600019
600005
600029
000625
600002
000002
600050
600000
600028
600009
600036
600104
600018
600900
600348
600016
600971
000630
000012
600026
000983
600600
600971
600005
600900
000063
600018
002023
600123
600519
600573
600050
600026
600296
600188
000002
600348
600582
600089
600436
600331
600005
000022
000039
600188
000825
000898
600823
000866
600018
000402
600123
600500
000937
600162
000618
600694
600674
000960
600352
600019
600900
600269
600036
600005
000866
600383
600177
000039
600050
600688
000983
600002
000630
600642
600428
600026
600320
000581
600009
000002
600026
600005
000898
000538
600096
002047
600970
002041
002045
600472
002042
002043
002044
002046
002050
002048
002049
600009
000039
000063
600660
600019
600050
000402
600028
000898
600005
600309
000538
600029
600123
600583
600717
000970
600188
600066
600900
600428
000037
600426
600050
600740
000911
000012
600026
000513
600497
600361
600975
600360
600202
600754
600195
000983
600104
600467
600825
600900
000039
600028
600309
600036
600019
600009
600717
000937
600519
000402
600660
000088
000983
600016
000423
000063
000895
002024
600050
600320
000488
000039
600267
600036
000063
000937
000402
600360
600383
000002
000930
000898
600436
600900
600812
600500
000027
600825
000022
002024
600005
600026
600600
600018
600900
000002
600009
600320
600660
000898
000538
600519
600583
000869
600028
000729
000063
000423
000488
600307
600569
000956
600900
600333
600123
000968
600087
600635
000423
000063
600019
000958
000898
000937
600096
000709
000543
600282
000911
600009
600036
600320
600002
600037
600585
000039
600348
000068
600519
000866
000088
600029
600016
600166
000581
600591
000063
600823
000402
600019
600005
000630
600875
600002
600029
600166
000726
600066
600367
600406
000866
000911
600031
600469
002034
600011
600308
000060
600026
600005
600900
600028
000088
600009
600050
600018
000063
000983
600317
600320
000027
600630
600036
000423
600267
600519
000002
000400
600029
000039
600026
600005
600009
600188
000956
600900
000089
600050
600018
600011
600028
600726
600036
600710
600717
600123
000037
000968
000900
000039
600309
600018
600009
000063
600029
600005
600002
000088
600583
600036
600585
600348
600460
000024
000858
000068
002012
600428
600563
600019
600005
600036
600000
002039
600660
600694
600320
000651
600597
600104
000100
600059
000866
600535
000538
600399
600276
000513
000002
600019
600005
600000
600018
000002
600011
600660
000063
000630
000625
600308
600795
600012
600089
600096
600028
600050
600188
000088
600361
600019
000937
600426
000822
600971
000731
600096
600050
000968
600497
600761
600307
600276
600348
000949
600026
600115
600993
600317
600741
000039
600585
600002
600600
600037
000581
600036
000088
600028
600582
600029
600519
000983
600309
600688
600348
600591
000068
600000
600085
000039
600005
000422
600026
000898
600521
600029
600348
600089
000488
600188
600585
600123
002024
600276
600887
600795
000002
600012
600028
600019
600900
600028
600005
600887
600036
600308
600660
000630
600029
600011
000069
000895
600018
000002
000063
600012
000422
600276
600694
000488
600009
600026
600085
600296
600426
600000
600519
600591
600016
000792
000933
600002
000022
002024
600050
600033
000423
600123
000039
600026
600591
600037
600900
600000
600583
000983
600104
000625
600018
600533
000659
000063
600825
000858
600036
000002
000731
600019
000039
600036
600900
600019
600028
600050
600026
600269
600005
600348
600205
000937
600519
000541
000983
600585
000527
600428
000027
600795
002025
600333
600350
600012
000089
600177
600026
600004
000912
000939
000100
600761
600489
002034
600030
600005
600302
600323
600966
000822
000541
600519
600177
000069
600694
600029
600050
000866
600005
000625
600012
000089
600591
600002
600036
000100
600900
600031
600337
000659
600660
000623
600596
600005
600276
600011
600472
002043
002044
002045
002046
002048
002050
002042
600549
000069
600050
600028
600002
600019
000726
600009
600550
000898
600005
600563
000825
000002
000541
600688
600900
600096
000960
000933
600026
600019
600028
600900
600036
600426
600016
600005
600330
600971
600598
600050
600114
600096
600694
600795
000088
000488
600418
600660
000002
600660
600029
600031
000039
000063
600000
000488
600019
600018
600005
600489
000088
600089
600886
000659
000888
000866
600009
600547
600308
600320
600037
600019
600028
000068
000069
600000
600018
600004
000089
000039
600900
600030
000063
600016
000024
000012
600036
600309
600586
600050
600019
600002
000726
000898
600028
000002
000960
600005
600009
600688
600563
000541
600096
600900
000825
000933
600362
600188
000983
600005
600036
600028
600019
000063
000039
000002
000898
600320
000866
600012
600383
600428
600426
000792
600500
000423
600002
600309
600000
600019
000069
000541
600026
600009
000538
000063
000933
000825
000898
000960
600096
600550
600050
600362
600717
000402
000002
600028
600030
000002
600036
600009
600019
000898
600028
000937
000630
600011
600971
600123
600900
600348
600320
600166
000983
600688
600497
600066
600050
600005
600019
000039
600009
600028
000866
600018
600900
000983
000063
600050
000088
600002
000898
000002
000402
600096
000581
600591
600011
600029
600036
600519
000538
000063
600036
600900
000792
600009
000039
000002
600085
600019
000402
600026
002024
000022
000983
600717
600348
000731
600383
600900
600005
600019
600029
000039
000866
000898
600036
000402
600026
600177
600182
000063
600694
600009
600887
600033
600320
600205
600096
600188
600005
000651
600971
600050
000012
600019
000039
600428
600002
000866
600320
000063
600348
600026
600036
000036
000402
600104
600966
600018
600016
000022
000726
000063
600028
000039
600004
600642
600020
600586
600026
000983
600900
000525
000027
600115
600308
000513
600436
000002
600029
600009
600036
600320
600309
600900
600028
600026
600583
000063
600428
000898
000970
000402
000022
600660
000895
600011
000024
000983
000039
600019
600900
600009
002024
600418
600780
000898
600428
000937
600519
600028
000157
600825
000866
000951
600694
000402
000625
000825
600026
600150
000488
600320
600005
000060
002028
600289
000002
000983
600205
600123
600426
600296
600428
600660
000778
000069
000969
000527
600050
600302
000911
000039
600019
600900
600780
000002
000063
600428
000157
600009
600037
600028
600600
600016
000983
600717
600309
600020
600036
000022
000895
600096
600028
600036
000039
600031
000400
600011
600019
000983
600900
600360
600631
600594
600104
000898
600018
600029
000625
000063
000488
000039
600019
600900
600005
600009
600018
600050
600855
000002
600330
000792
600029
600028
600740
600320
000063
600309
600036
000898
600058
000039
600519
000002
600005
600018
600019
600033
600050
600036
600028
000538
000983
600123
600348
000027
000022
000012
000068
000956
000630
000866
600027
600269
600050
600036
000983
600005
000063
000937
000858
600002
600177
000581
600018
000625
600028
600563
000527
600019
600642
000088
600009
000063
600267
000039
600050
000866
600019
600104
000983
600207
600016
600900
600037
000625
000792
600026
600028
600320
600029
600309
600018
000063
000792
600009
600583
600900
000895
000911
600066
000088
600535
600085
600428
600694
000423
600383
600348
600320
000022
600900
000039
600009
600005
600019
000937
600012
000063
600026
600688
000983
600028
600660
000022
000402
000858
600089
000157
600309
000002
600900
600428
600309
000022
000983
600009
000063
600019
000792
000911
000039
000088
600383
600717
000960
600036
600320
600018
000423
600348
