13930
000425
601601
600000
601699
000527
600123
600271
600875
000811
002123
600141
002073
002122
600143
000063
600585
601288
002479
600651
600362
600967
600378
601377
002155
002129
000937
000540
000799
600072
601216
002526
600416
000850
600268
601888
000410
000725
000861
600694
601958
002089
600271
600881
600587
002179
600056
600289
600884
600866
601318
000823
601998
002060
600449
600208
000792
002068
600586
000002
600348
600322
600395
000551
600107
002470
601111
002005
002177
600802
600668
002297
002128
000858
000903
000568
002006
600172
600252
601117
600395
000858
600805
600104
600036
600537
600724
600970
600029
000937
300104
000050
600031
002081
000157
600738
000012
600067
000935
000568
000727
300048
600383
600111
000401
000877
000063
600348
000651
000400
002458
601318
000639
000423
600518
600742
002501
600770
600720
300111
600240
002376
000998
600199
300198
600785
600063
600528
002261
600027
002036
600362
600831
600702
000718
300065
600585
601566
002042
002086
002450
002082
000789
600750
600881
000630
000550
000651
000540
601088
600970
600266
601288
000527
000581
600216
600267
600809
000895
600779
600823
002013
600030
000063
000968
000501
600631
000002
600115
002006
601101
601601
002024
601166
000755
000800
000921
002181
000961
601699
600312
600690
600827
600000
002279
002033
000680
002001
000960
601006
000060
000063
600546
002038
600030
600963
601318
002399
600036
600837
600406
600089
000422
000811
600664
000001
600858
000759
000951
601377
000651
601601
601766
600415
600030
002008
000063
600585
600060
000417
601888
002475
601377
000401
000568
000789
600123
600029
000002
600031
000729
002155
601788
601002
600036
600376
600970
600018
600104
002236
002006
600428
000823
300027
000039
601111
600009
600050
600406
000937
000877
600362
601699
600000
600016
000581
600537
600729
600216
000933
600188
600261
601688
002041
000887
002001
600690
600742
000686
002123
600519
600550
601101
002241
600015
600267
600963
002024
601208
000680
000630
002296
600739
002017
600859
601006
600276
000650
600016
002140
002006
601166
600111
600031
000568
600585
000826
002010
600425
600240
000937
000630
600587
601101
002106
000858
600096
601989
002001
601808
002304
000039
000877
601169
600519
002236
000998
002069
000527
600062
002264
600172
002168
002061
601699
601857
600537
601766
000012
600104
002408
002118
600802
600150
000651
600967
600251
000816
000540
600739
000061
000680
002167
600970
002043
002142
601088
601678
600068
000718
002392
002586
600160
000538
600058
600497
600636
601866
000024
000933
600089
000558
600383
000157
000009
002050
002146
600406
300229
600547
300183
600729
000961
600535
600549
600612
601318
002007
600585
000009
600031
002069
600415
000926
600016
000423
000538
000651
600499
600570
300124
600166
600015
002024
600141
600887
600016
002304
600089
600585
002024
601699
000002
600519
600801
600690
000651
000069
600383
002202
000792
600875
600309
601328
601006
600015
000895
601318
600887
600519
600331
601166
000758
000776
000858
600415
600804
600266
300003
600383
600029
600690
600616
601992
002563
300219
601166
600031
002024
000581
000568
000423
000858
000895
000937
601318
600519
600887
600079
000338
000848
601717
601111
600858
600600
600267
600557
601088
601699
600703
600048
000962
600467
600585
600373
000001
600828
600458
600581
002121
000629
600015
600271
601899
000885
600850
601166
000858
600383
600257
000400
600276
600551
000157
600690
600289
000939
600595
600307
600062
600000
000568
000666
600388
000635
000616
300115
600079
300034
002115
002216
600150
000789
002212
600327
600239
002154
002411
600161
000631
000069
600586
601898
601688
000420
600121
600125
000568
002266
600585
002129
601088
601766
600050
600036
000983
600062
002024
600496
600690
002146
600019
000937
002080
002073
601699
600588
600835
600859
600383
600048
600030
600231
600519
000418
601166
601299
600362
600066
002155
600600
600688
600422
002007
002123
600016
600050
600030
601166
000001
000157
000063
000983
000630
601601
601628
600188
601318
600373
000629
000878
000060
600690
000939
601333
000807
601006
002008
600058
600383
300064
600382
000612
600828
601118
600239
600673
000709
600497
000933
600723
600123
600456
000651
600585
600188
601857
601666
600997
601166
601866
600019
000401
601398
601008
600660
600720
000792
000983
600597
000789
601699
600104
600837
002299
600880
002392
600812
601898
600887
600467
600060
000858
600585
600298
000651
000338
002397
600031
600694
600418
600048
600030
000417
300070
600362
600337
002304
600068
601318
000876
000566
002266
300105
002155
600111
600354
000858
600016
300159
601601
600038
600449
002106
600383
000630
002024
002422
002299
600030
000758
000581
000783
600436
000425
600104
600019
002024
000012
000527
600660
600031
000800
600166
600690
000157
300002
600703
600887
002041
600050
600100
600585
000422
601288
000629
002155
600050
600030
000002
601601
601328
601166
000709
300256
600383
601318
600104
300259
601006
600231
600028
601009
600240
601668
600271
000001
600060
000729
000937
600309
600805
600029
600761
000932
600251
600036
601857
000401
601088
601699
000858
000422
000024
601169
002564
600519
000895
600664
601607
000759
002202
600693
000568
600517
002007
000848
600196
600580
600406
600600
600079
000650
600276
600352
000028
600518
000650
601989
601601
002304
600029
601808
601118
002168
601111
600499
600837
002106
002029
000002
002273
601318
000877
601890
600015
002167
600104
600000
600123
600048
000629
600188
601601
600036
600348
000937
600199
601169
000858
601101
600123
600740
002063
600503
002142
601328
601117
600684
601398
600502
000915
002195
600801
000527
002480
601009
600030
600967
600271
600104
000960
002006
600406
600809
000933
601166
600079
002123
600015
000590
002073
000568
600535
600837
000939
600961
002234
600000
600362
600869
600160
600255
601699
002050
600016
600546
002264
600031
600585
000401
002106
002073
600801
600015
000895
601006
601699
000063
002293
601299
000669
600111
002344
601088
000550
600030
600362
601668
600801
601766
601166
601318
600036
002408
000002
600309
601601
002415
600339
000887
600612
000063
000729
002155
000983
601899
600016
000987
300102
002138
601111
600376
600048
601009
600141
600362
601101
600741
600115
000629
601318
600383
600125
000666
000983
600000
601607
002123
600276
600594
000858
601166
601992
002079
600100
002177
002212
600062
600058
600268
600553
600348
600415
000826
000860
600765
600373
600289
600511
000516
000983
600016
600015
002073
600801
600150
000651
600354
002439
600688
601888
000024
000625
600585
002396
600858
600970
002273
600068
600589
000009
000983
600104
002079
600048
600050
000960
600664
002176
601678
600837
601179
600362
600251
600468
600123
600309
600581
600809
600000
600015
600089
601216
601299
000568
600395
000799
002601
600963
002506
600030
600031
000069
600036
000059
000651
601318
002236
601118
000598
601989
000012
601899
002041
600875
600801
600585
600425
601088
601117
000755
600418
600815
000002
601766
000596
002430
000400
000401
000157
600284
600290
600160
600176
600380
600502
600547
601818
600739
600843
000792
002108
000536
002142
000893
601886
002086
000878
600208
600339
600376
601009
600095
600523
002244
002298
002202
601318
002024
000729
000002
600383
600050
000039
000422
600572
000568
000009
002218
600123
000792
601166
000060
600655
600366
601717
600970
600166
601601
000997
600694
600812
601727
000897
601318
600576
002310
002192
000151
000848
002253
600992
000795
600990
000009
600400
000858
600104
601933
300127
600416
002063
300183
601318
601678
002460
002129
002607
000998
300224
300170
600967
002638
002535
002091
300199
601318
600015
002024
600489
600585
000002
601166
600875
000983
601088
601288
600048
600588
600036
000729
600547
000937
600600
000157
601678
000895
600887
000538
600276
600519
000401
600153
002422
000063
600362
600028
601299
002304
600068
600511
600795
601766
600900
601166
000858
601699
600036
600048
600016
000527
601318
600309
600276
600585
600104
600030
601288
601166
000630
000983
002001
600284
600376
600123
600837
600900
000960
600723
600547
002415
300174
002038
002139
000629
000597
002226
600537
002106
000792
600823
601888
600339
000069
600600
600261
000568
600418
600870
000561
002009
600516
600469
601101
600069
601888
300264
601106
600016
600021
000875
601899
000069
002214
000629
300130
601699
600031
600068
002051
600547
000718
600997
600354
600289
600805
002021
600395
600101
600210
601799
000963
600362
600375
002129
002106
000927
000543
300090
600519
600485
600439
600376
002179
600383
600028
600339
000799
600831
000157
601299
600048
600887
601318
600016
601601
002584
000876
600585
000581
600050
002575
601166
601299
300158
000937
300086
300180
300225
600340
000063
000629
600125
000001
600978
600257
600000
600019
600415
600887
600029
000716
000060
300034
600547
601899
000860
600102
000157
000538
600137
600551
600489
000983
601088
600519
601111
601168
600288
002086
600089
000729
600488
600828
601998
600276
600016
600115
000858
601877
002144
002297
002249
600161
600770
601666
600239
600436
600386
000982
601818
600121
600581
601166
000568
600031
600875
600307
600595
600388
600597
600015
000807
000939
000969
600022
000987
000709
600723
000651
601601
600801
000895
600309
600585
600016
600312
000858
600690
600036
600000
601288
002269
601666
600289
002140
002024
600150
600825
600143
300070
000826
600123
300105
600031
601318
000629
600585
601766
600362
000983
002304
000800
000858
600048
000157
601699
600276
600050
600104
601857
000401
000937
000630
002024
600703
600268
600887
000581
000983
000568
600585
000338
601699
002142
000937
000848
600267
600362
600880
601166
601717
600276
600406
600111
600537
000776
600030
600644
600547
600489
600312
000783
601666
000426
600549
000655
600739
000686
600038
601088
601899
600123
601166
600612
600837
601688
600016
000968
000630
000562
000837
000878
002001
600216
600519
002069
600362
600143
601899
600352
000858
000792
600132
600251
000960
600050
600096
600030
000869
600104
000630
600518
600702
000650
300102
000422
601601
601318
002024
600016
601607
002129
600036
000063
601088
600875
000962
600585
000848
000792
600887
000858
000002
600837
300002
600511
000998
600030
000669
002086
000061
600887
000895
601117
600221
600809
601601
600298
601628
601377
601888
600125
002106
600519
600027
600009
002065
600859
600138
000858
002269
600469
002158
002344
600559
600600
000590
600036
600697
600498
300144
000680
600754
002167
000869
002142
600801
601818
000939
600578
601166
002345
002033
600258
000527
002024
000562
600236
000915
601933
000501
000973
600467
601998
000811
600837
002563
000848
600029
000415
000507
002282
600742
600999
000009
600015
600019
002129
600812
600550
600376
600631
601688
600010
000869
000063
600875
601899
600000
601857
600150
601390
601727
600739
600428
600028
601628
601288
600056
601888
600309
002097
600029
600104
600030
600887
601166
600268
000729
000425
000825
002122
600875
600029
601111
600383
600115
600048
000895
600104
000983
601666
600312
002152
600015
000877
000002
000001
600418
601766
601958
000417
000401
601601
000680
000063
000528
600801
600030
600009
600318
000858
002008
000039
002001
600068
600809
000550
000877
600805
000937
000530
600519
000562
600188
600153
000157
600104
000988
601117
600395
600697
000423
600518
000776
600516
000915
002073
000415
000597
000630
002038
000028
600587
600089
600971
002167
600125
600498
601628
601699
600409
600741
600284
000568
600517
600741
600386
600664
601168
600176
601766
000869
002024
600519
002146
000402
002123
600415
600169
601607
600360
600036
600276
000002
601601
600050
600036
600893
600737
002028
000024
002104
000513
601106
601588
600000
601088
600588
000630
000729
000063
600054
000400
600208
601866
000970
600115
600585
000933
601318
600048
000024
600690
600496
000937
600518
002008
600000
000425
601166
601117
000527
000630
600741
000629
600188
601898
600502
000937
601002
601299
000630
601766
600495
000528
600636
600153
600058
600458
601101
601699
000758
002038
600068
000009
600801
600668
000568
600583
002060
000998
600362
002261
002106
600143
002457
002155
000680
000039
600585
601989
600150
600685
600970
600583
600111
600585
600031
002167
600403
601618
000157
000581
600387
600742
000789
002158
000635
600995
000718
002249
600051
600216
600887
600157
002155
600837
000527
000550
600172
002518
600188
600036
600418
600741
000629
600795
002450
002485
601699
600362
600021
600997
002065
002063
600707
000893
600660
600303
600863
600309
600016
000708
002384
601766
300154
601668
000012
600710
600036
601601
600585
601318
000858
600000
600028
600519
600058
600518
600893
600415
600309
600068
600271
000538
000783
000998
600563
600111
600016
600801
600585
600019
600089
600875
002304
000002
002024
600694
600690
002154
000069
601006
000983
600519
000792
601318
601328
600015
600970
601699
601318
600050
000858
002024
000527
002073
601601
000401
601117
601607
000651
600115
002038
600029
002051
002035
600585
000012
601111
002111
600036
600143
601318
600048
000002
000895
000063
600690
600029
600123
000069
600000
600383
600795
600066
000869
000858
600497
600426
600995
600050
600036
600875
601318
600900
300027
601299
000800
600038
300070
601166
600030
600628
601857
600019
600028
601169
600029
601117
601158
601009
300101
601179
300159
601186
002097
600141
600331
600015
000630
000792
600479
600597
002477
600362
600717
601808
600309
300029
002179
601766
600096
600108
600519
300022
601111
600195
002268
600178
000598
000905
600583
600000
600316
601006
000911
600048
601717
600066
002589
600495
000423
000807
000538
000858
300187
000783
300035
601628
600616
601601
000617
601989
002215
600550
600276
000758
600686
600198
300053
300044
600202
601668
000629
002345
000951
002285
601168
600418
300228
000625
600428
300084
600825
000933
600118
002583
000554
600990
600737
000680
600270
601106
600075
600970
601088
600425
600995
002465
300036
300186
300134
300215
002313
600031
600458
000039
600612
002285
002535
002422
002304
300183
600252
002042
600303
600066
002474
002223
300195
002106
002084
002081
002430
000973
601166
000001
601009
600150
601169
601318
000338
600015
000877
600729
600066
002304
601699
600859
600827
600000
002041
002221
000679
002051
000063
000001
601318
000568
601166
000069
600887
600395
600016
600963
000651
601288
000729
000895
000012
000755
600256
000420
600456
600837
600703
600537
002299
600292
600303
600111
002236
300124
600835
002303
600549
000157
002497
600498
002079
002261
000998
600805
600309
300142
601699
601101
600458
000858
600585
600362
000423
600015
000969
601166
600000
600036
600252
600261
601169
600123
601088
600707
000039
600031
600089
600499
600887
600881
600318
600802
000968
601318
002037
601668
601106
000822
600123
600090
600335
000727
600069
000568
600967
600015
000887
000972
002233
002328
000629
600739
601117
000623
600386
600784
002034
002126
002117
002054
000679
002042
000919
002082
600620
002127
002050
600693
600983
000883
600621
002258
000666
002217
600684
002014
600814
600036
000063
002310
000338
000513
000933
600546
600199
002384
600223
600098
002344
601998
000401
600068
000061
000581
002164
002250
000926
000858
600050
002450
601601
002490
002038
000630
600580
600723
002065
600157
601318
000700
600000
601628
000026
600886
000422
600795
002430
600028
600036
000910
000632
000006
601169
600529
600970
600019
002474
002522
000001
600383
000417
000060
601618
600029
002278
600362
600585
600036
000581
000157
000783
000401
000338
601088
600104
600547
000858
600030
601668
601166
600029
000630
600318
601888
002006
601318
600256
600887
600559
600582
601901
600036
600271
600360
600694
600095
600016
000581
000968
600116
600283
002144
600029
600499
600750
601318
000401
601699
600585
000937
600048
002008
600015
600742
600383
601601
600030
000877
600125
600188
000417
000630
600251
002006
000527
600318
600376
600997
600016
600143
600060
600395
600458
601101
600176
600068
601088
000024
000758
000895
000063
600104
600537
000039
600312
600739
600690
002029
600426
002475
600266
600518
600582
600535
002041
601169
600801
600837
601009
600502
000530
000887
002001
600428
600000
600415
002122
600863
000837
600036
600581
601006
600111
002073
000002
601208
000402
601566
000961
002146
000780
600806
002573
600720
002106
002038
002118
600388
000869
600406
600971
601766
600153
002123
600519
000629
002601
600089
600079
600029
600067
002035
601992
000623
000568
000811
002142
600348
600887
600498
000698
600303
002032
002254
600216
000759
600050
002167
601166
601886
000422
600600
300025
600066
601186
000651
600096
601899
600827
000789
002432
600588
600636
600495
000426
601699
000063
000858
600123
601111
600875
600085
600029
601166
600489
600153
600031
600819
600519
600406
601101
600125
600309
600547
601989
600036
601088
601318
600362
002050
600111
002179
600069
000629
601299
601899
000680
002375
600415
601668
600303
000799
600019
600118
600312
600038
002261
600664
000425
600066
600337
300027
600256
000559
300077
002362
002467
000965
300112
600664
002437
002485
002441
300119
002172
002435
002387
002463
002468
002247
000916
600573
002315
002144
002335
002133
002436
300086
600323
002306
002333
300155
300103
002351
002404
600006
600269
300083
300041
300141
300078
300125
600418
000671
002336
300135
300126
600976
002367
300052
300066
002401
002464
300081
300120
000989
002400
000715
002372
300033
002320
002434
000800
002117
300133
002491
002494
601688
600246
601919
601866
002489
000619
600376
300159
002092
002507
000900
600354
600141
000609
600516
600030
600193
000009
601699
002008
600199
600348
601857
600111
600549
300068
600256
000830
600970
002118
600739
600125
002006
000666
000979
002298
601299
601766
000629
601989
000998
002106
000758
600572
600863
600502
002230
002140
601117
600425
600967
000540
002060
600844
000026
600031
002011
600519
600048
600123
000157
002283
600497
000762
600116
300024
600760
600337
000623
002043
300198
600636
601101
600303
601678
600482
300240
000630
600395
002241
002037
000881
002129
600029
600068
600251
600496
601998
000793
600160
600284
000816
000970
600770
601318
002010
600535
000635
600458
601208
300108
002102
000558
300074
601398
000651
600433
600478
000012
002428
000024
000877
000528
000711
600312
600587
601088
002093
002299
002304
600252
000777
600332
600058
300090
600108
002282
600316
000568
002050
002121
600614
000933
002146
600971
002541
600248
002256
000507
000887
000889
600794
600113
600271
000755
002167
600346
600888
600503
000596
600096
002094
600969
300022
300115
600475
600112
600383
600172
600362
600376
002074
600406
002234
000718
600086
600321
000789
002226
601179
601166
600036
600000
600585
002106
600015
600261
600050
600048
002129
000001
600256
600362
600089
000568
600636
600498
600016
000401
600880
600970
600068
002056
000063
000651
000002
600519
600271
000538
601169
600123
601168
002038
600570
002152
600276
600887
002230
600525
601006
000792
600395
600309
601678
600581
300080
000024
002161
600188
600628
600406
601009
000423
000858
600079
000877
600536
000157
600467
002081
002564
600383
300022
002236
600718
002142
600588
600425
000009
600518
600348
600143
600339
600571
002091
002055
000578
600761
002010
600580
600808
002385
002414
000402
002123
600582
002007
300209
000630
002565
600804
600226
600410
002025
002273
000969
600267
600376
600416
600729
000027
601766
601299
000650
600741
600160
600527
601318
000630
600362
000063
601899
600125
000887
000060
601628
600050
000629
600497
600373
600030
600828
600188
002121
601166
600276
601601
600123
000009
600268
600673
000157
300034
000559
600723
600594
000415
000762
600383
600000
600221
600549
600395
000789
600239
000807
000878
600029
600150
600837
601126
000420
600875
601168
000001
002454
601088
002527
601688
600498
601989
002024
002241
600271
000581
600068
000630
601166
000039
000877
600395
000012
000629
601117
600837
600216
600739
600000
000001
000680
600029
600030
600660
000848
000425
000858
000651
600362
600519
600036
600048
000401
600875
000009
600809
000540
600516
600267
000596
600348
600497
002161
000423
000968
600673
600240
600527
600248
000581
600784
600725
000789
002431
000639
600549
600176
002155
000422
000822
601117
002140
000960
601888
002241
600970
600803
000157
002068
300124
000961
600058
000816
002131
600050
600068
002008
000039
600505
601699
600048
000629
601318
600015
600309
600123
600031
600362
000527
600585
600519
000858
600016
600795
000630
600415
600997
600266
601088
601601
600104
601818
601607
601888
601006
600169
600000
002024
300079
000651
601288
002155
000937
000528
600038
600395
000709
601117
000895
002244
601318
000063
601818
300134
002236
600016
002106
002024
600362
600036
002415
600153
601299
601628
601601
000708
600031
601166
600157
000911
600704
600261
600997
002050
600875
600089
000001
600327
600048
600031
600016
601699
601169
601628
600395
600383
601101
600048
601318
600518
601766
600123
600516
600015
000423
601898
000858
600036
600585
002244
600188
000895
000789
002001
600497
002304
601601
000063
600240
300245
600267
600143
300101
000024
600050
300197
600376
300253
000568
000937
601901
300190
600409
600378
600801
600783
000826
000680
300156
601166
002582
002310
002635
002118
600030
000970
600027
600875
300045
600256
000709
600312
002526
300035
300070
002142
600802
600535
000707
000961
002154
600547
600388
600118
601009
600805
000422
600823
002230
002093
600216
600887
300219
600120
002392
000650
600261
600636
600176
600489
300168
600804
600742
002562
600096
002078
002414
002450
600276
601808
600102
002109
002479
300171
300257
600060
300241
002206
600208
002081
600011
002528
300015
002282
600066
600418
600425
600104
000039
600193
002298
600970
000566
600101
601886
002422
600739
002583
300157
601717
600318
600519
600795
300027
600339
000671
002222
600961
601288
600690
002129
601678
600511
600537
600231
600416
000933
601919
002151
600309
002138
300134
600019
600809
601992
002167
600517
000777
600406
600495
600580
600432
000698
600971
000430
000590
002572
600583
300105
600111
300216
002234
600219
000630
000869
601126
002041
002163
600268
000422
600031
000937
600875
000895
600535
601088
600036
600009
600016
600219
600348
600157
000858
000983
601117
002336
300134
600600
600717
600783
002230
600143
000968
000895
000069
600887
600497
002161
600195
600383
600519
000426
000669
600048
600496
600525
600809
002118
600606
600529
000598
601318
600056
600702
601117
002024
600085
600088
300171
002055
600750
300251
300197
002241
600499
000858
002310
600079
600048
600036
002024
600362
000596
601168
000069
600837
000858
000527
000002
600516
601318
000060
600016
000425
000651
601601
601857
601117
000050
000983
601111
000780
002146
600518
000960
600383
002081
000630
600111
600875
600887
000012
002292
600088
601699
601601
600585
601318
600000
600143
002073
000425
600271
000527
601166
002123
600141
600195
600415
002479
600383
600267
000887
000629
600298
002152
000680
002154
601668
600694
000961
000157
600362
600585
600104
600739
600458
600581
600231
002024
600000
000960
600809
600660
000527
600096
600418
600690
000581
600537
600068
000858
600547
601118
601699
601601
002006
000778
600050
601318
600352
000002
601666
600036
601766
600318
000961
600015
000012
600309
601369
600261
002001
600031
600720
000630
000937
600316
600425
600742
601989
600893
600048
601101
601919
600058
600019
600030
000877
600348
600375
600029
600456
600354
600383
600549
600153
600523
002304
600875
300070
000876
002146
601106
300027
601888
300203
600132
002230
000069
002007
002155
002041
600496
600637
600460
000911
000425
000063
600416
002129
002012
601179
000930
000893
000972
000597
600337
002232
000598
600583
600072
600150
600489
000422
601377
000768
002254
600088
000612
000939
600216
600335
002550
002038
000338
000983
601601
600683
000960
600362
000598
601899
000876
600487
601166
000581
600271
000060
002007
601866
000858
600352
000630
600458
600111
600458
600519
600585
000983
601318
000969
000758
600036
002236
600366
600518
000039
600015
600048
601699
600016
601808
000002
600298
600050
601299
600352
002304
601166
600415
601318
601601
601101
600694
601866
000338
601699
600395
600016
000869
000423
600048
600031
000937
600000
600016
002583
600015
002073
600050
600588
300209
601288
601318
601886
002106
300255
000527
600027
000002
002431
600011
300020
002038
600588
600048
000024
601699
000656
600887
000538
600376
601369
000937
002482
002073
600118
600037
002375
600016
300174
000651
601601
600123
600585
600518
000538
000423
601117
600143
600036
002106
600887
600256
600000
002146
600309
000998
002129
002073
600425
002304
600809
600418
600276
600079
002140
600805
000401
600991
600376
600048
600362
000858
600261
000039
000550
002142
000630
000568
000869
601766
000417
600332
601699
600997
002155
000651
002123
600519
000157
000650
000983
600581
601088
601299
600778
600458
600337
601678
002041
002422
600267
000680
600383
600104
600111
000002
601398
002564
002096
600068
600290
000811
601888
000568
002129
000001
600739
600221
002155
600388
002297
000777
600268
000903
600694
600157
601369
600068
002011
600415
601699
600380
600098
600000
600887
601668
600062
600900
000099
600750
600108
600348
000630
600176
600030
601166
600739
601601
000059
600468
000933
601318
000527
000157
600123
600036
600016
600362
601678
600048
600193
000937
000401
600089
600693
600000
000046
600843
000063
000876
601998
601009
600354
000926
600019
600900
601607
600795
601901
601179
600104
600276
000983
600188
600239
600395
600585
600030
000039
600016
601288
000401
000009
601166
601601
000651
600309
600036
601006
600395
601318
601988
600267
000680
600425
000338
000001
000877
601998
000157
000858
600166
000650
600525
600125
600015
000951
600595
000983
002001
000425
601989
601888
600383
000402
002344
000937
600519
000983
601992
600188
601899
601857
600036
601699
600631
000786
600831
000962
601117
600875
000612
600547
000969
601666
000799
600704
002146
600068
600801
600795
600655
600153
000596
002106
000895
600887
000401
600276
600585
000538
000063
002422
002304
000656
600519
600028
600267
600795
300101
002230
601299
600011
002330
601766
002503
600362
600511
600284
600900
000002
600048
600519
600036
601318
601288
600028
601601
600015
600000
000792
600383
600887
600309
000597
601628
600354
600016
000568
600880
601939
600195
000559
600866
000063
600549
000858
600376
000895
000513
000501
601169
002037
601919
000521
002082
600664
600489
000778
600176
300006
600585
600031
000858
600048
000568
600502
600036
600104
002304
600016
600519
600123
300070
601288
600354
000937
002214
000596
601766
601166
000729
300137
600376
000423
600015
600029
000061
000789
601601
002241
002055
000651
600742
000024
600318
600292
600320
002093
002106
601088
600000
600383
000401
300105
000009
600581
000925
002081
601668
002375
000960
600362
601989
000877
600482
601699
002296
600859
601318
002474
600426
601299
002310
600644
601111
002073
600816
000002
000651
600585
600518
601117
600036
600028
600383
600016
601166
600048
600000
600104
000527
000401
000650
600537
002006
600015
600208
600519
600859
601318
000024
000786
600376
600315
601288
002123
600276
601668
600805
600309
000858
600354
600029
000423
600019
601118
600963
600761
600720
000895
000713
601169
000417
601991
000708
000877
002236
002250
000709
000629
600418
600298
600062
600875
002008
000800
002146
002308
300083
002086
000823
300020
002269
300216
600337
600395
601566
300012
600516
002073
600697
600415
300029
300007
000430
000988
600176
600066
600582
600467
002146
000629
600805
000861
002262
000538
300229
600079
601888
600038
002012
002069
000002
000063
600482
002154
002433
000401
600485
000157
600054
000937
601699
002566
002123
600036
000400
600000
000423
600226
600050
600519
600271
000983
000778
600686
600208
000001
601998
601001
000878
000960
600266
600383
000776
000800
002146
002304
601857
600376
601601
000002
000060
600036
601169
600837
600535
000858
000869
600009
600312
000630
600498
601919
002140
600019
600266
002155
601117
601186
600376
002230
601166
600585
600739
601601
600518
600395
600030
600068
000568
601699
600880
600292
002123
000001
000401
000877
300003
000887
600664
600251
000939
601166
600519
600160
600636
600585
600518
600068
000858
000983
601088
000758
600276
600547
000157
300169
600497
002161
600436
600426
600000
600318
600395
000568
600016
000538
000528
600383
000680
600809
601918
600582
002236
000422
000755
000425
600085
600425
601111
000530
002475
600208
600071
601989
000869
000630
601117
000877
600125
600348
000400
000895
601288
600261
600583
601566
601601
600970
000039
600502
600525
002017
600188
600581
601001
601766
000401
600395
002129
002001
002304
600425
601009
601699
600809
600143
600887
600123
600815
000848
002013
000858
000961
600036
000568
002252
000527
600166
000425
600496
600312
600125
600805
002078
000911
600096
601808
601101
600497
000540
600188
000417
600859
000630
000089
600261
000978
300022
600702
002094
600770
300157
600963
002146
002290
002230
002436
600875
000858
000401
601607
000039
000538
600029
002106
600519
000623
000423
600352
000877
600739
600111
601166
600362
000568
000651
601766
002001
600050
601111
002056
600216
600276
601678
600169
600588
601299
000157
601318
000422
000012
600547
600583
600115
600030
600366
000776
000024
002008
600123
000988
000969
600585
601601
000401
600048
600383
601318
600519
600537
600418
002106
600362
000936
000002
002241
600123
600581
002155
600030
600376
000630
600031
000039
600153
000789
000009
600050
002430
002151
601566
000816
601933
000917
002106
002341
600809
300144
002597
600406
002564
600340
600787
000858
002465
002241
601208
000661
000507
600458
601886
600188
600362
000630
000988
600410
600780
002450
600499
601601
600415
601766
600030
600585
600261
000039
600060
002475
000417
000568
601888
000401
601377
000063
002008
600009
000789
000002
600123
600029
600031
600104
002155
601788
600376
600970
600018
601002
600036
002236
600519
600267
600428
600050
600068
000650
600362
601111
600000
000823
300027
600406
002006
600801
600188
000933
000581
002296
601101
600537
601688
000729
600216
601208
600742
002123
002001
002041
000686
000937
601699
600690
600276
600550
600015
000887
002017
000869
000630
600963
600729
600739
002106
601006
002024
600496
000680
002230
002241
600354
600859
600809
300050
600284
002480
000423
601318
600583
000983
600585
000423
600068
000937
600276
600036
601117
000970
600000
000895
002008
600251
000792
600348
600143
000002
601668
600713
601166
000559
002583
600199
000877
600742
601169
002118
600015
000540
601699
600585
000551
600266
600418
600016
000926
000651
300228
002182
601318
600557
600888
601601
600295
002490
600801
600887
600188
002086
600415
002612
300245
000937
300090
601808
002344
002574
600720
002424
600673
002001
600884
002410
002528
000401
600366
601006
600572
601166
002106
600525
002324
300082
600036
002368
300196
000680
002041
300086
002146
000568
000792
000530
000425
600376
601328
600223
600460
002436
300223
000708
600395
600537
000423
600425
600773
601988
000858
002048
600123
002233
000823
600111
000970
000039
002414
002299
600311
000911
300222
600804
600835
601009
600770
000566
002482
300108
300065
600143
600559
600036
600383
000858
600016
600518
600837
600000
002304
600535
600547
000983
000776
601169
000001
601699
601766
000338
601118
600519
002129
600050
600104
601766
601299
000063
600875
600068
600030
601717
600362
000800
000776
002123
002091
000960
600320
600581
600066
600038
000816
002450
600893
002121
002375
600268
600160
000527
000973
601808
600729
002017
600236
600835
000630
600009
002021
600703
000550
002019
000425
002482
300142
600352
600589
300018
002384
600580
600804
000400
600118
600895
600348
300025
600499
002554
600309
002422
002444
300101
002564
600312
300048
002529
600276
600511
000561
600115
002230
601117
300161
002238
002081
600337
600000
600502
600585
601166
000001
000630
600123
600362
000758
601101
601288
600971
600050
600702
000039
000933
000401
600036
000528
000970
000002
000789
000839
600010
600801
600497
600773
600765
000540
601006
600271
600416
600595
000807
600068
601601
002155
601818
601601
002129
600157
000568
600098
601888
601166
601168
600036
601668
600739
000933
601688
600432
601169
000001
601939
601958
600970
600141
000417
601318
601601
601111
600519
600068
600048
000651
000858
601166
000998
000596
600029
000002
600547
600801
000659
600362
000996
000400
000069
000063
600016
000001
000969
002081
600720
600383
000157
600029
000069
600221
601166
000630
600016
000002
601111
600376
000401
601009
600066
601318
600801
000783
000063
600125
601899
600664
600176
002202
601328
002142
000848
600036
600309
600312
600173
600048
601601
000880
000807
002140
600143
600809
002080
600585
600537
600248
600111
000581
600803
601117
000848
000423
000869
002254
600660
600050
000551
002396
600276
601088
600123
000651
000937
600031
601166
600362
000001
600030
000401
000877
000063
600585
000568
600000
000933
002155
600563
600519
000528
600066
600875
600068
601318
600089
002073
600284
601808
000050
000012
601989
000680
600694
601766
002123
600812
000401
000423
000999
600585
000969
600518
600123
601989
600585
000527
600348
000425
600030
000157
000651
002299
000024
000063
600031
601808
600690
000858
600150
601166
600000
000937
000001
600518
000581
600068
000039
600685
600169
600096
000562
000002
600805
000423
600739
002353
600835
600875
000837
000926
600125
000012
000338
600015
002081
600104
000568
600036
000807
600416
600141
600276
600309
600009
600522
600060
000401
601607
601377
002457
600005
600266
002422
000776
600806
600449
002056
002325
601788
600406
002091
600415
002063
600489
600837
601186
002327
000099
600337
002008
002142
600893
600410
601009
600549
600388
002038
600499
002033
000528
000422
600327
601668
601106
002277
600497
000951
600881
600498
002244
600535
600426
600089
000629
601898
000629
600069
600469
600869
002013
600547
601899
000876
600516
601888
000875
600354
600997
600312
601998
600389
600720
002021
601699
000837
000858
601166
000423
000629
600415
000063
600690
000012
600887
000895
600703
600809
000338
000400
600000
601318
000422
002008
002024
600267
000581
600036
601106
601166
002008
600376
000876
600221
600016
600585
600739
600887
600125
600169
000826
600183
601299
601328
600000
601318
000513
300006
000538
000423
002038
300049
000028
600267
600572
600216
000999
002223
600812
002004
600664
300206
002412
600079
600750
600380
600425
601699
000401
600031
000527
600585
600348
600312
600664
000998
600496
600030
002065
600900
600971
601989
000759
600123
601601
000012
600048
600498
601101
600805
000876
000877
600395
000937
600362
600739
600418
600644
601186
600720
600970
600276
002081
002106
601318
000629
600496
601888
002068
300105
000002
600362
300169
002091
000630
600498
000423
600875
000998
000063
600248
002132
600809
002038
000425
600707
600030
601766
002296
600780
601106
000776
002024
000540
000157
000060
600111
601699
000858
002033
600107
002344
600104
600029
002108
000983
601166
002603
002011
601808
600036
000963
600693
600595
000009
600048
600585
000423
000002
600089
002106
600970
600123
600000
600256
600362
601166
600036
601006
600425
601088
600261
600887
000792
600050
600636
600519
600750
000538
600383
000063
000848
000858
000877
600628
600309
600068
600416
000021
601169
000960
601009
600467
600582
600160
600837
600031
600111
000009
600117
600123
600030
601699
000858
600585
002292
600518
600729
002400
002195
600271
000913
000877
600594
600153
600029
000063
600585
600123
601688
600309
600383
601601
600816
601169
000024
601288
600050
600522
600761
600036
600223
600111
601318
600428
600030
601166
000759
600801
000858
600354
600231
601377
000807
601607
600111
000540
002080
600068
600869
000425
000707
300078
300080
601166
601318
601169
601699
002038
600100
600537
600415
600664
600704
600376
600283
601989
601106
600150
601268
601766
601818
601299
600328
000901
600895
601390
600068
000534
600116
000610
600967
002320
600855
600108
000721
600774
601002
000982
601799
600879
600400
600736
600707
600798
600456
600776
601866
600100
002564
000777
600072
600271
600760
600015
600677
000888
600496
600765
000762
600151
600877
601718
601599
000799
002467
600685
002209
000561
600801
600395
600048
600267
600519
000630
600362
600585
300217
601601
000157
600188
600809
600068
601678
600123
601117
600425
600805
000776
600376
300146
000002
002430
600594
600031
601318
000937
600104
000799
600537
600468
002410
002244
600581
600750
000877
002176
600029
600348
601216
600589
600089
002436
601179
600479
002041
600523
600549
002589
002099
600422
300115
600991
601699
600309
002236
600881
300170
600778
600290
601899
000401
002293
600729
000970
600458
000960
000998
300245
002535
002563
000826
002252
000059
000639
000425
600036
600837
600843
601168
600582
000962
600674
600276
600545
600673
002506
300015
600322
000807
601009
300058
300216
600966
000612
002129
300223
300080
600806
000823
002601
600232
600900
002079
000536
600642
601111
000983
002302
300210
002299
601166
000858
600050
002456
002408
000800
000157
600703
600690
600537
000527
000568
300088
002138
600707
002106
600267
000988
002214
601318
600585
601088
600016
600000
600970
600036
002024
000063
600009
600028
000651
600104
000039
000568
000157
600050
000778
600518
002001
600153
600176
600292
002007
600406
300182
002008
000680
600383
600970
002011
000024
600528
600318
600425
000001
000629
601117
601628
002469
600150
600050
002074
600496
600176
000401
002494
600805
000012
000877
002551
600516
600240
600585
601101
600479
600236
601668
600518
600881
600111
600720
002541
601318
000718
600801
600066
002106
600742
601299
000926
300035
300083
601186
002430
600475
601699
000009
000895
600100
600585
601318
600031
000401
000926
000680
601989
000858
600111
600770
600416
600815
600048
000968
600499
000527
600166
000937
000877
000983
600585
601111
000651
600348
600029
600887
000522
002038
000527
601299
600425
600125
600395
600376
000933
002055
600383
601166
601101
000999
601992
600068
600502
601699
000401
000826
600067
002500
600997
600664
600971
000039
600801
000783
000559
600115
600485
002205
600240
601766
000789
600765
601989
002106
000629
601688
601318
600585
600518
600415
600068
600036
600309
600030
000789
000858
000063
601288
002106
601601
002415
000998
600631
000630
000932
600844
600050
600519
600036
601006
600880
600100
601989
600030
000858
600028
000983
601939
000998
600486
601118
600068
600150
600875
600737
600395
601857
600258
000709
600019
002106
600348
600723
000937
600054
000776
600694
000001
600600
000568
600383
000402
000933
000978
601788
601699
600825
000937
000568
002089
002155
600150
002129
600378
601377
000850
600029
600491
600498
600395
600316
600072
002093
002019
600038
600387
000060
601668
600468
600416
600888
600815
601318
002060
600449
601106
600866
600668
600323
000551
002038
002128
000410
601958
600050
002182
002470
600881
600123
600226
000683
600271
002526
000540
000768
000792
600322
600100
600967
000713
002009
000635
000861
601628
002219
000932
000698
002053
600694
000513
600066
002068
600439
600523
000157
600107
002153
600502
601216
002100
600884
002148
600267
600797
600096
600710
000099
002177
002021
000823
000893
600456
600547
600016
600489
601288
600612
600266
002154
601166
000776
002038
600030
000024
601899
000568
600178
601088
000002
600029
000877
000983
600585
601166
600805
600519
600000
600809
600048
000401
601668
600383
000629
000877
600535
601766
600031
002001
000978
000400
000651
600036
600547
000937
600104
000540
600089
000423
601088
000024
601318
600048
600519
601088
002081
002304
600537
600256
600415
600000
600970
002106
600406
600859
002375
000858
000002
600585
601601
600104
000423
002029
600031
600015
600188
600036
002073
600383
600816
600015
600585
002293
000002
600801
600031
002073
002106
600559
601006
601699
000401
601088
601299
000858
000063
000527
002142
000650
000895
600111
601766
600030
601668
600518
000550
000651
000915
600498
000680
000669
600362
000792
000630
002304
600519
000983
002344
600970
600256
601117
600256
600031
002106
600585
600030
600111
600036
000423
600104
601601
000630
601006
601088
600801
600015
000012
002304
002123
600518
600887
000651
000527
002167
000338
000063
600239
000401
600458
601117
601318
600188
601699
002073
002223
002344
600068
600271
600741
000800
000869
000039
601299
000002
600519
600742
601009
000858
601398
002234
000858
600482
600188
600050
000568
600499
601888
300050
601288
000850
601186
600354
601601
600030
000876
600585
600508
601369
600104
601088
600837
600479
601717
601678
600146
002253
600015
000592
002024
000423
601766
000061
300039
600036
600048
601699
600309
601318
600276
600585
600997
002214
601288
000630
002254
600284
002001
000629
600809
600900
600030
600075
601166
600104
600723
002226
601888
300015
000983
000568
002017
002139
600028
600785
002185
002013
600376
000792
002215
600348
000001
000630
601166
000423
600362
600585
601699
002024
600036
600085
601601
600790
600271
000540
601009
600531
600016
600580
000895
002106
600000
002006
000887
601899
600893
002245
002247
000566
600276
002518
600482
002455
600512
600416
000727
600259
600050
002129
601318
600456
600475
600770
600085
002008
600837
000686
600048
600547
600388
600481
600015
000012
600555
000049
600036
600016
600739
600406
000590
600220
600236
600673
002055
600320
600290
000428
002432
000061
000002
000901
601006
000789
601299
600970
601766
600875
601601
000651
600837
000401
600690
600418
600585
000527
600123
601117
002001
000550
600415
000680
000858
600519
002573
000568
002041
300204
600318
600595
000596
601088
000001
002123
000860
600030
600216
000715
300228
000538
600802
600016
002321
600859
600252
600875
600036
000568
002024
601166
600030
000858
601601
600664
002006
600585
600547
000937
600016
000800
000983
601169
600188
000002
601699
600271
600581
601088
601106
600050
600309
000651
600267
600406
601318
600547
600887
002450
600036
000629
000039
600256
600809
000596
600252
000538
600489
600031
002241
002431
600089
002041
002202
600036
600900
601088
600519
000069
601628
002242
000729
000063
600600
600066
600309
000602
002024
000655
601566
600271
000983
600529
600111
600519
600585
600887
600518
601101
002038
600805
601117
600458
000581
002106
600036
600031
002008
000789
002202
600406
002123
600809
600309
002073
002163
600348
000651
000157
000401
000969
601179
600199
000858
600104
000933
000877
600036
601318
600199
000009
002375
601699
002431
600383
000425
000848
600030
600031
600198
600000
600067
600458
600261
600406
601169
002410
600844
600395
600582
600120
000939
000666
600068
601179
601299
000926
000921
000800
600271
600223
600895
002342
000046
002123
600352
300018
000825
002385
600718
600787
600006
600029
600410
002418
601818
000566
002273
600547
600079
000961
000893
300010
002490
002214
002217
002283
002304
600260
600276
600439
002011
300070
002439
000983
000157
600309
600585
601699
601318
600019
601166
600875
000039
600428
600176
601766
600383
600050
600123
000729
600887
601258
601601
000698
600795
600036
601601
000002
600395
600585
000858
000568
600887
600519
601318
002028
601699
600016
000513
000063
000400
000039
600048
600557
002001
002104
600415
000635
600096
000630
000778
601009
600547
601818
000999
601166
600835
000528
600362
600183
000878
600737
000911
600438
600978
000612
600884
600036
000400
000501
600694
000901
000423
600518
601857
600339
601318
600585
000527
601166
000423
000338
600000
000983
600029
601766
600519
600383
600348
601699
600177
600104
600036
601111
000538
002142
600036
000063
601666
600000
601318
600016
000895
601169
600519
600276
600029
600383
600873
600048
600050
600585
601328
002415
600123
600600
600118
300246
300260
002428
300199
002547
002029
600518
600458
002008
300177
600456
300253
300206
300008
002255
002006
002554
600976
000024
000937
000423
601808
600585
601299
600875
000629
002106
600881
000630
000063
601766
000401
600739
600415
002048
000541
000623
000968
600522
002407
601118
002253
000960
000822
600362
000630
002230
600038
600673
002168
300087
300029
601699
600498
600546
000983
600348
600837
002106
002151
000519
000012
000598
000826
600089
300105
600048
300011
300048
000762
601168
600703
002146
000783
300080
000969
600366
002466
600354
600279
002353
600139
300002
002261
000099
002480
600376
600312
002408
300101
300054
600096
600376
002410
000933
002375
600104
601601
002146
601678
600585
002236
000629
002244
601318
600048
002601
600031
300274
600496
600823
600761
600644
002422
601117
600997
000401
000970
000789
000001
300267
000157
002415
600166
600383
000635
600266
600309
600060
000540
600535
600801
002001
300124
000998
600141
601377
002106
000596
600815
600216
600537
000039
600231
601866
000422
002293
002006
002321
300275
002397
600805
000009
000707
000630
002475
000528
002096
300072
600581
002614
002638
600016
600072
000983
300111
600125
601003
600348
600812
601857
000960
601088
600809
600352
002035
002138
600276
600426
000423
000651
600036
600778
601311
300018
600559
601088
600104
601006
600252
600585
600805
000789
601299
600875
601766
000568
601601
600970
601117
600030
600837
600352
600418
000998
600690
000651
000680
000401
000527
000983
600415
600519
000858
000550
000725
002573
002041
600741
600318
600000
000001
000612
600595
000860
600123
300204
002123
002322
300124
000596
000715
002022
002304
600216
000538
600536
600016
002065
600802
300228
002321
300024
300027
002503
601166
601009
000568
600188
600875
600585
000063
600805
600036
000651
002041
600050
601699
000002
600016
600395
600015
600475
000001
002086
002449
000823
601989
000402
002065
600518
002073
600742
601006
600537
600048
002334
600376
002249
002376
002011
002091
000895
000898
600808
600010
600688
000932
600795
000761
002146
600871
000024
600900
600030
600886
600383
600027
600102
600048
600675
601299
600362
000009
601318
600518
600315
000063
600303
600720
601168
002179
601766
000848
601688
000858
000861
002155
000939
000002
002073
000713
601601
601088
000858
600585
600016
601628
600028
002129
601166
002024
600050
600030
600805
600518
000937
000568
002202
000061
002008
000983
600383
600809
000069
600809
000968
002431
000651
600028
000527
000423
002375
601318
600970
601699
002223
600425
000596
600036
601101
600395
000568
601088
601601
601899
600690
600000
601117
600535
600660
000157
000540
600111
601601
002299
600426
002233
600218
600395
601318
000925
600031
000650
002215
002414
002159
300078
000596
600893
600422
000877
000807
300157
600485
600694
600270
000937
000581
601318
000060
600585
601601
000792
600765
000858
000983
000415
000568
000063
601111
000933
600549
002436
600048
002011
600547
600284
600029
000024
000423
002013
600739
000999
601318
002007
601299
600015
600160
000858
600741
002024
600104
600240
600518
600068
600316
600570
300087
600585
600970
601088
600016
000961
002202
600362
000968
600000
601766
600642
600050
600153
601933
600863
000999
601607
600475
000012
600320
002001
600150
000046
600256
300058
000630
002106
000039
601006
600875
601111
600499
600176
000157
601668
601808
600125
000568
002266
600496
600036
002024
002129
601766
600519
600062
601088
600859
600050
000983
600585
600066
600188
000937
000792
600761
600019
002080
600588
600153
600309
600352
000778
601166
600000
600036
600362
600535
000786
600761
600557
000708
600519
601106
002092
601899
601318
601006
600837
601166
600048
000009
600050
600881
000983
600000
601717
000568
600739
601988
000039
600123
000792
600150
000623
600068
600383
000858
600029
600030
000059
600048
601668
600028
601318
000002
600480
601288
601601
601398
600469
601088
002042
000426
600323
600050
600177
600582
000501
002155
000513
600805
600184
000850
600169
601607
600549
002024
600288
000876
300033
000858
002096
600585
000727
002091
600362
002482
000528
600970
600487
002306
000936
002089
000425
600522
002008
600166
002392
600741
600104
600498
000926
600388
000338
600875
000045
600459
601318
000581
000729
600326
600425
000418
601177
600030
002033
600089
600518
600863
600694
000002
601166
600585
600031
002236
600048
601318
600801
000755
002024
601601
000933
002015
600123
600016
600339
600104
000503
002386
002001
300064
000829
600376
002415
000157
600309
601299
000630
600395
000069
000568
000422
600169
600157
002408
601919
600582
600176
000759
600383
300115
601607
600588
600221
600489
600000
002563
600970
000597
300146
000937
600030
601101
600216
600298
002292
002214
000721
002081
000630
000983
600388
000596
000060
600660
600015
002153
601166
601628
600000
601318
000009
601601
600143
000650
000651
002024
600690
600585
600362
600519
601699
000501
600631
000895
601318
000715
601101
000527
000778
600009
600089
000963
002037
000989
600256
000581
600406
600111
600252
002283
000937
600031
002118
002036
300029
600030
600226
600292
002049
300055
600036
600125
002094
600585
000858
002303
000568
000024
000063
000527
600251
600535
600392
000998
600193
002271
002179
601808
600141
000566
600309
000426
600188
600218
600000
000758
601699
000551
000630
600519
300218
600547
002155
600395
600869
002009
600240
600029
000761
600362
600348
000969
600844
002092
601166
600580
600186
002168
600163
600339
000776
600085
600458
600581
000651
000060
600019
002230
600636
600426
600078
600887
600271
601989
600150
600048
600104
600702
002001
002235
000792
000826
002011
601677
002129
600387
000401
002004
600802
601766
601601
600765
000422
600056
600600
002170
600016
002277
002091
002304
000816
600631
600420
600685
600976
600801
300197
601088
000157
002062
600101
600875
600511
000301
002140
002167
000590
600750
000887
000960
300172
600316
600629
000639
001696
300024
601311
002056
600048
000877
601318
601009
000869
600111
600502
002123
600773
000426
600123
600673
000780
600383
000024
000063
002299
600809
600547
000401
600585
000968
600997
600050
000581
600887
600298
600741
000937
300245
000063
000002
000527
600036
600309
002228
600557
600176
600739
601369
002073
000698
601607
000932
002167
000887
600030
601318
300168
600267
000926
002033
600153
000758
000715
600019
601601
600750
000157
600596
600875
601877
000709
600055
002185
600388
000858
600880
002098
000680
600718
600000
601628
000061
600521
600717
600690
600271
601166
600016
600096
600000
601808
600309
000718
002583
600496
600132
600583
600312
600100
300068
600637
600893
002595
000750
000581
002094
600199
601318
600742
601398
000651
002118
601169
000926
002108
600585
002009
601808
000551
300223
000877
002612
600537
000513
002086
601988
601699
000630
600739
000425
601699
600139
600188
600546
601818
000540
000024
000878
600362
600348
601166
601168
000060
600376
600642
000612
600795
600030
600383
600348
600585
000983
600068
600048
600690
601989
600537
000002
000063
600354
600036
600312
600875
601318
000009
600208
600150
000630
000998
600496
600153
600362
000858
600050
600580
600104
600880
600058
601318
601166
600585
601601
600869
601699
600460
601668
601607
600395
000800
601117
000651
600815
600522
000061
000425
600750
002063
002155
002091
600787
600139
601717
002277
600030
600585
000800
600418
000927
600837
600362
600104
000783
600741
600660
600309
000623
000630
000877
601788
000937
600050
002244
600015
000157
601699
000878
600089
600383
600991
600710
000776
600395
600139
000039
600188
600425
600581
601601
000420
600528
000709
600742
600320
600739
000039
601166
002024
000001
000002
000338
000895
000680
000157
600348
000528
600583
002142
600150
600036
600089
601601
600015
600596
000951
601601
600016
000423
600636
000792
600887
000630
600050
000069
600125
002155
600256
600048
601166
600362
600418
600581
600585
600395
600000
000680
600537
600261
601699
600009
601318
002106
600376
601333
000568
600150
600123
600309
000718
600837
600028
600067
000001
601668
000425
000528
000338
000680
600166
600664
600739
600787
600028
600547
600138
600519
600585
600631
000878
600054
600258
600742
600000
600326
000157
601318
600425
000630
600089
600875
600522
300027
600518
600763
000919
600816
002230
000026
600050
601766
601299
601618
000987
002415
600547
002176
000422
600030
002236
000656
601186
000566
600765
600339
002315
002456
600107
002079
600403
600525
002106
000823
000559
000012
002158
600303
600038
000969
000538
600178
600435
300059
000541
600425
002056
002091
002050
000522
000063
002008
600585
601699
600690
600048
000937
600123
600208
000650
600031
601318
002304
600383
000002
600354
000887
002161
600276
000423
002081
000656
000630
600362
600000
600489
600518
600547
000858
000157
601088
600188
600519
002375
600016
002146
000998
000983
002230
600079
000568
601299
000028
002436
600537
600068
000880
601989
000401
600050
601318
600104
600036
600123
000061
600016
601699
600276
600970
601607
600570
600331
600694
601166
600547
600332
600000
600030
600383
600048
000527
601699
002146
600395
600104
600720
000401
002129
600036
600880
000858
002038
600815
002243
601166
600809
002123
600123
600143
000848
002031
600166
000911
002100
002013
600000
000089
000988
600125
600594
600030
000568
600702
002094
000932
000792
600276
000590
600066
000527
600016
000876
000937
000651
600887
600048
000063
600739
601601
600585
000895
600875
000568
600031
600362
601668
601318
600518
600406
601628
600029
600497
600016
600028
601857
600331
601166
000869
600015
000792
600050
000651
000680
000401
601939
000937
000002
000858
000060
600547
600029
601111
600686
600489
600531
600875
600519
600096
000630
600376
000060
600141
601299
600067
000422
600765
600048
000069
000537
601369
002375
002430
002029
002081
002310
600141
000568
002573
300155
000759
300182
600406
300186
600031
600166
600240
600502
000530
600187
600636
600585
600160
600801
601166
000858
002161
600519
000895
000425
600436
600029
000401
600031
600068
000983
601766
000789
000063
600036
600581
600802
600518
600166
000876
601318
600016
600516
600208
600316
002073
000598
000826
002007
600123
002106
000970
600991
000063
600143
002123
600547
000630
601006
601111
600690
601166
600000
601899
600809
600887
600805
600089
600104
000002
600570
000024
000028
600713
002161
600467
601318
601888
600869
600694
600016
601318
000063
600309
600036
600348
000002
000157
002277
600079
002236
600271
600104
600048
600859
600195
000998
600588
002410
600141
002535
002086
000423
002008
600276
002436
600729
002415
000858
002007
000568
002408
600031
002177
002202
600519
601088
600036
601628
000069
600600
600900
600309
000729
002242
600271
000983
601166
000937
000602
000063
000655
601566
600529
000425
601601
600000
601699
000527
600123
600271
600875
000811
002123
600141
002122
600362
600143
000063
002073
601288
600585
002479
000629
600031
600585
000630
002106
600111
600036
601088
000401
601318
601601
601699
002073
000423
002123
600518
002344
600809
000651
000338
000998
002167
600519
002158
600362
600104
600256
000063
600887
600030
600383
000527
600015
000002
000650
600125
600600
000800
002146
002304
600348
000937
600537
002155
600362
002013
600518
600720
600963
000630
601678
002038
601398
600015
002006
000039
600266
000960
600016
600240
000623
600096
600000
600581
000933
000157
600111
600507
601166
600309
000823
600547
000876
601717
000422
002106
600198
600482
000001
600823
600068
000063
601168
000568
600489
000792
600036
000402
601766
000983
600724
600348
600673
600585
000591
002056
601168
600525
002238
002078
000758
002202
600362
600489
601668
300115
600221
600884
600416
600991
601006
600030
600096
000877
002121
601857
000522
002273
000540
002430
600479
600050
601088
601318
000028
300015
601299
600019
600031
600316
600559
600028
600323
002086
000425
000338
000528
000680
600739
601318
000063
600664
600104
601601
600166
600028
600547
000157
601628
600519
600123
600805
600815
600522
002140
600773
000338
300068
000002
600048
600362
600770
600589
000983
600739
600031
600383
600418
600104
000651
000157
600223
600376
000527
600160
600208
600160
000877
000419
000635
000039
000937
002034
002013
002085
002077
600967
000761
000795
002176
000417
600184
002311
600337
000596
002006
002155
600547
002271
002081
600143
002051
000563
000810
600827
002099
600546
600170
600502
600031
600157
002187
002186
002251
600010
601208
601566
600509
000065
600549
002601
002092
600626
601390
000680
000785
000962
600801
000679
000960
600262
002493
600516
600809
601113
600318
600104
600741
600199
601101
002344
000063
600546
002038
600963
601318
600030
002399
600837
600036
600089
600406
000001
000422
600664
000811
600858
000951
000759
601377
000651
000063
600125
600887
601766
600256
601939
600354
600000
000039
000877
000528
000630
600261
600036
000002
600276
600518
000401
000581
002456
000651
000568
601607
600519
600664
601818
002029
000759
002050
600196
600079
600169
600693
000895
600036
000998
000887
600887
002336
002277
000422
600031
601088
000983
601628
600011
601166
002493
600157
601668
600009
600875
000937
000002
601766
000024
601288
002336
600583
600888
600070
300044
600273
300051
600122
000610
000671
002229
002195
002188
002212
002070
002127
002211
000753
002170
600626
002381
600035
002300
002450
600172
000413
601318
000858
600519
600187
000425
600467
000517
600100
600409
002522
600185
600845
000937
300006
002458
000718
002110
000039
600809
600770
601318
601288
601166
601998
600418
000528
000002
002008
601088
000786
600425
600348
000776
601857
600887
600383
600036
600188
600362
600970
000423
000538
600585
600809
002304
002073
600415
000039
000401
600252
002236
600406
601311
600031
000012
600048
600887
002081
300134
601166
002375
002480
600143
601117
600199
601179
600256
600519
002024
600585
601006
601766
600784
000401
600015
600388
600016
000527
600600
601628
000069
600256
000792
300142
600306
600637
000823
000536
000973
002292
002344
600406
600872
600522
002168
600252
002169
002324
002251
002432
600487
000860
600267
000893
000598
600366
600288
601166
600050
600048
000002
600362
000024
601390
601318
000937
000401
000422
000858
601288
600019
600125
600352
601006
000933
000069
601899
000063
000513
600497
600585
000937
601699
600252
601318
600101
600085
000157
000970
600348
600366
600963
601208
600518
601678
600096
600486
000661
600498
000961
002310
000059
600031
600125
600048
600150
000659
000800
000522
000024
600354
000061
000581
002511
002157
000039
600971
600485
600685
600256
600720
600549
000635
601377
000528
600395
002146
600496
600812
002206
600143
600111
002001
002155
600089
600251
600823
600197
600098
000680
002024
000423
000568
601166
000858
601318
000895
600703
601717
000848
000651
600031
600079
000937
601111
600267
600557
600858
600315
601088
600585
000527
600048
601699
000709
000962
600036
601166
002424
000423
600383
601318
600019
601678
600511
600750
601601
601717
000401
600600
600373
600782
002261
601288
002024
600869
601006
000039
601998
000415
000402
000876
600038
601788
000528
600425
600664
600507
600089
600881
600588
600221
600518
002099
600031
000651
000527
601318
600036
600519
601288
600383
000063
601666
600015
000876
601628
000401
601088
002304
601169
600664
600048
601328
000869
000858
600418
600188
000895
600123
000680
002024
000937
600449
600585
600383
000012
600104
002024
600366
002106
600118
600030
600703
002253
600000
000002
600050
000401
002122
600831
600362
300002
000998
000800
600990
000581
600519
000858
600674
601118
000024
600837
002151
600805
600376
000978
600185
600785
000610
600036
600498
601088
000012
600585
600271
000858
600048
000630
002241
601318
601166
000401
600104
000425
000338
600030
000157
600016
000783
000629
601288
600028
600030
601166
601328
000709
601668
601318
600231
600383
601006
601601
600240
601009
000729
000001
600271
600805
000401
600251
600050
002155
600309
600104
601857
600060
601699
600585
600050
000937
000002
600415
600519
600048
600598
600030
600518
600502
600153
000858
000998
000059
600354
601989
000559
000758
000063
000629
600583
600811
002091
600068
600096
000012
600585
000423
000877
002081
000858
600362
601166
000338
600079
601009
000630
000528
000568
600048
600348
600031
601169
002375
600383
600518
601117
600801
000157
002073
600522
600458
600188
002241
000024
600809
601318
000629
600594
601601
600802
601101
601989
000422
600030
002106
601186
600487
002244
600000
002122
600318
002344
601717
600582
000401
000680
002038
000926
002099
002055
300006
600425
600252
000063
600581
600089
002475
600015
600123
300115
000983
600970
002304
600067
300253
600066
600150
600111
000960
600169
002293
600460
002154
002269
300204
002142
002410
601918
600231
600426
601398
002029
600276
002161
000596
600519
600690
600585
000826
000423
601166
601717
000858
600522
000937
002024
600031
600048
000568
000157
002146
000527
600875
600000
600537
600418
000400
601601
002123
002202
000566
601169
002106
600104
600887
002303
000528
600518
601699
600880
600547
600739
000933
600348
600016
600030
000503
600079
000039
600537
600048
600362
601808
601166
000568
600176
002006
601118
000012
000002
601168
600585
600518
000422
600031
002029
002008
000858
600123
000960
601766
600104
601669
000792
601601
000651
601088
600188
000009
000887
601989
000983
600030
600050
000937
000629
601006
600068
600581
600519
600030
600309
600585
000063
600050
000527
600096
000823
600837
000425
000877
601678
000651
601668
002091
000635
600739
600426
002073
601369
000792
601318
601808
002024
600875
601117
000012
002001
600050
600694
601111
601628
600312
600331
601718
601117
000400
002132
002503
600048
600146
000821
002488
600029
000686
000001
300022
600016
601601
000635
600089
002549
300101
601166
600048
600000
600518
600150
002146
000402
000001
000002
000157
000568
601088
601601
600036
600702
600519
600016
600066
600887
600096
000792
600007
002038
000423
600582
000501
000656
000858
600805
600188
000651
600888
000933
000718
002154
600655
000708
000998
000629
600123
601009
600261
002581
600481
600816
600549
601318
000893
601668
002106
600519
601006
601628
600900
600208
002528
600036
600331
000063
002503
601186
600028
000420
000002
600320
000527
600809
601857
600497
600125
600519
600000
002106
002230
600973
000973
600160
601117
600307
000402
600488
000581
600616
000895
000651
601299
600458
000937
601111
000895
000792
002011
600251
600089
600157
000629
600196
600713
000762
600651
000090
000415
601766
000527
000983
600380
600048
000937
002142
000002
600030
300193
601088
002011
002001
601299
600970
000635
600236
000400
600585
000562
600637
002541
300133
600600
000858
600048
600887
600519
601318
601699
000895
600585
000423
000629
002024
600031
000848
000937
600111
000581
000630
600521
600415
601899
601166
601318
600036
601088
601006
600048
000527
601939
601288
601766
600016
601299
600383
601857
600019
000063
600600
600177
601333
600518
600028
002106
601168
000002
601668
600125
601601
600123
000876
002106
600805
000792
601318
600362
600516
600823
600079
600354
002202
600380
002032
600016
000418
601668
600066
000024
002065
600337
000513
000581
600123
600585
600188
601318
601939
601699
600016
600050
601601
600309
600875
600388
601169
002126
000926
601088
000039
601766
000527
600585
000538
600887
600518
000423
601117
600256
002106
002140
600809
600276
002129
002146
600805
600418
600036
600143
002304
600079
600362
000650
000998
600261
600425
002155
600000
600068
000630
601766
002422
600050
000039
000680
600332
002041
600048
002080
000401
002415
601299
600111
000550
600458
600104
000651
300070
600535
000527
600271
000024
601989
000858
600805
600000
600809
000568
600354
600079
600380
601169
002037
600050
601808
600048
600352
000629
600519
601318
600050
600000
600016
600971
600690
600519
000937
600068
600664
600585
601299
002344
000002
600188
000876
600048
601166
300183
002001
002073
000063
600636
600143
002106
600970
600176
601668
000680
000629
002163
000877
600795
002006
002564
000651
002146
300190
601117
601006
600188
600570
000778
601318
000157
002042
002469
601299
600029
600805
601866
300274
002140
002142
600104
300217
600637
600031
000629
300170
601601
000800
601886
601333
600537
601699
600172
300203
002038
600063
000540
000527
000630
300198
300230
000759
600280
000401
300195
000935
000893
000422
002557
600015
600826
601668
300111
600132
002039
601169
002001
000600
600315
600036
600585
601111
000707
600350
601088
002458
002466
600252
002139
300204
000858
002501
600348
600240
300223
002033
600815
600392
000932
600881
300139
600742
600458
000589
002081
600720
600738
002299
600267
002215
600723
000597
002029
600298
600478
600694
002049
002041
600519
002068
601566
300065
000729
600750
000635
600050
601318
000937
600271
000581
600859
002161
600503
002375
000895
601601
000792
600104
002422
600887
600585
600694
002007
600348
600395
000061
601299
002304
600188
000063
600858
002465
600146
600383
600000
600048
600050
000823
600588
000063
002008
600741
002073
300058
600104
600079
002185
300048
002475
600176
002236
000002
600570
002091
600485
000538
600537
000635
600600
600518
000629
300157
601888
600720
002139
300025
600276
601088
002230
002376
000039
002449
002025
601808
601899
601699
000858
000998
000630
000877
300229
002035
600312
002007
601006
600970
600150
300204
600362
002254
002400
000568
000792
600036
002446
600282
600496
000527
000858
000629
600048
000002
000895
601179
600104
601006
601088
601808
600741
601328
000800
600660
601398
600050
000550
601899
000999
600104
601288
600000
000063
000629
601601
002008
600588
601318
600383
600312
000002
601106
600028
000012
600660
000792
601808
002024
600261
600537
600600
002123
000625
600362
002007
600276
600100
601766
600467
601939
000651
601166
600373
000869
600125
600231
600036
601318
600089
600739
000501
600600
000876
601169
600019
002037
600309
600108
600339
000422
002024
002336
600585
601766
000729
600066
601166
601117
000983
000651
600366
601939
600098
600276
600600
000895
601699
000581
000527
002456
000629
600000
600036
000401
600383
600068
600150
600188
600498
002102
601009
002080
600406
600036
002079
600268
000825
600773
601899
600570
600030
000422
600718
601998
001696
600467
002065
002106
600307
300054
600707
002106
002081
600362
600036
300183
000936
600141
000503
601898
300203
601318
002304
002238
300150
300257
000423
000559
000858
600016
601318
600519
601601
600028
601328
600600
000937
000858
000963
601668
000568
600887
600531
600104
600386
600572
601600
601699
600740
000651
601088
601939
000425
000059
600900
002007
600303
002086
600869
600875
601318
600048
601088
601699
600036
600028
600150
000063
600031
601668
000858
600585
600019
600999
000937
600373
600143
002266
000876
000528
000930
601006
601788
600614
002052
600881
600390
002111
000566
601857
600108
600141
000527
002049
600309
601166
601678
002073
600497
000422
000039
000612
000823
600258
000581
600739
600765
000039
600582
601808
600309
600284
601186
600143
000422
600000
600585
000012
601088
600166
601166
600970
600123
600570
000568
000039
600537
601166
601699
600048
601601
000858
600362
601118
000630
601808
600585
002154
000002
000887
002008
600068
000501
601318
600518
600016
600176
600188
600426
600031
601989
002155
002006
000651
000960
000933
600036
600585
000998
000009
600812
600809
600166
300002
600425
000401
000629
000789
600309
600048
000568
000887
000423
002154
600750
600030
600276
600290
002551
000538
600581
000527
000661
600535
600362
600096
600801
000002
600383
601601
601166
002001
002477
600458
600318
000063
002035
601288
300159
002011
600267
600036
600000
600585
601318
601601
600188
600031
600016
600068
600030
002006
601699
000001
000401
000002
000527
600048
000568
600104
000063
601006
000858
600362
601088
000157
601288
000651
000926
002233
000423
601939
600176
000932
601989
002106
601299
601398
600742
002024
600395
000983
600741
600496
000778
600029
000800
000877
000540
601111
601009
002304
600221
601117
600805
600801
000623
600497
600537
000876
002290
600015
601169
000937
600418
600519
601766
600720
002146
600426
600143
600612
000417
000538
600252
600376
002177
000063
601111
601318
000527
600029
601088
000039
601601
601166
600104
000937
600690
600383
600425
000933
600585
000651
600498
600835
002073
600166
601601
601318
600742
000063
600416
600109
600395
000858
601101
600600
600837
601168
601666
600036
600157
600348
600143
000729
002400
600408
600312
601166
600331
600038
002024
000968
600000
000568
600354
600406
600183
601898
000060
601179
002086
000594
300077
600879
600312
601166
600068
000630
601601
600104
600048
000895
601699
000780
000039
600362
000425
000712
000960
000157
600889
601318
002001
000961
000937
002118
600690
601166
000983
601288
600585
002106
600339
601006
600482
601318
601601
300212
600316
600123
000581
600258
002415
600537
000581
002215
600859
002214
600693
000718
600588
600486
600570
000792
600141
000401
000338
601168
601601
600208
600015
600000
000759
600761
002007
600063
002123
000826
002056
000937
600256
600395
002176
600585
600406
600068
000983
601318
000837
601601
000961
600519
600096
600292
000001
600502
002261
000527
600295
000877
601318
600000
601601
000698
600176
600693
600815
600123
600585
600496
600516
600309
601699
000566
601088
600216
600016
600875
600527
002126
300005
600298
000423
600519
300144
300022
600805
000858
600267
600594
300087
600354
000651
300006
600104
300039
002029
002069
002385
002251
600000
600690
601166
000937
600707
600050
002422
600600
002029
600016
000629
000729
600518
000060
000401
601678
300104
002106
000550
600123
600373
600637
000568
600489
601328
601101
000933
000635
601857
000988
600702
601006
002155
600104
002045
000698
600088
000597
600519
000755
000830
600362
000789
600720
600176
600585
601009
600216
600271
002283
002089
600518
600522
000063
000988
002156
600588
600498
600816
002152
600118
002069
600487
002232
002405
002415
000876
002422
600655
000009
002177
002022
600316
600354
002115
600388
002503
002123
000860
002185
600199
600298
600422
601169
002308
600036
000423
600585
000063
000540
000939
600770
601808
601989
600239
600068
601166
601888
600348
600376
600875
000755
600859
000807
601009
600416
600498
002320
601601
300216
600844
002261
600881
600425
600519
000937
002582
600547
600376
002013
000848
600485
000024
002571
600750
000100
600581
600029
300101
600481
601186
600395
600713
601118
600030
600547
600111
600489
601808
601088
600583
600010
600188
000039
600029
601111
600031
000629
600837
600549
000063
000768
601958
600050
600531
600497
600028
601901
000758
600096
600875
000002
600058
601600
601898
601166
600259
600312
000983
600089
600000
600036
600519
601318
000568
601607
601628
002202
600582
600517
601601
600580
000651
000895
000419
600196
002050
600600
600352
002007
600252
600303
600458
600519
002042
601918
002223
002535
000651
002056
300133
600805
002099
002170
000039
000422
600809
002233
600970
002501
600141
600406
002176
600585
600456
600549
000422
002155
600518
600195
600546
600498
600252
600139
600962
000758
000612
600487
600348
600595
000877
000807
600303
600031
000630
600288
000671
002249
600426
600746
601001
600096
002215
002281
600069
601318
600887
000528
600123
000800
002254
000559
000792
601958
000538
000623
000767
600000
600525
002157
000738
000937
002007
600379
600432
600893
002469
000783
002062
002205
600030
002024
600580
000762
600801
000789
600631
002477
000629
600509
600694
002001
000776
600884
601699
600519
000540
300077
000718
000988
000527
600585
002035
600518
600991
601318
000887
000869
600406
600525
600587
600068
600425
600309
002161
000983
002167
000927
002037
600479
000157
002158
002375
600765
600153
600748
600383
000800
002066
000651
000650
600048
600571
600036
600585
600518
601766
600805
000937
600809
000538
600887
601699
600016
601166
600859
600000
600690
000422
002129
600030
002080
002202
600256
000983
002008
002155
600028
000799
600348
000998
600036
000629
002006
600239
000401
002264
000666
600805
600585
601678
002430
000789
000961
000651
002132
600031
000581
002450
600970
002233
000718
000960
600256
002410
601288
300087
600702
600801
600881
002041
000969
600720
600240
600537
600208
600016
600123
600844
600176
002155
600354
600199
601699
000039
600403
002011
002241
600101
002140
002110
601169
600770
002073
000568
000877
002008
600295
601377
002600
601002
000837
002078
600823
600395
000540
002244
002172
000926
000937
000858
600282
600125
002447
601991
601117
601818
000680
600657
600581
601989
002304
002038
000777
601311
601939
000425
601992
002085
600000
601998
600869
000157
002037
002601
600644
002469
002055
600498
000895
600021
000887
000970
000596
002384
002479
600636
601398
300079
002123
002106
002153
000639
600066
601268
000656
600503
600238
600546
002152
002081
000708
002290
600231
601006
000983
600809
000709
300228
600893
000780
600487
601106
000612
002282
600420
300021
002146
300274
600812
000671
002096
600555
600458
002236
002422
002518
000159
600863
002232
600997
000877
600139
000001
300068
600063
002127
600104
600395
601808
601699
000629
600585
000024
600694
600426
600557
600502
000651
000826
000530
002123
002176
600425
300212
000002
600096
002006
000961
600406
300070
600256
000837
000983
000401
601318
000671
000937
002161
002117
601601
600000
600581
600048
002146
600031
000527
000998
002261
000927
000999
002564
600585
002155
000157
600028
000972
000528
600031
601888
000401
000568
600760
600887
600518
600337
002068
600068
000099
002445
600995
600316
600694
002131
600362
600048
002480
600549
002165
000425
601106
601398
000983
600528
600809
000850
601288
600015
600000
300048
601601
600378
002129
600029
002139
600468
600416
002148
000776
600505
002023
601377
000968
002308
600491
000551
600226
300136
600535
601989
002413
300135
600351
002448
002261
601939
000630
000898
600348
000960
600079
600383
000903
600036
000538
000709
000002
000423
000024
600016
000001
601992
002297
002327
600802
000888
300148
002177
002301
600072
600050
600068
600739
600030
601318
600547
600016
000983
601666
600309
600690
601699
600348
600383
601088
000933
600585
000968
600581
600837
600000
601166
600690
000937
600707
002029
600050
600016
002422
000629
000060
600518
000401
000729
600600
601678
000550
002106
600123
300104
601101
600373
600637
000635
000568
000933
601006
601857
000988
002045
600104
600489
601328
000698
000597
600702
600362
002155
000830
000789
000755
600720
601009
600176
600585
601088
600048
600050
000651
600031
000002
000001
002024
600089
601886
000039
002106
600458
601166
600010
000540
600585
600085
600030
002613
601989
000639
600583
600019
000420
601398
000937
601808
600383
600809
600547
000157
600038
002304
600770
601601
000009
600449
600354
600000
600063
000528
601318
600290
600331
000762
600809
002008
000630
600549
000792
600050
002273
601088
600887
600497
300159
600585
002142
601166
000876
000978
000538
000401
601988
600749
600188
600971
600468
601088
601898
601101
600123
600509
000983
600221
600395
600863
600508
600880
601857
000571
600256
600009
600028
600125
601111
000826
600348
600545
600674
600050
600546
600037
600354
002176
601006
000937
600029
601699
002128
600583
002041
600008
601808
600997
600804
600121
600825
601666
601001
000968
600106
600232
600026
600116
601919
600843
002024
000423
600585
000651
600519
000858
600309
002106
000401
000629
000933
600690
002155
600383
000630
601699
000063
000877
600518
600050
000969
600555
600784
000608
600061
600246
002298
000797
002049
600237
601336
601555
002632
002635
002638
002641
002643
300282
601028
002024
600585
000401
000858
600703
600100
002106
000581
601318
000423
600036
000012
600256
601601
300002
600079
600694
002123
000800
002041
600690
000009
600809
600036
600694
601111
600406
600029
600887
600331
600312
600050
600362
601318
601299
000898
601006
601117
600009
601186
601919
601939
002132
600146
601601
000063
600519
600383
000543
000400
601857
600005
600559
600900
600467
000562
600583
600056
002230
002549
300187
600125
000001
601318
600036
000012
600585
600111
600015
600256
601699
601288
600031
600519
000425
601668
000680
600271
000039
600048
600312
000527
000063
601166
601699
000568
600096
000933
002422
000937
600016
600000
600015
002310
600104
600048
300143
600496
002230
600036
601808
601601
000026
601208
600893
000581
600050
000939
002583
600038
600208
601101
600694
002106
600271
002123
600188
601628
600406
600887
600362
000629
600143
600348
002475
000061
600741
002153
600637
600117
600031
000541
600132
600383
000063
000527
002340
002601
600395
600503
600060
000895
000776
601998
000750
002061
600309
002610
600859
600588
000651
600028
600583
601318
600312
600095
600009
002595
000858
002122
600030
002375
601766
000718
601168
600267
600997
000625
600785
300035
600475
600416
600295
002251
002055
002469
000656
600600
000778
002215
600585
600111
002008
002024
600499
000898
600150
600016
002091
002223
600518
600000
601006
601668
600809
002073
600406
000069
600436
601328
002344
601628
601939
000527
000778
002008
000024
601607
600636
600585
600104
600690
600970
601318
600160
000002
600031
000157
002024
601699
000983
601601
600252
600741
000937
000338
000024
601766
000425
002008
002078
601111
000858
600963
600015
600048
000527
000401
601117
002122
601166
601898
601899
000069
000568
600535
000417
000501
600030
000550
600997
601166
600036
601299
002006
600387
600048
600354
002089
000718
000338
600585
002326
002392
000789
600804
600117
601009
002086
601818
000629
300199
600309
000893
002277
002172
600031
000002
002415
300102
300204
600290
000401
600362
002161
300029
300072
600086
002236
002400
600327
600085
600059
600418
002032
600581
600887
600436
002303
600546
600289
601166
600859
000001
000629
600123
000028
002221
000988
600866
002293
002216
601166
002029
000568
600519
600467
600362
601299
002007
600664
002024
300041
600693
002121
600016
600141
601699
600337
002385
600636
000960
600016
600761
600068
601766
000001
600030
601989
600069
002060
000002
601299
600000
601628
000878
000998
601117
600048
600806
000024
600072
600685
600963
600050
600188
600889
600036
600547
600482
601288
600015
600104
600808
600362
600893
000157
600497
601111
600176
600428
601009
000926
601958
000039
600418
600160
601699
600425
600688
000776
600376
600485
600208
601668
600655
600048
600585
000157
600376
601898
000630
000063
600395
600588
000778
601377
601088
600104
600015
000729
601998
000807
600497
000002
002073
000759
600770
002266
000876
600310
600449
600439
002273
002349
002232
600007
600354
000566
002045
600403
002020
002117
000995
002311
000888
000895
600549
600496
600111
600406
600458
601299
601601
600096
000401
601006
600267
000581
600176
600712
000425
600664
600525
600280
000623
601088
600141
600546
000937
600392
600337
601699
000933
600340
000762
002039
000848
600348
600549
600456
000968
002334
600995
600395
000629
600415
000596
002081
002106
600694
300115
601318
600875
600970
600031
600104
002024
000425
002438
600436
000002
600971
601888
000157
002230
000540
600240
600208
600887
600309
600048
000858
600266
000869
000630
000961
000024
600570
600030
002303
002142
601299
600395
000776
600739
000402
300151
000651
600015
002055
002409
000983
002063
002038
601766
000778
000807
600068
600425
601933
600823
002293
002309
600761
600089
600060
002117
600325
600664
600123
000061
000425
600166
002244
002146
002398
300077
600348
600406
600585
002344
600231
601169
000039
000581
600528
600837
000069
601166
000562
000157
600686
600303
000858
000063
000729
000651
002024
600251
000069
600660
600519
000527
000860
600104
600060
000895
600197
600859
000513
600858
000759
601166
600585
600309
601318
000527
002269
000596
600376
002408
002436
600176
600123
600362
000157
600157
601009
002129
600016
002024
600104
600801
600029
601607
000063
002202
002475
000039
002022
601166
002106
000568
300088
002241
002215
600664
600216
600160
600339
002484
600199
600880
002503
601808
000002
300124
600489
300080
600694
002376
002138
300102
600031
601169
002001
002146
300090
601888
002154
600644
300115
600498
000983
002458
600585
600048
000527
000983
000401
600362
600050
601601
000422
000933
600060
600518
600383
000063
600036
000937
600030
000651
600104
600428
000024
601006
600000
600068
600016
000157
601088
600376
000887
600188
601166
600581
002001
601766
000630
000758
600089
000039
600123
000729
600415
000961
600015
000423
601186
601318
600805
600582
002164
601318
000858
002011
000063
000729
002202
002526
600036
600068
600125
000895
002310
600963
000028
000926
000987
002474
002322
002080
600835
601166
000157
601699
600000
600585
000983
600104
601318
600015
601111
002480
000656
600050
600362
600030
600029
600031
002264
600048
601106
601318
002106
600000
000999
002003
000858
002310
000028
000528
000895
002092
000063
000729
600729
000001
000762
600036
002128
002422
600563
600970
000568
600976
002375
000858
600537
000012
002269
600750
002006
000538
600887
600535
600079
002232
300070
600519
002063
002073
601117
600875
600029
601111
600383
600489
600115
600104
000002
600048
000983
601666
600015
600312
000001
601288
000069
601766
600863
000877
601958
600362
600036
600395
600406
601699
000937
000630
600104
600111
600125
000651
600031
600585
000581
600869
600252
000983
600160
601166
600123
601318
600519
600050
600000
601288
600016
600256
600036
002202
600866
601601
000983
601166
600019
002024
600309
600298
600166
600475
000001
601186
601992
002123
600406
600362
600196
600031
601318
600547
000002
600970
002106
002230
002236
600089
002024
600535
601166
000063
600887
000895
600050
300027
600030
000983
600348
600499
600009
002024
601166
002304
600970
002073
601607
601117
600690
600549
000012
600415
600348
600535
600309
600893
600750
600815
601958
600572
600085
000001
000937
000415
600790
000656
600362
600588
000729
002367
000581
000069
600060
000568
000869
600557
000983
000799
002010
000513
000858
600694
600309
000680
600816
600585
600739
601607
000895
002024
000002
600406
600585
002422
002038
600036
002073
600765
002437
600880
600572
600694
601166
002236
600079
601668
000501
600518
002106
600585
600256
002304
000423
600068
601699
002006
600031
000937
600801
601002
601299
600111
600519
601989
600362
600395
600252
000651
002158
002167
601106
002344
000630
600169
000680
600519
600337
000858
000063
000887
600316
601088
600068
002268
600320
600859
000401
600837
000061
600673
600376
600456
600063
600518
002155
600166
600354
002069
600875
002106
600258
600750
600970
600844
601318
002091
600199
600115
600415
600256
601888
600303
600812
600496
600637
600104
002024
000630
002444
600439
000069
002013
300093
000602
600888
601006
002304
600366
002320
600188
000012
000877
000963
300020
600123
002368
601766
000969
601699
002410
600172
002073
600893
600271
600395
601766
000527
600362
000063
000422
000680
000401
000581
000759
000550
600664
000528
000860
600690
000858
000568
002254
601111
600496
600585
000860
600858
600123
600309
601318
000651
600157
600563
600511
002033
000698
000895
300083
600815
300168
601601
000060
600741
600050
600585
000937
600048
600519
600030
000002
600415
601989
600598
600502
600153
000063
000789
600354
000858
600550
600581
601318
000059
000758
600348
000998
600583
600811
000012
601288
600518
600016
000069
600068
600271
600685
000559
600636
600970
600585
600104
601318
600031
000002
000983
600160
002024
000157
601601
600741
601328
600690
000338
601699
600015
000937
000024
002008
600252
600030
601766
002078
600963
000401
601166
601808
000425
601101
601607
600518
000417
600729
601898
000527
002001
601117
000876
601111
600050
000630
000063
600030
601628
000629
600373
601318
601166
600850
600439
601899
000983
000887
600467
600125
600723
600221
600497
600150
600837
601333
600239
600188
600362
601006
600985
601699
002121
000716
600422
600123
600276
601088
000100
000039
600428
000538
600809
600585
600761
600963
600271
000983
002033
000933
601398
600048
600581
000926
600029
600068
000898
600383
000063
000401
000630
600125
600031
600085
601168
000039
000568
000858
600518
601318
002299
600425
601088
000727
002038
002123
601888
600048
601299
600428
600467
601699
600522
600862
601989
600812
600166
600068
601106
000338
000680
000425
000983
002060
002001
600240
000876
600497
600887
000422
601808
601668
601111
600797
600266
600195
600365
300207
600016
002008
000503
000528
601601
002093
002029
000729
600498
601616
600223
600118
600000
600267
000527
000933
600809
601318
600694
600519
002024
000596
600970
000002
000423
600276
600079
600415
600104
002106
002154
600036
600707
601601
601888
600971
600036
600406
002041
600395
600160
600362
600585
600111
600125
000401
601699
000937
600104
600252
000581
600636
600267
601088
002106
601166
002168
000933
600031
601088
600395
600150
601989
000776
002038
601699
600030
000858
002092
600036
002142
601166
600029
601377
600066
002401
000651
000002
000039
000568
601808
002063
002056
601857
002325
600000
600383
600522
000880
000527
300080
601318
002123
000338
601607
600499
000878
000983
300152
600295
002273
600271
000024
002081
000069
002007
002008
000877
000581
600388
600739
002032
600660
002128
000063
002249
600248
600600
000157
600406
600392
600019
600151
000680
601111
000099
600778
601866
600309
600276
600348
601006
600586
600761
601398
601328
000410
000528
600815
002117
600426
000425
600375
002146
600028
600257
600549
601288
601186
600983
601818
000758
600875
600685
600999
002485
600118
600535
601668
600516
000402
600782
601988
600585
000983
000002
601699
600068
600188
600048
600150
600141
601601
600690
600160
600395
000401
000858
000527
000937
600309
002386
600664
600030
601318
000623
002155
000876
000059
600068
601607
000877
601088
002583
600169
000568
000778
000630
000426
600469
000513
600362
002042
601607
002106
600256
601398
300054
600742
000501
600406
600030
002437
000581
600497
601318
600673
600068
000400
600038
000602
600329
002004
000858
002041
600887
600519
000799
600425
002065
600778
000998
600016
600585
000869
600439
600750
002236
601601
600216
002024
000635
601318
600702
000423
000612
000860
600176
600729
000623
601166
000999
600875
600809
600970
600079
600547
600030
000876
600060
600694
600519
601118
000800
002028
600600
601601
600016
601318
002304
600511
600588
600713
000157
002118
300015
002202
600858
600062
000401
600631
600518
600031
601601
600549
600100
600117
000933
000012
601169
600997
002155
600125
000858
600010
601788
600028
601766
000002
600425
600475
600583
000401
601088
600037
002142
000009
600516
600050
600418
600104
601601
000858
601318
601166
600519
600362
600036
002024
000629
600048
600015
601006
600742
000630
600376
600383
000401
002583
600266
000002
600000
000960
600016
600887
002073
601699
600239
600240
000778
300070
000338
600559
600312
000651
000932
600809
600354
002142
002202
300124
600079
600123
600516
600068
600332
002155
600169
600089
000969
000598
600015
600309
000826
600031
002202
000837
000811
000021
600547
600188
601106
601989
000680
600366
000012
600016
600458
000001
000629
601998
600050
600016
600079
600690
601668
600900
600415
002121
600718
600307
600163
600388
601006
600795
000538
600117
600327
600850
600276
000860
600598
600585
600801
601088
600104
601699
600031
000895
600887
000680
002123
002167
600458
000811
600742
000630
600383
600741
002073
002081
000401
600188
000527
000012
600256
600660
002106
600030
600586
002223
601299
600138
600809
600150
601006
600029
600581
600068
002233
600720
002146
600048
600806
000973
000800
002293
300005
002158
000550
000069
600376
002334
002430
600362
000792
600600
600231
600221
601166
000063
002024
600000
600519
600089
000792
601666
000858
600325
000425
600585
600765
000012
600143
000002
600056
000507
600416
600123
000063
601668
000002
601318
000877
600146
600362
000528
600029
600970
600388
601288
601299
002091
600048
600395
601186
000937
600585
601166
002024
601288
600015
600690
000568
600029
000623
601111
002241
000063
000792
600844
001696
600875
000338
600376
000039
600900
600395
601088
601899
601939
600068
601398
601328
000822
600256
600019
600811
600239
600015
601818
600740
600135
600252
600372
600271
600069
600036
600894
600376
600000
600585
000651
000024
601111
000157
600362
000826
600031
000983
601318
601699
600703
600418
002142
600537
600176
600741
000581
002241
600519
600887
000937
600585
000858
000792
601699
000895
601318
600036
600383
000630
600309
601088
600276
600031
002024
600111
000925
600048
600690
600406
000629
600132
000423
600795
600050
600859
300124
600376
600535
601601
002146
000848
600518
600000
601111
002230
600703
000635
000157
002155
600048
600376
600143
601318
600068
600208
600497
600383
600426
000895
601766
600030
600015
600585
601088
600502
002244
000002
002060
600362
000063
600795
000069
600449
600067
601601
300101
600170
601166
000983
600519
600169
600029
000592
600663
601818
002142
000858
601111
600750
600261
000024
000880
600123
600160
600320
000006
601699
000039
000998
002449
600395
000825
600019
601808
600690
600332
002506
000651
601390
600348
002155
002236
600354
600537
002123
600778
600348
601669
600111
000998
000937
002334
000970
601717
000423
600511
300064
002424
600096
002115
002238
000425
600739
000983
600048
600376
000895
000024
000528
600528
600266
601607
002140
000936
002086
601169
600426
000982
600837
000061
000933
601318
600016
000157
000858
002073
002041
600028
600690
000012
600085
000527
002407
600031
000759
000002
002375
600458
600518
600887
600298
600458
600585
000858
000568
600036
601166
600395
601398
000937
600067
000002
000401
600362
601766
600015
600031
002304
600519
601169
000527
000630
601699
000039
600016
600742
000680
000423
601318
002167
600406
601088
600690
600809
601939
600456
600123
600000
601601
600518
000877
600547
600111
600770
600415
000651
600104
600029
601009
000157
601002
600028
600537
600805
000869
000926
600266
600612
601111
601566
000758
000069
600383
000961
000060
002024
600199
600581
601888
002001
000596
600048
000425
000540
000417
600348
000917
000887
600060
300207
600785
000012
600418
000789
002129
600050
000338
600376
600221
600298
600582
600875
600970
000623
000729
002601
600887
601311
000807
002293
600426
601717
601208
002099
000826
000598
600079
600125
600557
000876
000550
000811
601628
600535
600086
600823
600837
000001
600267
002264
600778
002106
600862
000939
600518
002167
600104
600383
601166
601607
600000
600079
600298
601699
000039
600016
600115
000651
601668
600585
600416
600808
002299
600028
600030
600376
600418
002024
600881
002041
600425
600636
600362
601958
600036
600518
600000
600050
002106
600432
600837
600160
600425
600256
000009
601166
600585
601088
000423
600048
600015
601766
601666
600498
600079
002142
600030
600997
601168
000063
600016
002304
000858
000650
600644
000877
000630
600550
600467
300070
601678
002155
601299
000998
601601
600549
000157
000002
000568
600276
600778
600239
600332
600750
600418
000973
600188
600100
000527
601318
000407
600739
000792
002236
000063
600118
002234
600887
000960
600833
601101
600031
600519
600343
600549
600415
601958
000338
600031
000895
002007
601666
601818
000001
601390
000528
002001
000039
002202
300080
600386
601166
601186
000596
600216
002029
600271
300006
000001
300146
601318
600036
600375
600497
600050
601166
600187
600000
600519
000629
000712
000858
600240
000413
600048
600887
601101
601318
601601
600028
600795
600887
601169
000002
002029
601668
600016
600886
601009
002001
600019
600631
600263
600782
000157
000858
600790
600585
601318
600415
600036
000858
600309
600068
000789
600030
000063
600970
601601
600518
600048
000002
601288
000998
600631
600312
000623
000425
002106
000039
000629
300150
600535
000969
600418
600809
601299
600970
600141
600266
002344
000762
300054
600415
601992
601766
000540
000063
002156
600331
002041
601318
600693
601958
600184
600118
600256
000960
600403
000566
600000
000858
600549
600425
601088
600456
600893
002155
600343
600489
600498
000629
600331
600406
600720
000060
002008
600449
600887
002273
600038
002266
600221
600576
000937
601888
601318
600990
600354
000888
601169
000009
601600
600316
601111
601001
600703
000972
601699
000758
002214
600079
000423
600804
600497
600765
601006
300102
000933
000983
600188
601009
000401
600523
600677
601899
000538
600547
002161
600362
600348
000878
600395
601898
601601
000778
000039
000729
600327
002206
000028
601088
002028
002104
600887
000568
000513
600000
600724
601318
600297
002123
600516
600337
600970
600031
600415
000961
000002
601111
600519
000581
002081
600362
601318
601699
600005
600029
600231
000709
600048
600170
000423
000877
600104
600366
600694
600585
002117
600636
600068
600160
600496
600475
000422
600066
600585
600425
000063
600029
000568
000680
600991
000877
600498
601601
600362
000425
600060
600660
000623
000527
000002
600835
000024
600426
600240
002161
600866
600525
600089
600482
601168
000887
000635
601179
002061
600582
000789
601766
601088
600332
000597
002281
000961
600048
600239
600036
000009
600071
600537
600030
600418
002484
000860
600030
000933
600015
000527
600585
600019
600580
600416
000099
600875
600348
000012
000651
600270
002142
600761
600739
000422
600000
601088
600089
002249
000022
000063
600388
000410
000002
601111
002309
600881
600169
600005
600835
600150
600060
000623
600031
000562
000425
002024
600686
600498
600456
601989
600550
601668
600519
600528
000061
600337
002302
600482
600426
600521
300241
601106
000401
600018
000418
002244
000759
600997
000951
601009
000860
000402
600221
601377
600048
601717
600118
000968
002490
600887
600266
600166
000776
601688
000039
600660
002151
002062
600096
000825
600449
002230
600995
600123
600303
600376
600375
600366
601607
000792
002001
002185
000530
601333
000725
002328
300059
601898
002033
002155
601808
600537
600141
000157
000596
600495
600549
600428
000028
300139
600702
000932
600261
600183
600271
000823
601318
002273
600392
002172
600307
000937
600117
000024
600409
000069
300004
600009
002110
002304
002405
300082
600395
600050
600837
600176
600030
000069
600815
000039
000568
000680
600067
000837
601717
000562
600326
002546
000527
000012
002038
601989
000786
600325
600337
601766
600999
002450
601208
600880
600068
600261
002073
002584
600418
600246
000880
002140
002535
600048
600143
600196
601866
600502
600970
002092
600036
000893
600535
000422
600141
601318
600660
000527
300058
002294
600157
600557
600331
600547
600997
600280
002528
601933
601318
600036
601398
600000
600585
000423
600016
000401
000858
600068
002106
000527
000002
000063
600031
000651
600801
600519
000877
002073
600805
002269
601006
002123
600015
600518
000680
600221
002081
600809
601299
002304
002063
000630
002410
600496
000729
601168
600741
601628
600048
600887
600880
000858
600276
000538
601166
002073
000568
000999
600690
002024
600036
600694
000024
000629
002106
000061
000063
000527
600729
000987
601888
600585
600036
600030
601318
601088
600000
600739
601766
601628
000039
600801
002293
600016
601166
000698
000937
000002
600970
600111
600176
002138
002041
000776
600123
000550
600048
601398
601808
600519
600835
300229
600362
002079
002421
600015
002007
600694
300058
002008
600546
600888
002273
600188
002241
002146
300027
300142
002410
002154
600316
600153
300183
600115
002269
000725
002136
600312
000063
600517
002250
002321
601933
601989
601208
300216
000983
300159
600703
600887
300115
300068
002254
000930
600600
002417
000898
002152
000823
000538
600031
600737
000877
600252
002501
002326
002271
002118
000960
300006
002170
600516
300122
002001
002415
600267
601179
600893
300039
000060
002353
601601
600812
002140
002304
600581
600547
601199
002167
002081
600837
000024
002564
002147
002375
002268
002063
300182
600489
000046
600518
000422
600048
002132
601601
600256
600395
600029
000778
002155
002249
600036
600673
600111
000568
600108
002056
002008
000877
601718
600406
600690
600428
600208
600141
002049
600316
000629
000807
000969
300029
600030
600702
600193
601398
300197
601808
601006
600111
600888
601668
300068
601288
002271
002009
601311
000779
600516
000861
002094
600068
000598
600048
000050
000758
600395
600078
000002
600773
600251
600830
600595
002230
600019
600188
002277
600531
601989
600497
600367
002041
601117
601607
600482
601186
000039
600583
600498
000718
600496
600406
600967
600600
600533
600581
000998
600176
000024
600346
300021
000776
002104
002480
600614
000751
601958
600837
600559
300142
600366
000858
002428
600362
002225
300087
601377
300178
600511
600354
600580
000012
601216
000537
002060
600724
300018
600326
600170
600376
002190
600420
000426
600271
002204
002121
002313
600231
600312
002618
600309
601009
600161
600795
600585
600031
600048
600801
600309
600362
600339
000002
601166
002024
601009
000937
000858
000568
002146
002415
000528
600376
601766
000069
601601
600694
601318
000157
600157
002106
000596
600016
600068
300115
002155
600970
000063
002001
600519
002408
002129
600176
600395
600104
000039
601989
002138
600888
000680
000807
300102
600489
601111
000418
002400
000887
002449
600030
601607
000001
002015
600426
600298
300111
000651
600588
600502
601601
600482
000776
600125
600303
600068
600516
600383
600320
600456
002106
000858
600589
002457
000960
601088
002091
600773
002060
000709
600893
601998
601166
000540
000630
600348
002259
000401
600376
600742
600166
600702
600518
601688
300026
002049
600009
600362
000926
002484
601111
600496
600833
601666
000049
601918
601717
600585
300074
000983
600537
000780
600837
000061
002210
000937
000877
600510
600038
601169
002208
600081
600270
601607
000655
000869
300134
000837
002042
601318
600888
601699
601098
002012
600875
000518
600029
600266
600276
600316
600823
000099
000627
600062
300133
600523
300096
600121
000963
002024
002539
300056
000650
600563
601668
600479
000069
000813
600096
300144
601299
000400
000858
601166
002024
600837
000024
600000
600309
600383
600395
600585
600815
600048
000983
000012
000063
000895
601888
300090
002073
601169
600518
600015
000933
601992
600475
002307
002029
000960
000551
000826
000680
000877
000059
600458
600881
600036
600189
600895
600495
002564
000937
601799
600801
002202
600425
601898
600970
000968
000651
600754
601699
600312
000568
600742
600720
000630
600741
000401
600123
000550
000501
600594
002038
600362
002261
000708
000895
000880
600271
600582
000338
002311
600062
600352
002038
000417
600028
600577
000612
600362
600327
000987
600600
000960
600970
002250
601106
600036
002385
002290
600280
600153
000423
600660
002155
000960
000630
000792
600418
000559
600362
601699
600157
600111
600576
601101
600893
601168
601898
000962
600585
000937
000039
600720
600742
600000
600016
600859
000937
600585
601699
601318
000423
600048
601101
600519
002024
000789
600036
000039
000401
000877
000895
601166
601288
000680
600188
600031
601601
600496
601299
600015
601009
000417
002146
002304
601106
000961
600376
000568
600267
600123
600383
300077
600809
300002
300083
002106
000895
002038
002353
300115
002475
300136
002055
300146
300216
600050
600428
600383
601318
000024
600085
