7941
601088
600660
601600
600808
601898
601857
000717
601919
000911
601601
600019
000423
000002
600547
600005
600423
600037
600339
000032
601628
600036
600900
600216
600028
002230
601398
600973
000655
600201
002147
000848
600809
600360
000960
600488
000418
600166
600261
000759
600649
601166
601318
601601
600030
600036
601088
000001
000983
600019
601111
601939
600383
600111
601169
601919
000024
000568
000933
000825
000878
600392
600000
600519
000895
000898
600546
600036
000069
600808
600089
601318
600266
601166
601919
600030
000002
000538
600837
601088
600122
601111
600036
600015
600458
601318
600019
600739
601166
600028
600383
000157
000898
600031
000933
000400
600837
601699
002202
600694
600388
600572
000825
002064
600030
600570
600581
600580
600269
600231
600875
600406
000012
600016
000937
600067
600812
601088
600547
600089
600352
000969
600499
600256
600489
601601
000024
600166
600000
000568
600125
600582
601169
600298
601628
000858
600713
601318
000425
002024
000963
601899
000001
000887
601998
600557
600315
600600
600362
600739
600030
600028
000898
601601
600594
600239
600694
600016
601699
600028
600510
600050
601088
600470
600019
600519
600725
000933
600029
000973
600535
601628
600139
601601
600029
000762
002192
600115
601601
601006
600456
601111
601318
600459
601398
600000
600060
601166
000063
002202
600519
601169
000001
600221
600875
600111
600547
000713
600983
601628
601766
601899
600489
600900
601299
000400
000651
000877
000962
000157
000024
600997
600015
002041
000952
002304
002155
600628
600396
600720
600354
000423
000401
002007
600383
600829
600664
600169
000858
601328
600887
000581
601988
000878
600312
600239
002252
000568
600166
600546
002185
002123
600036
002017
600016
600030
000735
000540
002215
601088
000513
600062
600970
000969
600273
000002
002050
600880
600557
600026
002121
002220
000937
000338
601666
000623
600739
002142
002011
600386
002038
601318
600216
600030
601006
600739
600690
002001
600153
601398
600309
000060
601328
600660
600178
600271
002104
601166
000960
600195
600058
601318
601788
600036
600830
600570
002269
000783
600511
002262
600030
600499
600289
000728
002241
000055
000762
002008
600312
600000
000930
600460
600022
600837
601628
600348
600050
601328
600704
600509
600812
601668
600125
600638
600517
600529
600967
300026
000983
000002
600102
601006
600879
600168
600585
600256
002024
000858
600048
002261
600739
600016
002139
002202
601939
601899
000998
600755
600859
002065
300015
600521
601989
002185
002115
601318
600739
000937
000683
601166
600031
000157
600348
000012
600030
000898
600837
600295
600585
000063
000001
000825
601601
000983
601009
600519
002024
600383
600000
000568
600348
000024
000759
601088
000651
600887
002024
000951
600048
600875
000401
600511
600276
601318
601898
000937
000527
601166
600547
002048
600858
600036
601186
600489
000568
600271
601988
000933
000527
601939
600375
000612
000016
002024
600754
000823
000951
002241
002303
601169
002217
002106
601788
600887
601998
600352
601001
002019
002041
600511
600000
600068
000623
000983
601318
000776
002375
002073
002032
002060
000970
000630
600016
600595
002065
002182
000001
000983
600563
600571
000972
600273
600100
002045
000829
600707
002142
601169
000612
600000
600303
000777
000568
002008
600329
600547
600467
000050
600221
600830
000973
000823
600837
600770
600309
600750
601318
000858
000528
600066
002041
601328
000559
600581
600489
002036
000800
002065
002092
601111
000623
600897
000527
000652
600507
002086
600806
000598
600455
000028
000713
600518
600584
600595
002022
600193
600231
600028
000661
600079
002261
000811
000826
000987
601009
601788
600036
600546
000998
600112
600406
600511
000418
000978
002138
600481
600380
002118
600327
600482
600704
600406
600325
601318
000918
600183
600887
600570
000527
601788
000612
002294
601808
000506
002140
600485
601998
601009
000425
002064
000858
601318
600016
601628
600694
600519
002024
600713
000001
000937
600030
600739
600037
600000
601398
000063
600467
600737
601998
000060
000878
000402
000568
000898
601169
600028
000625
601318
601169
000876
000612
600595
000726
600519
600428
600309
600019
601088
600718
600348
600269
600837
600075
600581
002024
601318
601601
600016
600030
601166
601169
000983
600036
600028
600015
000402
000858
000829
600019
600129
000063
600519
600585
000060
600660
600019
000063
601318
000001
000800
600036
002202
600993
002142
000568
000527
600104
000538
600028
600000
000422
601918
000157
600100
600383
601111
600880
601166
000528
000400
600060
600779
600519
600048
000667
000895
000423
000983
601601
002024
600547
600256
600352
002324
600596
600481
000063
000423
601166
002067
600499
002344
000933
600616
000616
601318
601998
000960
600309
600029
601318
000983
601166
600031
002024
002202
600036
000401
000987
601989
600837
600348
601668
600660
601699
000898
600595
000157
000024
000933
000338
000422
600690
000651
600123
600707
000983
600256
600499
600481
600016
600439
600315
000937
000568
000060
600309
600352
000338
600581
002078
002091
600036
600269
000927
600978
000001
600508
601318
601166
601328
002269
600009
600660
002238
002230
000002
002001
600050
600900
600519
601006
601939
600036
000776
600030
000623
000001
600327
601601
002038
002202
600361
600583
600216
002236
000680
600231
600837
601169
600963
600628
600326
600571
000937
600997
000537
600060
600036
000671
600028
600104
600616
600576
000338
600754
000157
600348
600416
000568
600704
601166
600425
002092
600031
600029
600141
601999
002007
600019
600697
000983
000823
600498
600511
000417
600036
600900
600016
000527
300041
002326
600837
600537
601318
000039
601111
601328
601166
600015
600309
600366
600252
002024
600655
600884
000063
002152
600425
600580
600031
002068
600352
300049
000951
002238
600997
000893
000963
600028
600858
002165
600588
002022
002007
600075
600581
601001
000969
000157
002063
600019
600426
002355
000718
002066
002202
601111
601601
000762
600000
600519
601318
000063
600456
600111
600169
600875
002155
601766
600547
000651
601169
002007
600036
601166
600383
000581
002304
601006
601328
000423
000400
000713
600489
600983
600060
601899
002041
600557
600900
000568
600016
000858
600015
601398
600221
000877
000157
600997
000001
601299
600664
600628
600396
600720
000952
601628
600585
600030
000338
000937
002252
000969
002185
600166
600546
600354
000002
600036
601318
601398
600050
600028
601166
600019
000858
600837
600348
000568
600239
600380
000401
000016
000800
601601
000012
600060
600812
601601
600582
601318
000933
600028
600348
000623
002353
600036
600312
002121
600761
600725
000001
600879
600837
600739
600395
002110
600804
600019
600963
600997
600545
000568
600837
601166
600104
000759
000983
000338
600231
601111
000651
600616
600628
000937
600183
600809
002092
600060
600030
600031
600036
600000
601318
000983
000338
000933
600060
002241
600104
000001
601601
600019
600519
600547
000422
000858
002009
600016
000538
000878
600256
600004
600036
000514
600436
600377
600252
600420
600000
600012
600186
600348
600900
601939
600015
600063
600658
600087
600831
600267
000983
000937
000933
601318
600383
600036
000157
601166
002106
600348
600581
600690
600166
000063
600031
000568
000012
000400
600875
600837
002202
600016
600511
000598
600742
000425
600880
600595
000961
600019
600231
600395
600271
600089
600729
600195
600547
300002
600368
600050
000060
002146
000028
000061
601601
600415
600125
600067
600887
600507
000001
600000
600352
600178
600303
600600
000581
600537
601788
002022
002200
601111
600329
000001
601318
600000
600348
600188
600325
600036
000983
600202
601166
000937
000063
601001
002019
601111
600391
600166
600048
000422
000625
002042
000759
601088
000338
000878
002258
000061
600036
000983
601088
600486
000028
600718
000963
600016
601699
601398
000837
600596
600887
000069
600426
601166
000157
000932
000858
600694
000063
000425
601318
000024
600809
601628
601166
600019
601601
600557
601328
000422
600031
600000
000858
600123
000001
600048
600100
000778
600030
000001
601318
601166
601668
002267
000069
600675
000024
601088
601169
600585
000625
002202
600694
600489
000917
002217
600409
000951
601628
600030
601328
002024
600713
000063
000963
000402
600362
601788
000933
601998
600446
000069
000612
600837
002142
600028
000858
600426
600202
601169
600037
600029
000983
600016
600048
601600
600195
601166
600600
000425
000960
600598
002249
600694
600410
600123
000061
600239
600739
600111
000568
000762
000792
601166
000623
601601
002038
000536
600600
600060
600690
002241
600581
600183
600425
601999
000016
000969
000661
600837
600312
600588
000418
000983
600522
000999
000728
600489
600053
000547
600050
600036
601166
000858
601788
601318
600111
000527
600019
000983
600517
600584
000826
000338
600707
000060
000933
601299
000825
000612
000729
600000
000060
000422
600035
600518
600123
300004
002041
600195
600036
002202
600031
600048
600739
600019
000869
000063
601168
601166
600581
002304
002001
600216
600100
600104
600707
601318
600000
600690
600383
000063
002422
600161
002155
000157
600015
000826
000001
601001
600256
600208
600765
000537
600348
600590
002028
601328
601318
600019
600582
601111
600104
000063
600123
601601
000060
600660
600036
002241
000927
000878
600809
600348
601666
600546
600519
600029
601398
601939
600261
601601
600521
600123
601919
600062
000999
000501
000900
000513
600535
600825
601001
600664
601166
000564
000927
600406
600655
002092
000422
600048
600875
600028
000667
000028
000707
600570
600837
002056
600535
600308
002140
600036
600281
002073
000016
601699
601169
000792
600019
600048
601088
600060
600089
600309
601001
000338
600202
600005
601899
000024
601666
000651
600690
601788
600837
600256
600208
600535
000965
002008
600523
600549
600100
600176
000063
002013
600660
600137
600188
601678
600141
600036
600019
600197
002226
000422
600030
600339
601857
600111
000546
002092
000537
600316
600016
601899
600028
600468
601601
600489
600509
600456
601788
601939
000898
002155
002024
600193
600590
600893
002358
600118
600812
600581
600789
000551
000680
600570
600380
600881
601318
600368
601958
000046
600580
600805
600583
600000
600312
600837
601600
600545
600268
600531
000933
000623
600999
000400
300039
600056
601888
601666
600219
600048
600804
600470
600322
600498
000897
600487
000158
600037
600060
600497
000778
600050
600085
600673
600236
000893
600117
000423
600048
000001
000568
000425
600030
600519
601318
600432
600694
600859
000822
600362
000528
600596
000069
002064
000829
000878
600641
601668
600519
600050
601398
601088
601169
600036
000069
000651
600123
601601
601166
000718
600675
600271
600162
600415
000983
002200
600588
000960
600425
600547
000877
600778
002236
600511
000060
600362
600489
600570
600256
600622
600118
600475
600331
601766
600000
000878
600765
600348
600031
600580
600111
600900
000623
000401
601318
000009
600196
600489
000608
600481
600028
600030
000001
000910
600019
600765
600449
601318
600031
600036
600123
000623
002106
600050
600519
002001
600178
600348
600030
601166
000983
600019
600739
000001
601328
600000
601601
600036
600000
600166
600816
600231
600809
600584
601169
000157
002064
601998
000540
601001
000425
600795
600557
000039
002008
000937
600837
600395
601169
601398
002142
000024
600519
600028
600216
600597
000898
601009
000983
600050
000061
002202
600557
600102
000933
000937
600029
600309
000069
000960
000608
600031
600036
601318
600017
000651
002008
601006
000001
600031
000024
601318
600016
600660
000400
601601
601699
000999
600325
601169
000729
600858
000002
000898
600282
601166
600183
600050
600030
000338
600582
600029
601601
600009
000667
600970
000024
600104
600739
600875
600309
600276
600720
601939
600795
601009
601088
600031
600000
000001
600837
000983
600019
600016
601088
600036
000898
000717
601919
601899
000402
600030
600026
000002
000069
601166
000800
600549
600123
600583
002013
600960
002226
600804
601678
600221
600125
600256
600137
600035
600509
600348
601857
600523
600188
600236
600029
000933
601001
600050
600176
000917
601006
600831
000905
600270
600874
600717
000301
601699
601111
600508
600395
600028
600997
600269
600519
601601
600583
000898
600585
002028
600309
601318
600031
601668
600009
601166
000858
601088
601169
000063
601958
002106
000792
600178
600252
600019
601009
000001
601398
600519
002024
600031
002106
601318
601169
600016
600104
601857
600383
000933
600581
601111
600348
000858
600016
000422
600221
600028
601111
600795
601318
600068
600739
000002
601166
000726
002202
601601
600409
000338
600628
600519
600031
601872
600028
600036
601318
601166
000001
600048
000933
000825
002065
000983
000612
000898
601328
000059
000651
000422
600486
000568
002073
600694
601601
000625
000598
600111
601318
600725
000536
000937
601169
000596
600239
600546
000418
600750
000547
002114
600587
600256
600102
600877
002264
600594
600166
000951
600990
002262
000063
600087
002254
600489
000718
002353
600586
600837
000024
000423
600550
601001
000514
000792
600481
000811
000540
002123
000983
601318
600019
000568
600031
002024
600166
600348
000937
600036
601169
601601
000898
601766
000338
600016
000792
000157
000825
000858
002202
600739
601318
000060
600690
600660
000960
600216
600221
600519
000527
600360
600550
600595
000917
600271
600547
000612
600031
600029
601166
601166
600030
601318
600519
000792
601989
002106
600016
601328
601666
600000
601088
000823
000612
601169
600019
601601
000100
000937
600060
600036
600016
600348
600395
000533
002088
300002
600596
601699
002215
601318
000762
600586
600525
600712
000001
000839
000939
600428
000021
600028
600030
000069
601328
600837
000848
000999
000829
000527
600037
600570
000400
600707
000562
000963
000948
000402
000680
000728
601318
600036
600028
600153
601166
000024
600176
000422
000983
600030
600016
600089
000063
000800
000060
600309
600837
000612
000651
600019
601088
600267
600900
600030
601398
601668
601857
601318
600383
000651
601766
600019
000527
600500
601390
601988
000002
601628
601919
600837
000060
000069
600028
601688
600027
600048
000009
600005
000537
002244
601169
601866
601318
000001
600036
601166
600208
000527
600016
600266
600066
600030
000338
600660
600795
000063
000024
000898
600585
600596
600739
600166
000969
600517
600036
600068
601318
600468
000933
601939
600710
600894
600176
600967
002094
002001
600884
002303
600268
600713
600571
000060
601166
601169
600519
600837
600900
000937
600545
600315
600481
002063
600000
600223
600326
600354
600487
000918
600266
000584
000623
600037
000800
601111
000568
600499
600231
000823
000960
600963
600036
600178
000759
002024
002310
600183
000527
600106
002068
000800
600030
600089
601398
601169
600383
000001
601006
000063
601628
600104
600795
600900
601601
600585
600060
600036
000425
000046
600657
600563
002041
002106
600037
600031
002091
600221
000718
600660
000998
000960
600111
000811
002001
600038
000540
600502
600118
002254
600183
600557
600584
000826
600352
002138
000519
000157
000972
600467
600869
000713
000983
002148
600104
600309
002248
002362
000060
002123
002255
000893
000826
600978
601166
000917
002215
601398
002340
000989
600983
002303
600519
600742
600660
600900
002154
000937
300004
000538
601918
002353
600737
000651
002081
002241
600019
000596
000338
600016
600000
000581
600581
601939
600425
000001
000821
002097
600352
000063
601919
002250
002073
002158
600183
600428
600704
601601
600183
600485
600406
600028
600048
600348
000612
000639
600157
002064
000951
600446
002140
000584
002092
600570
600030
601318
600104
600111
600036
600570
601088
600048
600529
000983
600208
000898
000937
601998
600019
600978
000735
600362
000792
601299
600497
600050
600036
600537
000157
002326
601166
601318
002038
000501
600303
600900
300049
601601
600837
000063
600875
300055
002353
002008
600825
601001
000983
600741
002041
600518
600028
600580
000400
000930
600366
002165
600884
002022
600309
600305
601699
002225
600529
002148
600557
002152
002193
000861
002024
000401
300003
000988
002066
600015
600703
000651
002328
600808
601668
000024
000718
601111
600426
600418
600307
600030
601166
601169
601318
000718
600036
600316
600545
600202
600795
600016
000651
002092
600581
002008
600546
000063
601666
000656
601668
600036
601318
601939
600016
600456
600765
000983
600439
600037
600028
601166
600525
300002
002038
600067
000060
600581
600804
600000
600565
000063
601169
000963
600068
600050
002008
300048
600325
600690
002336
600253
002303
000962
600963
600183
600202
600815
002020
600519
601601
600019
600485
002238
600507
000715
601607
002200
002114
000829
000402
000848
600015
600312
600383
000698
600754
600517
600803
000656
600570
600096
600535
600704
600580
600062
600085
600087
600879
000961
002152
000921
002153
600693
000718
600331
000024
600828
000528
000501
600395
600432
600271
002097
600295
000422
600100
000858
600019
600309
600795
601088
600068
600519
600030
000983
600208
600844
601666
600880
600362
000063
600048
000792
600052
000002
600015
600406
601318
600348
000858
000983
600660
000425
601169
000937
600352
601601
000538
600546
000400
600486
000869
000422
600739
601166
600809
600141
601111
600519
600030
601318
000983
600019
000538
600036
000961
600276
600765
002064
000063
600963
000783
600111
600028
600812
600872
000919
601169
601601
000541
600028
600202
601111
600289
600000
600015
601788
000937
000858
002019
600877
000983
601318
601166
600435
600363
600056
600348
601088
600030
001696
000338
002268
601009
600036
600359
000776
600778
600830
300018
000710
600884
002294
002092
002227
601628
600704
600379
600016
000066
000927
600000
000983
600036
601318
601601
000001
600016
600805
600481
601398
000338
000778
000002
600966
600019
002202
002041
000651
600030
600585
000063
000937
000063
600519
600583
000009
000538
000527
601009
600739
600019
600089
600563
600122
600425
600557
600102
002254
000069
002064
600007
600812
600104
600048
000651
000157
000951
000528
600031
600585
600089
600383
600900
600657
600348
600115
601328
601601
000792
601699
002202
000983
001696
000729
600035
002191
600693
000564
000516
600517
600580
002146
600858
002001
600690
600201
601628
000651
600376
600866
000900
601009
000527
600050
000090
601318
002244
002106
600030
000001
000983
002208
600887
600881
601766
601918
601888
000968
000422
600812
002048
600323
002140
002065
002236
601166
600588
002104
000933
600655
000568
600198
000800
600030
600298
600348
000425
002241
002091
000001
600997
000338
002344
000417
601699
002056
000059
002024
600809
002244
601766
000983
000069
000961
000655
600009
600000
002326
600104
600036
600048
000157
000651
000528
600900
600383
000792
600031
600657
600016
000951
000983
600089
600169
600000
600115
600348
600585
601666
600089
600048
600000
000933
600583
600036
000717
000063
600596
002078
000825
600104
601006
601166
600888
000157
600383
000402
601699
601166
000858
600036
600115
600348
002073
000983
600859
002165
600050
000869
600325
601788
000961
600048
600153
000425
600690
000829
600029
601169
002142
000001
601166
601318
600703
601601
000878
600348
600489
000060
600036
000338
600028
600739
600019
000937
600030
000728
600208
600028
600009
600030
000623
000066
600036
600655
600159
600664
600571
600628
601006
600879
000651
002017
000024
002238
600875
600900
002018
600631
000419
600874
600153
600496
000544
600368
000752
600197
000755
600259
000069
600718
002310
601328
002194
600805
600770
600812
600258
601601
600115
000858
600824
600827
600272
600837
600000
600019
600383
600030
600580
601166
002202
601169
601318
600028
600031
600352
600519
000937
000157
601601
601398
600739
600016
600089
000157
600850
002251
002277
600188
600383
601398
002080
601328
601988
600050
601699
601009
000858
600862
600071
600704
600339
000100
600837
600106
002238
600657
600517
000623
600583
601111
000538
601318
600036
002038
600519
000961
600276
002064
000983
601166
600812
600111
600028
601328
000566
600872
000783
600019
002007
000063
600115
600580
600963
600015
000001
601688
000919
002254
600326
000960
600478
601998
000623
600009
600030
600837
600631
600655
600664
600739
000685
600089
600153
600000
600159
600835
600202
601328
600824
600015
600628
000651
600066
600104
000063
600036
600183
600519
601328
600028
601318
600030
000983
600660
600337
600000
000800
000937
000338
600019
600298
601398
600837
000898
000792
000651
600276
600309
601628
000425
600256
600880
601088
600068
601318
000402
601166
600239
000983
002223
600000
002048
600112
600420
600036
600085
601899
600199
600900
600887
600030
601398
601318
600535
600837
000726
002238
000999
000423
600062
600036
600521
600655
600256
600010
601006
600019
600808
000024
000983
000001
000933
600252
600519
600031
002024
600859
601166
600000
002106
600326
601111
000422
600704
600582
600837
000898
600588
000878
601318
600537
600036
601166
001696
600111
600329
600118
000650
600267
601318
002092
600844
000858
600406
600000
600557
002353
600303
002304
000527
600498
000811
002146
002065
002106
600085
000612
600252
600019
000826
000422
000012
000829
600048
000898
600298
002123
000933
600887
600166
000823
600075
600352
000400
600580
000877
002115
601166
600348
601699
002024
600690
600000
000157
600031
600036
000400
000926
600804
600060
600068
600581
600067
000063
600380
601169
600809
600383
000001
600036
601318
600030
600028
600739
000800
600519
601398
600339
600016
601628
000001
002024
000667
000848
600089
601666
000792
600383
600348
601169
601318
601009
600000
600123
600580
000983
002028
601601
601699
601166
600581
600348
600707
002106
600261
002041
000423
000933
000898
000651
000612
002024
000960
600785
000963
600519
600231
600197
002142
002007
000860
000024
000001
002252
600563
600036
601666
300041
600806
000792
601988
000635
600690
600594
002158
600271
000823
002089
600416
000488
000858
000877
600266
600508
002187
600739
002250
002241
002081
601318
601111
600015
000001
000951
601601
600029
600036
600690
002024
600031
000002
600468
000527
600000
000651
600518
601166
000063
600067
600256
000655
601919
000016
600016
002142
600026
600048
600015
600036
000002
600354
600030
000060
600087
601998
000718
600516
600428
601166
600000
601318
600036
600276
601166
000001
000568
600831
600123
600535
600858
600479
000063
600519
600557
002123
000895
600887
600517
600208
601111
000937
002022
601668
600231
601939
601318
600000
601166
600030
600117
600036
600426
000917
002028
600787
600019
600549
000422
601601
600028
000983
600900
601169
002249
002056
601001
600406
600030
600273
002085
002089
002158
002155
000811
600481
002271
000661
000581
601111
600123
002106
600487
600038
000898
600089
000006
002115
601998
600518
002254
000960
002004
600880
600460
000887
600383
600125
002064
002352
600316
600545
000939
600535
002025
600037
000973
600106
000425
600117
000401
000937
600509
600326
600029
002126
002121
600019
002017
002248
000423
600961
000012
600708
000400
600031
600256
601009
600872
600428
000550
600999
601939
600660
002268
600832
000823
600425
600418
600026
000063
601808
002255
600309
000925
000055
000826
000513
600388
000060
600585
601958
600050
600188
002241
600820
600993
600893
600897
600983
000548
600742
600676
600009
600198
600717
601318
600585
600089
600066
601166
600660
000983
600036
000422
600118
002022
600028
600325
000060
600997
601001
600239
601169
600598
600016
601318
000651
000568
000983
000063
000933
600348
600036
601166
002024
600519
000069
600585
600123
600111
000157
000829
600104
600549
000758
000001
000422
600000
000060
600739
601166
600316
002092
000422
000063
600030
601169
600202
600585
600016
600795
601601
601328
000401
000792
600765
002022
000001
600111
601318
601166
000157
601898
000983
601666
000937
600000
002092
600169
601088
601699
600048
000792
600583
000338
600308
000825
600537
600348
600660
601398
600050
600410
600308
600585
600030
600739
000680
000527
601318
600143
600221
000726
601166
600219
601628
600009
600761
600595
600036
600348
600704
601628
600000
600009
601939
600456
600588
600104
600111
601318
600875
601766
601398
000012
000425
002008
002153
000917
002344
000009
600570
600550
600157
601088
600198
600050
600893
600873
000800
600267
000001
002080
000581
600078
000063
000001
002208
002067
002185
002001
000930
600006
600351
600582
600368
600500
600987
002269
600058
000157
000983
002093
600036
601318
600000
000069
600660
600019
000024
600005
600519
000927
600581
600104
000933
000786
600741
002024
600550
600031
000061
000063
600900
002202
600050
601006
600000
600036
002001
601318
000623
601390
600583
601169
601988
000776
600519
000012
600016
000063
601166
000926
601398
601166
600050
600048
601318
600031
600348
600741
600036
000540
600015
600019
600585
600837
600100
002008
000338
601666
600000
600383
601328
600525
600019
002344
002215
600307
002106
601628
000937
600690
601988
000063
000423
601939
601169
002110
600839
002024
600015
002316
600406
600664
002106
600770
601318
600810
600267
000400
600869
600880
600198
600750
000969
600570
600050
600000
002153
600062
601998
002038
600739
002024
600518
600111
000422
600115
600096
600195
600088
000568
002007
600519
000024
601999
600054
000759
002261
000786
600456
000596
000983
600583
002138
000401
000623
000060
000860
002214
000538
600089
600410
600036
000999
601111
600536
000961
600117
000069
002148
000977
600087
600521
600376
002155
000612
601328
600036
601601
600037
600016
601766
002024
601111
600019
000069
601666
000338
600348
000858
000983
600166
600425
000623
000898
600383
000651
000937
000825
601318
000568
000800
000001
600036
601318
600000
600050
000338
600188
000937
000063
601601
000527
000983
000024
600060
000581
000400
000800
600031
000002
000933
600036
601166
600016
600739
000937
002048
600066
601601
600030
600893
600446
000063
600195
600380
000402
002157
000527
600426
002106
000680
601328
601318
600000
600664
000039
000915
300002
600028
600227
600269
002142
600015
601299
601166
601169
000407
000560
600019
601398
601601
000858
601328
000423
601169
600016
601398
600123
000651
600160
000060
000667
601166
000012
600050
600547
600096
600029
000422
002062
600739
600660
000651
601166
600036
600031
600519
601318
600216
002024
000729
000858
000786
600517
000759
002202
600582
000800
000527
601169
600859
601009
000895
600518
600537
002022
601607
601166
601939
600837
000898
000002
600348
601088
600030
600739
601169
000401
600812
000858
000422
600410
600256
600308
600000
600875
601318
000536
600725
600112
600519
600594
601006
002140
600658
600123
000338
600077
000680
601899
000059
600562
600694
000698
000651
600306
000973
600016
601001
002106
601318
000338
000651
000983
601601
000786
002005
002088
600742
600036
000055
000016
600508
600089
002165
600309
600031
601111
601088
600158
600879
002139
600546
600383
600502
600030
600000
600582
600563
600963
002225
000401
000619
002227
002041
600785
000001
600694
600570
000933
600475
002008
600997
601628
600000
601318
600797
000059
000063
000009
600016
600655
002028
000677
000983
600276
601601
601318
600028
600030
601009
601166
601688
600037
000063
600406
600000
600036
600143
600111
002202
600585
000009
601628
601088
000858
600252
600607
600348
600649
000531
600176
600547
000898
002089
600978
600420
601958
000568
601111
000598
601939
000655
000983
600269
600881
600016
600157
600015
601169
600298
600125
600570
601009
600582
600588
600550
601168
002236
600690
600028
000983
601666
000009
601318
002005
601628
300002
601318
600067
600000
000538
600036
600519
600125
601601
600557
600594
600196
600315
600048
600517
601166
601398
002024
600298
600028
600519
600036
601939
601390
600547
600309
000402
600739
600596
600015
601328
601788
601088
600030
600019
601857
601601
600005
600100
601006
000895
600000
600519
600392
600036
600808
000898
600546
600030
601318
601166
000069
000002
600089
600266
601919
600048
600104
601088
600028
000983
600016
000063
600036
000400
600031
601601
000060
600837
600100
600348
600704
002028
000996
600884
600176
600550
601318
600739
600584
600050
601318
601628
600030
601601
600837
601699
601857
600028
000898
600019
000623
600739
600348
600015
601788
000783
000776
600036
601166
000937
000983
600000
600581
600109
601001
600690
002024
000063
000527
601166
600582
600487
600178
601699
000404
601169
600123
600522
600000
600519
000521
000625
600352
600707
000921
600016
601668
600036
600426
600478
600439
600585
600596
600795
000755
000729
000898
002202
000999
600078
002122
601919
600586
600000
002091
600030
600028
601186
600875
600036
601939
600583
000963
600655
600410
600820
601601
601899
000876
000338
600000
600104
600016
000063
600368
600348
600036
600104
000568
600805
000829
600019
000651
600031
601999
600592
600582
600078
002035
600837
000965
600511
601166
000422
600089
000623
600019
600028
600100
600550
000063
600104
600655
002202
600583
601088
600029
600036
000024
002019
600309
601989
000878
601318
000562
600036
601398
601857
600016
000729
601988
600028
002024
000002
600383
000895
000898
601166
601318
000759
000839
600048
600031
600519
600517
600837
600000
000059
600739
000063
000933
600102
000012
600100
002106
600111
600256
600563
600655
600895
600030
000826
600068
600900
600410
600029
000690
600028
601318
601628
000069
601601
000630
000024
600395
600456
000061
002008
600467
600062
002202
601919
000800
002062
002309
002140
600026
000001
600104
600415
600584
600508
000983
600590
600816
000726
000718
000537
600348
000825
600518
600383
000002
600016
601328
002041
600558
600519
002232
601788
601088
000528
600595
600809
000965
002035
600104
600348
000568
600866
600036
600805
600030
601166
600997
000157
600809
600089
600068
000060
000418
600100
601999
600837
601166
600028
601088
601318
600585
601601
600739
000898
601666
000425
000651
600048
000069
601788
000157
000983
601009
000878
600239
600016
601166
000858
600036
600348
600115
002073
600859
002165
000983
600050
000869
601788
600325
000961
000425
600690
000829
600048
600153
000537
600900
601988
601398
600050
600089
600820
600031
600028
600518
000983
600837
600581
600048
002251
601006
000800
600037
600036
600030
000651
600269
600122
000001
600547
600115
601998
000937
600383
601601
600316
601857
600030
600068
601668
600056
000862
601601
600884
601006
600866
600961
601888
000060
601169
600058
600468
600095
601958
600028
002142
600872
000677
600528
600307
000602
000886
601808
600312
000766
000608
000042
000969
600000
601318
600585
600030
600675
601169
600016
601088
600036
600739
000651
600547
000625
600549
601666
000069
600660
000707
600649
600141
000983
601318
600887
000937
600489
600031
600118
601166
600425
600547
000541
601169
601398
601601
002322
600535
600863
002324
600256
600048
600019
000024
600197
600481
000400
000069
600030
600161
601179
600499
601699
600739
601111
000877
000002
600844
600252
601328
000514
600186
600511
600348
600872
002155
600158
600837
000060
600106
600309
002121
600000
000157
600778
300077
600585
002024
600100
000401
600329
000788
600279
600075
000933
600509
002008
000568
600560
002041
300039
000415
000825
000973
000868
000960
000661
000537
002345
601628
600522
600519
600036
600016
600030
600029
600028
600123
600887
000012
601318
000060
000680
600019
000933
000063
600519
600580
601398
600694
002011
000402
600887
000963
600036
601088
600016
601166
600718
601699
601398
000069
600596
000837
000932
000028
600276
000983
000157
000858
000926
600694
601166
600866
000829
000060
600518
600312
600028
002073
600837
600887
000157
601111
600231
000983
000001
600031
600348
600519
000960
600458
000917
601601
000937
600804
600880
600584
600351
601857
600498
600497
600580
600510
000948
600085
601318
000982
002142
000401
600594
600067
600422
601607
600707
600138
600500
000602
600557
600363
600223
000063
600511
000568
601939
000651
600406
000402
601628
000001
600036
601318
601666
000937
000623
601607
600426
000983
600837
600104
600050
601169
600166
600563
002202
002106
600581
002065
600202
600425
002092
600015
000061
600395
002148
002051
600585
002194
000823
600037
600303
000021
600188
600201
601169
600383
600348
601166
600123
000933
000568
600271
000983
000060
000651
000917
601001
600030
000527
000538
600016
600188
600595
600660
002269
002024
600100
000926
600478
601666
600276
002025
600352
000581
000513
600037
600178
601398
601699
002187
600880
601989
000650
000823
600664
600036
600141
002142
600028
600000
600348
000983
601318
601601
000623
600498
000422
601628
600123
600266
601111
601166
000063
600016
600111
601318
601601
000983
601699
600016
600143
601169
600546
600036
000157
600519
600028
600031
600373
600660
600060
000933
600586
000016
600498
601166
600031
600519
601318
600036
002028
000060
002024
600596
000792
000651
000869
600415
000400
000061
600141
000718
000987
000568
600256
600030
600000
000002
600837
600415
600016
000069
000876
600036
600161
000651
000729
600015
000776
000667
600859
600588
601088
000501
600361
000983
600123
601166
600036
000651
601318
002024
600580
601699
600071
000157
601111
000961
601918
000895
600054
000933
600016
600198
002007
600019
600028
000983
600031
600036
600231
601699
002206
601169
002009
600425
000877
600887
000792
600406
002215
000338
600015
600761
000968
002241
600307
002001
600037
002146
002041
600176
000401
600352
000717
600720
000002
000983
000063
002024
000001
000012
002017
600030
000623
000898
002202
002241
600048
600664
000157
000568
600035
000999
601318
000878
000893
600523
000898
600423
600019
002109
600737
000933
000932
601601
600030
000729
600153
600837
600960
000983
600739
600050
600595
600497
600718
000999
000024
000422
002194
600050
600808
600261
601668
600697
000963
000539
601088
000488
600596
600823
601006
600267
000680
600694
600900
000425
600048
000024
600383
000983
600581
002154
600050
000568
601939
601601
002029
600000
600584
002003
000501
601088
600880
000527
600068
002025
600030
600517
000823
600785
600009
002106
600724
600970
600037
600026
600202
600000
600739
000828
600880
000338
002024
002048
600000
600036
002092
000823
600019
600479
600100
000826
600584
000858
600581
600425
002194
601601
000537
000800
600111
600123
000679
600016
000968
002065
600707
600030
002106
600028
600030
600031
600525
002344
002024
601318
600015
002215
600104
600586
601009
600123
601166
000400
601088
000063
600660
601169
600895
000540
601169
601009
601166
002322
002296
600252
600557
600388
601688
002024
600594
600029
600481
000973
300070
002089
600068
601958
601601
600016
000527
000759
000858
002254
600060
600519
600395
600352
002017
600805
600000
600649
000718
600198
600787
600122
002068
000895
600986
002038
000909
002318
600546
600380
600312
601006
000024
600622
002063
002064
600115
600036
600016
601166
601318
600395
600309
601668
002106
600426
600000
000829
002028
600406
000528
000825
002122
000157
600325
600585
600887
600406
600993
600016
601601
600704
000063
601999
000983
601318
600485
002095
600050
600348
000656
600183
601088
000612
600900
600970
000893
600000
600036
601318
601169
000001
601166
601601
600547
600016
600015
600694
000537
600887
002110
600317
600348
600739
000538
600511
601699
601318
600739
600415
600019
000001
000983
600123
000338
600036
600000
600030
000422
601699
600087
601169
601958
000800
000858
600325
600742
601601
600777
600060
000778
600348
000568
600271
600123
000060
000933
000983
600030
601166
000651
000917
000538
601001
000527
002269
600016
600660
600188
600595
002024
600100
600478
600276
600352
000513
002025
000926
601666
000581
002187
600037
000612
600178
000650
601398
600316
600050
600028
000878
600118
000630
000651
600038
600837
601857
000792
000060
000800
002232
600178
000002
601166
600690
601628
002336
600111
600479
000527
600660
600432
600000
600362
601958
601318
000423
601169
000063
600096
601866
002045
600460
000858
000001
002251
600900
002008
600089
600036
600085
000522
601918
000951
600271
600990
000960
000069
600141
000807
300059
600030
600677
600480
601168
000677
600997
601668
000612
600188
000768
600048
600418
000933
000901
600345
002261
601299
601618
601788
600859
601328
002148
600332
600016
000547
600616
600183
600104
600088
601808
600551
600879
002216
600166
600498
002340
600016
000001
000623
600694
601601
600362
600153
600713
600660
000024
601788
000401
002202
000402
000937
600595
000063
601166
600019
000963
600739
601898
600467
600030
600837
600009
000623
601688
600030
600153
600739
000685
000651
600519
601166
600016
600832
600325
601328
600000
600838
601318
600202
002064
601328
601318
000612
000937
600016
600000
601601
600036
600502
601088
000063
601988
000983
601111
600664
600660
600048
600106
600805
000800
601398
600019
601390
601186
002202
601166
601006
600900
600100
002261
601601
000829
000826
600388
600880
601628
600859
002011
600418
000063
600522
600196
600198
002063
600150
600887
600795
600739
002345
300027
002158
600590
600410
002293
000568
002154
002327
600580
300058
300012
600089
002123
000759
002291
000630
600197
000987
600481
002214
601168
601998
002001
600809
600303
000877
002029
600185
002003
600707
600067
600685
000888
002200
000417
002344
600991
002299
002041
601111
000012
002007
002014
000713
002266
600138
600327
600690
600376
600487
600557
002292
002148
300002
601601
601318
600016
600036
000001
601169
600000
600123
600739
601166
600307
000983
601699
000933
000537
601328
601939
600812
600805
000937
002106
000001
601601
600031
600000
000061
600546
000800
002215
002351
601111
000878
002303
600055
600380
601628
000926
600622
000423
600720
000157
002241
000951
600425
601318
000425
002081
600375
600068
600970
002038
000400
601668
000063
600285
600586
002202
600329
600585
601169
000651
002267
000028
000837
600227
600031
600271
002115
000786
000983
002154
600351
600475
002217
600037
002148
601998
600100
600000
000728
000973
600054
601328
000026
600509
601318
600028
600446
600330
600030
000988
002123
600183
000718
600754
600583
600839
600312
000748
600037
002301
600739
000903
600502
600880
002022
002286
600456
000926
600458
601002
600543
000888
600595
000559
600826
600831
600622
000796
601988
600122
601808
000565
600143
600362
000717
600189
601318
600216
601398
601006
600153
600690
600030
600739
600309
000060
002001
601328
000527
002104
600178
601166
600058
600660
600893
000825
601166
600739
000989
600005
600519
600549
600030
600016
600382
601006
600000
600068
000792
000060
601618
600048
000960
600331
000401
000541
600028
600550
600019
600900
601318
000568
601169
601166
000001
000021
000728
600019
000063
601699
000338
000623
600331
000527
600739
601106
000983
600068
600196
000422
601318
601628
600028
601166
600000
600050
000089
600795
600859
600887
000338
000063
600547
600995
600019
600697
601398
601668
000418
002024
000728
600028
000002
600837
601166
601899
600694
600050
600725
600015
000822
600029
000001
600206
000581
600030
600960
600797
600329
600269
000983
600497
600432
000060
000100
600089
600308
000878
000625
600586
600418
600858
000422
002146
000759
601601
002056
000568
000825
000635
000983
601318
000001
600123
601166
000069
000933
000063
000651
600331
600050
600348
600000
000009
601111
600469
000046
000157
000422
601001
600036
600837
600050
000858
600028
601088
601857
600900
600016
000568
601628
600000
601318
000063
000792
600111
600596
600489
000157
600309
600406
601328
600519
600030
600000
000001
000933
601318
600089
600348
601699
601628
600031
002048
000630
600087
601666
000960
000612
000157
600173
601009
000825
000726
600030
600036
600309
600019
601628
601318
601328
601788
600383
000009
600123
600048
600837
600050
000917
601088
601601
600352
601666
600797
601601
000983
601318
600690
600019
600519
600036
000581
600060
600016
600739
601169
000623
002154
600537
600742
600880
000800
600498
600050
601318
000001
600036
000581
002019
000625
000937
000063
601166
600016
000837
600081
600267
601628
000024
600168
000656
000565
000630
600879
000759
600143
600188
600000
000014
601088
600138
000930
601328
000729
600157
600352
601169
600322
600527
600031
600521
600125
002172
600079
600596
000061
000858
000601
600866
600395
000063
000001
002007
600498
600019
600048
600104
601318
000983
601166
000528
600166
000069
601628
000527
600383
000024
000895
600031
600141
600036
000623
000933
600586
000651
000423
600115
002080
002148
000951
002024
000800
000898
000001
600030
600016
601390
600050
000527
000983
000012
000933
601299
601088
601318
601186
002152
601766
600036
601166
600596
600875
000839
600036
600030
601318
600028
600016
600339
601398
600519
000001
601628
600089
000667
000792
601601
601666
600188
600739
002024
000829
601169
000983
002148
600309
000917
002248
002123
002255
002362
002081
600581
600978
601166
000338
000826
000893
002215
600738
000060
600519
600983
000937
000538
002353
600016
600104
002340
002154
300004
600195
002073
600000
000001
000821
000612
600742
000063
002250
000989
601398
002041
002303
600778
600660
600737
600900
000878
000001
600050
600809
600521
002106
600425
600795
000878
002045
601628
600348
600005
601601
600585
601998
600983
000069
002220
000002
600031
000959
000898
000002
600037
600519
600183
600026
600900
600019
600887
600806
600583
600028
600005
600048
600308
000157
600888
600104
600596
601166
600036
600016
000800
600581
601318
000983
002142
601169
000825
601328
000001
601601
600030
000877
600087
000157
600038
600111
600089
600036
002094
000540
000651
600586
600348
600100
601166
600016
600884
600030
000024
000826
600418
600489
002208
000338
600193
002110
000677
600519
600031
600036
000527
600153
601169
600517
000895
600089
000878
600858
000800
600415
600660
000983
601318
600546
000061
601628
600590
600036
000338
002041
000792
002001
601111
600019
000877
601318
600694
000401
600125
600518
000537
002206
600166
000527
600485
600425
000061
601601
600048
601111
600383
000338
600031
601318
600019
600036
600690
000800
600029
000157
600060
000898
601166
000951
600115
002194
000002
600036
600033
600837
600000
600030
600718
600028
600583
601899
000001
601668
600588
000541
600797
600031
600227
601699
601998
600585
600276
600779
600036
600015
601628
600875
000876
600383
600050
600422
600519
600085
000959
002049
601318
601939
600361
600737
600019
600037
600597
000338
600036
601169
601601
600019
000937
000792
600031
600037
600596
000786
600015
000858
600348
002152
600016
600519
002028
600511
601318
000612
000551
000157
000987
002041
000983
600036
600690
601318
600315
000937
601166
000338
601111
600581
000898
600309
600104
600050
601328
600016
601398
600575
000002
600880
600481
000951
000060
000063
600208
002269
600439
000428
600138
600030
002073
600050
600123
600348
000933
000088
601857
600018
000983
000937
000900
600005
601628
600028
601601
600598
600000
000762
600026
601666
600015
600028
600050
601398
600600
601668
600487
600104
000778
601088
000400
002115
600018
600030
002014
000759
601169
002194
000616
000917
601328
601166
000983
000069
600016
600019
601699
000060
601318
000792
601998
600309
600037
601788
601898
600519
000898
000063
600352
002024
600837
600380
000933
600584
600193
000937
000009
600622
600354
600655
000423
000016
000983
600467
002197
000021
600359
000651
002155
600511
002179
600122
000927
002019
000527
000060
600550
002092
600673
600675
000063
002254
600739
000538
600519
000527
601166
600000
600425
601009
002064
000933
000961
000800
600089
600563
000983
000069
600019
601111
601328
601788
601009
601601
600100
000009
600029
600048
600616
600631
600649
601939
600694
601333
600415
000001
600832
600195
000563
600655
600000
600406
600481
600256
600030
600395
600528
000021
600547
601166
600622
002110
000990
601318
000783
600069
601628
000792
600581
000338
601318
600000
601169
600383
000157
000528
601186
601390
600348
002022
002122
600089
600329
002202
600858
601699
002123
000729
600068
000630
601328
600406
600050
601628
600030
600016
000402
600525
000848
000680
600036
600028
600529
601169
600660
600088
600125
600804
000829
600831
600036
600031
600315
600585
000528
000402
600016
601166
600050
000983
600415
600837
000063
601169
000898
601299
000001
002008
600519
600426
600183
000680
000937
601628
601318
600036
601939
000069
601601
600031
600837
600887
600718
600016
000655
600030
600880
000028
000825
600299
600809
600406
600026
000501
600056
000568
002068
600348
600990
600837
600809
000961
000338
000612
600518
600795
600104
000540
600351
000063
600058
600720
600571
002005
600259
600535
002163
600825
600425
600268
600831
002106
600197
600770
600161
000530
600303
600456
002063
000423
000712
000021
000598
000718
000060
000063
600395
600837
000157
601318
600511
000550
600036
600537
002024
600859
600529
600307
600271
600123
600166
002047
002294
000823
600000
600036
600068
601888
600423
002273
002142
600048
000671
000060
601998
002104
002326
000829
600884
600812
601169
600622
601601
002351
600739
600837
000861
600176
000636
000100
600028
000862
002024
000713
000055
000969
600316
002261
000917
600961
002093
002301
600271
000061
000983
600595
600285
600226
000024
600830
600879
600481
002163
600439
600521
002067
000837
600015
600718
600330
601857
002019
002251
000987
000903
002129
600664
600239
600122
000898
600268
002008
601166
000001
600519
601169
600970
000063
000623
601318
000983
002142
600019
000800
601001
601601
000060
000898
600050
000338
600169
000012
601318
600221
600383
600030
601601
600036
600837
600581
600019
600005
600048
600547
601628
000983
600016
601166
600117
601699
000562
000009
002022
600418
000888
600000
600036
600517
600694
600016
002264
000422
000983
600649
002028
000028
000612
601699
000937
000926
002194
002261
000012
000060
000651
600666
601899
000983
600879
601601
600036
600997
600030
601318
600707
600837
000951
000401
002142
600519
000612
000960
600081
600426
000858
600348
000526
600690
600050
600168
002092
600000
600584
000063
002261
600281
601166
601088
600019
601699
601001
600000
601318
000878
000983
600036
601666
000792
000937
601601
601898
600348
000069
601169
600309
600383
600016
600036
600383
601318
000024
601006
600019
000983
601328
600391
601601
600498
600519
000425
000016
600837
600546
600050
600373
600111
002202
600879
000507
600425
601318
600383
601166
000983
600584
000667
000825
601699
600406
600036
000800
600331
600348
600739
600600
600703
600519
000157
000568
002091
000063
600183
000895
600739
600547
600585
600100
000983
000069
601601
000937
601169
002106
600062
600048
000786
601166
000024
600050
600000
600900
600460
601166
600015
601988
600005
601398
000001
600000
601169
600036
601328
600202
600808
600693
600143
000709
600739
601006
000623
600016
600835
600690
000069
000800
000969
600546
002121
601328
000927
000887
000895
601318
600307
600508
600837
600987
600016
600141
002059
600050
600884
600585
600406
600704
601318
600837
600570
601390
601398
601601
000623
600000
601169
002244
000016
601166
600418
601088
600690
000527
601006
002140
601318
601169
600183
600029
600837
000823
601601
000728
600166
600000
601788
600111
600537
601111
000825
600016
600325
600050
000759
600267
000969
002200
000028
600880
600016
600858
600718
601088
600563
600048
600522
600183
000418
601318
600267
600202
002038
000024
002139
600195
600519
600271
600050
002007
601318
000061
601166
600031
002024
002001
601601
600585
000933
600683
601766
600563
600858
600503
601001
000939
601318
600537
002092
000933
600406
000623
000060
000425
600266
600000
600036
000009
600153
601001
600655
600256
601899
600825
600309
601601
600019
000338
600030
600519
601318
601328
600036
600348
000983
601601
002028
601166
601939
002024
600015
000792
600048
000157
000825
000937
000338
600036
600348
000792
002024
600519
002194
600166
600019
000858
002028
601398
600031
000983
600037
000550
600523
002146
002041
002038
600015
601166
601390
000012
601166
601169
000001
601699
600739
601766
600383
002142
600104
000825
000063
000024
000728
000969
600000
600348
600196
600050
000895
601186
601111
601899
000625
600547
600029
600089
601168
600016
600718
600276
000651
000878
000987
600859
600331
002091
600690
600267
600557
601668
601628
000001
002202
600739
600425
000998
600153
600354
600048
002236
600572
000425
000709
000597
000519
601328
600267
002293
600410
600383
600056
600380
601009
601888
600316
002142
002019
600050
600067
000778
000825
600468
601601
601668
601958
000400
600388
002252
600176
002123
600622
600312
600521
002121
601166
600528
600036
000021
000009
600590
000983
000783
601601
600581
600019
600348
600585
600655
600739
600331
600970
600481
600188
600030
600837
600030
601111
600029
601628
002155
601318
600739
601788
600026
000623
600489
601919
000488
600111
600547
600050
601899
000686
600963
000063
600030
601328
601318
600036
002024
600100
600016
002236
002008
600123
600690
000665
601699
002310
600737
600880
600693
600298
600797
000983
000869
601169
000829
600873
000425
600859
600269
000759
600877
002304
600031
002230
000001
600000
601601
601318
601166
600739
600016
600830
600123
600887
601998
601398
601939
600348
000937
600015
000933
601328
000581
002142
600036
600000
600030
600741
600016
600742
601166
601601
000002
000063
000825
000778
600312
601318
600202
000581
000069
600329
600660
600970
600036
600000
000001
600831
601166
600498
600276
600426
600406
002022
000581
000063
600195
600037
600970
601318
600062
600380
600479
000568
600030
600000
000983
000063
000963
600111
601318
601939
600048
601169
002045
600031
600028
601111
601398
601166
601628
601328
000623
000933
600875
000858
600739
002140
000651
600519
600351
601788
600327
600062
600261
600309
600016
600000
600348
000417
002106
600036
600029
600858
000800
000513
600720
600125
000533
000825
601601
000039
600439
600409
000584
600351
601166
000651
000800
600031
600880
601699
601398
000792
600019
600383
600216
000069
000898
000937
600178
600123
601919
000001
000826
002024
600325
600739
000623
000001
600153
600036
601111
000063
600586
600029
002202
000024
600519
600872
601166
002110
002091
000157
000528
600117
601318
601166
600703
300002
000983
002202
600348
600030
002024
600036
600060
600031
000612
000001
000401
000933
601666
002038
600104
600690
000513
000651
600498
600547
000425
600037
601989
600660
600383
000338
600036
000786
000926
601088
000878
600395
600582
002106
600309
600502
000983
600590
002005
000718
600031
600742
000887
600068
600028
600717
600900
600583
600585
000063
600596
002056
000858
000792
000002
000625
601398
000895
600062
601857
600276
600030
601088
600066
601318
601166
600395
600030
000046
000937
000024
600778
600736
000623
000792
000009
600583
601169
002024
000537
600199
000667
600036
600231
600739
601628
601166
000926
600005
601918
601398
601788
600231
600030
000758
601601
600511
600742
000898
600428
600028
600395
000776
600580
600016
000858
600000
600036
600348
000001
000024
601919
600029
002315
600887
601166
601668
300002
000046
600223
002001
600345
000898
600761
600415
000061
600519
600030
002142
600963
600251
000792
600033
600028
600362
000858
000538
600629
600825
000933
600315
600111
600050
600522
600036
000651
601166
600104
600221
601318
601628
600019
600458
002089
600491
600178
601169
600133
000983
600030
600585
601001
600031
600028
600019
600000
000338
600837
600690
600519
002024
000001
600048
600410
000983
000157
601166
600031
600037
000651
001696
600256
601699
600585
600028
300002
000002
000402
601328
600015
601318
601009
600000
000915
601998
000039
000088
600227
601398
000826
002310
600269
600830
000024
000933
002017
600537
000060
601318
600000
002092
600256
000983
000623
600266
600590
600406
600439
002138
601601
601899
600655
000528
002200
600383
000901
000533
002025
600770
000662
000524
000651
002034
600331
000758
002250
600519
000625
000063
601166
600050
000898
601088
601318
600104
601998
002024
600426
000024
000338
600115
600030
000778
600660
000709
002106
000933
002106
000417
600703
000541
600183
600016
601628
600739
600585
601601
601001
000024
600439
600761
600519
000983
002056
002194
600030
601318
601111
601601
600016
600036
601169
000596
601009
002041
601998
000524
600015
600000
601166
600809
002142
000792
002304
000786
002024
600739
600489
600765
600837
000937
600075
600376
002148
000930
600273
000858
600035
002159
600704
601628
600575
600176
600519
600122
600315
601318
000001
600050
601169
600028
600348
601009
601088
000002
000338
601328
000800
600031
600895
600001
600122
600123
601166
600197
600583
000422
600582
000858
000401
601601
000012
601318
000001
000898
000623
600015
601919
600031
000839
002008
600048
002218
000060
600029
600196
600992
600539
000560
600356
600495
600091
600399
002110
002234
002321
002337
600241
600262
600822
002222
002274
002356
002365
600566
600960
600030
601666
000069
601958
600104
601628
000063
601899
601088
600276
600348
000933
000417
002293
600019
601398
300003
600362
002106
601919
601318
000983
601699
600000
000937
601166
601601
601088
600036
601328
600739
601169
601666
600048
000718
600508
600997
600887
601628
600383
601939
601808
600580
000089
600016
600050
601628
600195
000539
000778
601390
600141
000024
000401
600005
600348
600785
601618
000301
000690
601628
600030
600837
601166
000983
600519
000612
600585
000060
601009
600219
600089
601001
600019
600739
601939
000898
000001
600026
600308
600019
000063
601601
600570
000858
600202
002065
600694
002296
600415
000061
000983
600348
600581
002024
600104
601699
000513
600289
002241
002156
000541
601318
600048
600036
601939
601001
600270
600487
600812
000063
600030
600517
600309
000002
601111
601788
601857
600383
600664
600519
601601
601006
002024
000998
300026
600251
600830
000338
600016
002241
600529
601668
600879
600583
600100
600581
600725
600739
600723
600432
002269
600035
600479
000650
002080
601989
600585
002157
600031
600068
600655
601899
600354
600570
000858
600029
600350
000514
600859
000059
000679
600132
600960
600256
600509
600967
600870
600058
600386
000607
600104
000063
000829
600866
000960
600019
600500
000423
600844
600519
000948
600104
000623
000917
000001
600026
600202
601268
600028
600331
002244
000937
600739
002142
601989
601788
000060
000581
002073
000061
600325
601166
601318
600000
600519
600036
601169
000990
600015
600348
000651
600256
600458
000001
000960
600395
600031
600489
600166
000877
600837
600030
600019
000063
000401
002024
600581
002273
002142
000157
000568
000021
002261
600809
600547
600425
600866
600739
000937
600521
000858
600456
600016
600089
601601
002082
601001
601318
600066
601628
600425
600089
002092
000418
000338
600028
000063
000708
000898
002024
000778
000401
600886
600664
600276
000999
600496
600875
601088
600019
600231
600348
600030
600820
601988
600016
002028
601857
000002
000792
600005
600028
601328
600583
000338
601111
600966
600104
000800
600030
601169
000001
601328
600016
600089
000069
600657
601398
601628
601006
600748
601601
601166
600060
600900
000063
600266
601398
601169
002142
000937
000933
601166
600309
000898
601111
601318
002293
600519
600036
601009
000069
002001
000983
600576
000024
600597
601919
600017
000016
000417
000960
600271
002106
600029
000651
600518
002194
002253
600028
000999
600050
000100
600426
601006
600697
600030
600036
600529
000001
600016
601788
600019
600325
600000
600186
601318
000717
601328
600104
000012
002001
600748
601919
601398
600657
600068
601169
601628
000568
600519
601006
600036
600111
601919
601186
600867
600028
600839
600598
600050
000061
600030
000059
600858
601601
601088
600316
600879
000825
601166
600036
600739
000680
002022
601398
000898
600016
600055
600060
601628
600216
601088
000807
000501
601006
600188
600019
600202
000983
600016
601601
000983
601318
601939
600019
601166
000898
601699
600031
000401
600000
600863
600820
601398
000937
600216
600352
600737
600058
000898
000999
000527
000001
000063
600030
600348
600216
000488
600060
600050
600875
600183
600519
600900
601628
600309
600031
600664
601988
600897
600426
600169
000726
000635
600521
600267
000024
600280
600231
600011
600352
000422
600062
000423
600486
000539
000550
600327
000338
601169
600887
600348
601699
600595
600497
000541
601168
600362
601939
601601
601899
600016
000878
000983
601328
600366
000612
600331
600839
600030
600529
600348
601318
000826
000877
000999
600252
600978
600585
600519
601788
000988
600489
002122
600805
000651
000060
600765
000717
600016
000983
601006
601166
601318
600406
600015
600350
601666
002078
000612
600020
002088
600528
000635
600739
002202
600017
600418
600270
