2575
600123
600019
002041
000825
002028
600026
600150
600050
600636
600550
000488
600320
600005
600309
000060
600085
600036
600308
600009
600289
000002
600660
600795
000869
600151
600580
600600
000983
600269
600205
600426
600296
000538
600519
600033
600428
000792
000778
600832
600183
000069
000969
000527
600302
000911
600900
000039
600019
600009
600005
600018
600050
000002
600309
000063
600855
600330
600036
000792
600028
600320
600519
600029
600058
600740
600019
000898
600036
600028
600005
600900
600016
600000
000539
000002
000088
000630
000039
000618
600009
600316
000063
600978
000817
000069
600098
600089
600887
600015
600050
002041
600694
000027
600795
600011
600348
000983
000581
600383
600497
600205
000780
000866
600058
000866
000898
000002
600104
600050
600027
000937
600002
600269
600406
600036
000625
600418
600028
000983
600276
000911
600005
600018
600019
600019
000763
600050
000817
000932
600002
600005
000538
000866
000581
600202
600026
000027
600011
600639
600900
000983
600019
000039
600009
002024
600005
000157
600519
600050
600036
600780
600418
000898
600428
000937
600028
600825
000866
000895
000759
600029
600309
600521
600428
000423
600028
600832
600188
600123
600019
000933
600348
002001
600900
600535
600011
600030
000767
000983
000002
600688
600018
600050
600005
600050
600028
600009
000063
600900
600005
000900
600269
600033
600717
000983
600008
000022
000956
600350
000581
600642
600000
600012
000970
600019
600050
000063
600426
600361
000822
600005
600971
000731
600026
600406
000937
600993
600078
600096
600028
600636
000060
600089
600125
000538
600519
000063
600900
600009
600036
002024
000792
000039
600019
000002
600085
000022
000895
000402
600026
000983
600717
600348
000731
600019
600005
600028
600900
000039
600009
000866
000983
600018
000088
000063
600050
000002
600011
600002
600036
600004
600096
000898
600583
000581
600660
000402
600012
600426
600642
600591
600348
600029
600177
600519
600005
000541
600098
000069
600694
600050
000898
600009
600016
000866
600104
000002
600000
000651
600028
600036
600012
600002
000039
600309
600018
600002
000063
600029
600009
600036
600019
000088
600005
600583
600585
000024
600348
600460
002012
600563
600600
000726
000858
600597
000068
002025
600500
600428
600036
600900
600028
600019
600050
000063
600009
600519
600309
600029
000002
000039
000792
600005
600018
000858
600033
600887
000088
000402
000983
000488
000538
000895
600085
600269
600428
600740
600018
600660
000002
600026
600036
000895
600596
600027
000898
600150
600029
600585
000581
000068
600037
600591
600270
600887
600019
600036
000651
600660
600900
600005
600535
000488
600018
600050
600000
002039
000866
600026
600694
600320
600002
600795
600085
600597
600188
600002
000039
000866
000002
600688
000983
600585
600352
600089
600642
600027
600500
600123
000037
600036
600028
600104
600488
600586
000069
600009
600900
000898
600050
600019
000002
600550
000541
600028
600002
600012
600688
600018
600660
000581
600026
000726
600267
600005
600019
600005
600009
600795
000983
000039
600028
600900
600029
600018
000900
600320
000069
600309
000792
600000
600875
000898
600050
600104
600269
600660
600009
600019
600519
600900
000039
000063
600320
600036
600050
600694
600005
600018
600309
000022
600096
600028
000002
600033
600269
600026
000488
000538
000895
002024
600019
600900
600050
600005
000895
600028
000983
600036
600009
000022
600309
000792
600018
600016
000402
600519
600717
000423
000039
000063
600320
000088
600036
600583
000039
600026
600009
600029
000089
600591
600037
600900
000002
600019
600887
600012
600270
600000
600642
600320
000983
600050
600019
600900
600005
600029
000625
000002
600036
600009
600000
600028
600002
600050
600519
000039
600016
000063
600535
600210
600104
600717
600020
000866
600018
600348
000538
600012
600795
600026
600694
600971
002024
000027
600005
600019
600050
600900
600009
600028
000063
000039
600519
600036
000002
000088
600018
600583
000630
000792
000069
000898
600205
000983
600085
600309
600428
600216
600660
000895
000402
600004
002024
000825
600029
000022
000858
600886
600016
600331
600362
000538
600970
000866
000625
600033
600320
600009
000002
000402
600036
600028
600029
600583
600320
600018
000063
600519
600309
600900
000022
600104
600026
600011
000970
600150
600012
600005
600028
600900
600018
600019
002024
000898
600320
600600
000729
600009
000063
600026
600188
000002
000538
600660
600519
600015
600583
600009
600900
000898
600019
600050
000069
000002
000541
600550
600002
000726
000581
600150
600028
600267
600005
000960
600660
000651
600018
600019
600900
600050
000039
600016
600036
000895
000402
600005
600028
000792
000983
600009
002008
000022
600519
600309
000063
600018
000937
600717
000088
600660
000423
600150
600597
600269
600019
600900
000039
600036
600005
600269
600642
600177
600428
000983
600028
600058
600018
000581
600011
600383
600050
600795
000402
000002
600320
600900
600005
600019
600029
600036
600887
000039
000402
600009
600028
600320
600050
600089
600660
000069
600018
000731
000898
600269
000866
600033
600030
600795
600026
600177
600694
600182
000063
600066
600096
000618
600688
600205
000063
000488
600050
600519
600104
600188
000726
600361
000792
600642
600717
600012
000002
600591
600886
600660
600795
600011
000027
600096
002025
600018
000022
000423
000002
600019
600036
600028
600009
600029
000402
000898
600887
600267
000937
002024
600050
600348
600166
600320
600011
000630
600971
600123
600005
600036
600028
600019
000063
000898
600000
000039
600320
000002
000817
000930
600428
000538
000792
600020
000763
600018
600009
000866
600900
600585
600549
600096
000690
600009
000792
000488
000538
600583
000402
600331
600160
600002
000069
000024
600592
000061
600436
600970
600028
600900
600050
600036
600018
600019
000983
000858
600350
600026
600009
000541
600002
600308
600037
600362
000002
000423
600033
000895
600005
600050
600900
000930
600019
600009
600795
600028
600415
600269
600308
600886
600036
600330
000402
000937
600002
600963
600018
600383
000581
600087
600016
600835
000939
600011
600271
600000
600790
600153
600832
600015
600588
600362
000866
000839
600075
000898
000422
000027
600026
000002
600029
600643
600232
600028
600855
600029
600428
600497
600050
600361
600900
600467
000037
600002
600352
600426
600754
000731
000911
600177
600740
600202
600011
600258
600016
600547
600584
000983
000410
600323
000759
600795
000012
600026
002007
600227
000513
002011
600880
600028
600036
600320
600037
000068
600019
600000
000069
600016
000063
600018
000039
600004
600309
000089
600030
600002
600900
000012
000024
600875
000027
600019
002024
600660
600036
600009
600029
600031
600005
600018
000039
000488
600016
000088
600583
000858
000069
000063
600000
600308
000895
600028
600900
600019
600036
600016
600320
000063
600050
600352
600694
600018
600660
000002
600009
600330
600795
600309
600012
600426
600011
600005
000488
600114
600350
600418
000900
600085
600183
600177
000088
600971
000895
600583
600598
600717
600096
600000
600361
600019
600002
600028
000866
600005
600309
600320
000983
600104
000039
600660
000792
000002
600096
000898
600330
600418
600009
600269
000651
600971
000960
000488
000063
600352
600166
600177
000550
600636
000900
000400
600383
600900
600583
600036
600000
600050
600550
600832
600406
000625
000012
600426
600966
600016
000402
002023
600519
600331
000022
600005
000039
600694
600188
600500
000825
600019
600887
000402
000898
600823
600009
000858
002024
000002
000866
600018
000978
002025
600050
600026
600004
600012
600005
600177
600900
000089
000939
600761
600350
600333
600966
000488
600591
000063
600299
600089
000422
000037
000100
600308
600029
600635
600585
000513
600074
600008
600309
600594
000895
600183
000912
600386
600036
600970
600030
000930
600305
600879
000911
600028
600550
600071
600489
002034
000012
600323
600874
600312
600835
600717
000792
600316
600302
600660
600018
600019
600900
600519
600028
600160
600688
600636
600269
600050
600005
600600
000617
000858
000900
000559
600383
000729
600386
600761
000898
600028
600005
600660
600011
600177
600761
600050
600795
600270
000866
600308
600036
000625
000402
600205
000581
600900
600019
000677
000937
600535
600085
000895
600900
600019
600026
600036
600050
600018
000488
600009
000983
600177
600016
600096
000726
600005
600280
600028
600500
000039
600642
600832
600033
600628
600269
000400
600098
600309
600519
600029
600210
600207
600600
600009
600036
600320
000039
600085
600002
600037
600348
600585
600019
000068
600519
000866
000088
600900
600029
600050
600004
600016
600166
000100
000581
000617
600176
600428
600591
600150
600008
600011
002043
600362
600202
000063
600320
600694
600018
600036
600009
000488
600267
000900
600900
600328
000039
600521
600269
600096
600050
000063
000937
600271
600098
600360
000402
000898
600832
600887
600026
600006
600309
600717
600058
000027
600383
000002
600016
600019
600188
000063
600005
600900
000651
600428
000527
600971
600036
000402
600050
000012
600002
600028
600026
000039
600348
000866
600519
600900
600019
600028
600005
600036
002001
600009
600887
600018
000069
600519
000630
000895
600660
600011
600085
600308
000063
600029
000792
600002
600426
600123
000002
600033
600276
000488
600012
600016
000997
600096
000422
600694
600296
600026
000022
000617
600050
600143
600886
600309
600000
600591
000027
000088
002025
000933
002024
600583
000898
000900
600636
000423
600900
600019
600050
000039
000157
000895
000063
600717
600780
000937
600016
000002
000402
000022
600600
600309
600428
600009
600005
600028
600320
600900
600005
600832
600406
600361
600009
600900
600019
600028
600005
000063
600011
000039
000983
600009
600320
600020
600036
600104
000002
000898
600033
600018
600519
600418
000088
000937
000932
600428
000022
600694
600002
600309
600269
600642
600026
000423
000402
000763
000488
600058
600360
000629
000726
600583
000625
000651
600096
600886
600863
600874
000858
000839
600012
600000
000503
000792
000900
000866
600050
600415
600880
600005
600900
000983
600600
600519
002023
600018
000063
600406
600971
002024
600085
600019
000002
600002
600050
600004
600348
000581
000858
600123
000866
600573
000402
600717
600900
600019
600050
000063
600547
000002
600125
600104
600195
600489
000527
600887
600004
600270
600596
600096
000581
000651
000060
600600
600036
600428
600886
600320
000088
000792
000933
600694
000539
600596
000581
600585
600143
000726
000002
000937
600406
600096
000012
000538
600824
600125
000876
600600
000983
000520
600887
000989
002024
600078
000625
600475
000022
600400
600399
600563
000069
600016
600591
600971
600296
600104
002025
000900
000581
600020
002023
600519
000089
000527
600050
600600
000550
600135
000088
002012
000002
600029
600900
000659
600887
600050
600036
600019
600309
600028
000063
600320
600360
000039
002021
600832
000839
600018
600660
600642
600026
600177
600970
600900
600000
600460
600011
600583
002019
600104
000898
000012
600031
000858
600316
600098
600596
000488
000422
600030
600216
002001
600886
600143
600005
000425
002031
600469
600331
600418
600863
600196
600029
600183
600489
000895
000759
600169
600973
600399
600627
600037
600323
600019
000063
600036
600900
600009
600519
000002
600383
600428
600028
600123
000983
000069
000022
600585
000898
000729
600104
600795
600031
600005
000039
600694
000422
600012
000002
002024
600026
600276
000022
600521
600320
000488
600036
000898
600000
600029
600123
600348
600089
600436
600377
600028
600993
600050
600019
600036
000063
600018
600900
600428
600754
600026
600183
600029
000012
600004
600188
000900
600005
600276
000898
600547
000869
600009
000002
000623
600320
000866
600012
600383
000933
600497
600875
000726
600717
600020
000581
600488
600196
600583
000513
600795
000731
600887
600886
000088
600350
600361
600282
600600
600177
600011
000956
600580
600258
000858
600089
000817
000758
000069
600289
600016
600027
600085
600267
600098
000911
600037
600118
600332
000983
600054
000729
600631
600598
600827
600033
000888
600150
600428
600005
600348
600361
600096
600037
000792
600008
600717
000630
600963
000888
600085
600216
600059
600642
600754
600628
000739
000900
600900
600019
600216
600009
600307
000651
600087
600569
000956
600333
000898
600348
000063
600036
600123
000968
600096
600635
000858
600026
002032
600495
000423
002019
000958
000860
600050
600005
600352
000937
600410
600011
000709
000543
600282
000063
600018
600036
600005
600900
000630
000726
000069
600583
600348
000541
000866
000581
000039
000423
000983
600269
600002
000960
000898
600694
600015
600020
600009
000088
600717
000422
600519
000900
600028
600026
600019
000002
600879
600863
600123
000933
600971
600033
600361
600966
000911
600383
600586
000022
000869
600406
600887
600585
600085
000951
600002
600028
600585
000039
600018
600036
600019
600900
000581
600600
600037
600348
000088
600085
600688
000866
600383
000983
600519
000063
600582
600029
600005
600019
600028
600900
600036
600660
600018
600011
000002
000063
600000
600009
600308
000630
000069
600519
600694
000895
600795
000088
600050
600795
600089
600320
600900
000625
000002
600585
600323
000039
600362
600066
600029
600011
600018
600125
600383
600009
600026
600688
600002
600320
600018
600009
600005
600519
000002
002024
600900
000729
000063
000088
600583
600096
600188
000538
600383
600660
600028
600642
000869
600005
600019
600050
600012
600029
600177
600036
600362
600428
600004
600642
600098
000039
600028
000527
600688
000839
000625
600500
600058
600009
600028
600010
600011
600019
000970
600900
000937
600050
600418
000758
600267
000002
600029
600688
000898
000088
600521
000763
600598
600018
600827
000402
600000
600176
600036
600028
600019
600050
000729
600900
000039
600016
000538
000625
600383
600005
600597
000022
000619
600886
600660
600270
000002
600018
600019
600900
600036
000039
600028
600050
600519
600005
000002
600269
000088
600009
000063
600018
600795
000858
600205
600026
600011
600085
600016
000039
600900
000002
600036
600005
600018
600019
600028
600519
000900
600033
000069
600050
600348
000538
000983
600269
000027
000063
000024
600018
600028
600005
000983
000002
000541
600900
000063
600096
000729
600188
600383
600026
600585
600320
600583
000898
600019
000423
600642
600028
600900
600019
000063
000069
600000
600005
600029
600009
600036
600887
000027
000002
600320
000898
000651
600050
000792
000895
000402
600016
000726
000538
000866
000022
000039
600309
600026
600002
600330
600280
600205
000024
600033
600085
600361
002024
600104
600270
600875
600012
600600
600060
600694
600591
000983
600015
600298
600018
000423
600011
600688
600008
002001
600971
600588
000527
600332
600258
600327
000617
000625
600832
600296
600188
600383
600001
600153
600135
600004
600585
600028
600036
600585
600019
600835
600350
000755
600636
000539
600660
600631
600535
600642
600002
600000
000927
600011
000898
600600
600832
600302
000623
000895
600019
002024
600104
600036
000488
000039
600096
600018
600276
600900
600011
600028
000983
600050
600004
600031
600309
000400
600694
600009
600019
000039
600050
600009
000402
600005
600660
000063
600583
000069
600018
000858
600029
600900
600028
600320
600309
600096
000898
600428
000983
600026
600104
000970
000538
600123
600717
000039
600019
600005
600900
000983
600002
600012
000069
000866
600135
000778
600348
600660
000063
000898
600020
600104
600096
600016
600426
000069
000063
600900
600019
600026
600009
600018
600050
600000
000581
600660
600028
000541
600150
600519
000898
000538
000933
600005
000825
000960
600096
600519
600098
000063
600050
600900
000937
600018
600009
600029
600177
000002
600005
000898
600196
000866
600428
600497
600740
600320
600012
600005
600018
000088
000002
000898
000541
600019
600028
600688
600642
002024
000729
600660
000063
600096
600026
600320
600834
600383
600900
600018
600016
600900
600028
000022
000488
600009
600642
600420
000726
000063
000060
600019
600694
000039
600004
600660
600596
000088
600020
600586
600628
600026
000983
600276
000630
600521
600019
600005
600875
000630
000933
002028
600050
600438
600026
600066
600475
002034
002041
600011
600002
600029
600426
002032
000157
600166
000726
600320
600367
600406
000866
002023
600036
000581
600832
600123
002026
000911
600031
600309
600469
600096
002021
002031
600660
600009
600196
002019
002037
600308
000060
600198
000039
600026
600009
600900
600018
600028
600005
600011
000063
600188
000933
000956
600050
600269
000089
600036
000970
600123
600717
600726
600900
600009
600005
000027
600028
600050
000063
600036
600583
000088
600018
000983
600317
600320
600519
600085
000069
000538
000002
600469
600005
600019
600900
600050
600028
600009
000937
600886
600000
600308
600269
000930
600327
600012
000898
600383
600002
600835
600036
600563
000402
000662
000581
600087
600415
600330
000513
000060
600153
600423
000755
600636
600258
600125
600016
600963
600360
600790
000422
600205
600015
000002
600026
600006
000027
000625
600123
000989
000825
000800
600588
600475
600188
000968
600592
000839
600488
600900
600009
600016
600000
600795
600018
000900
600036
600694
000895
600886
600026
600012
600348
600350
000088
000402
600269
600660
600270
600717
000858
000027
600123
000911
600519
600825
600008
600002
600428
600035
600887
000619
600125
000898
000063
000983
002024
600299
600320
600488
600406
000022
600548
600309
600598
000089
600642
600649
600835
000905
600438
000039
600900
000063
600009
600519
600887
600028
000983
000088
600005
000792
000968
600971
600050
000423
002007
000022
002046
600029
600320
600309
600900
600009
600583
600018
000792
000895
000063
600694
000088
600535
600383
600005
600085
000911
600066
000402
000900
002024
600887
600900
000039
600009
600028
600005
600019
600050
000866
000022
000157
000898
000402
600688
000983
600012
600717
600026
600309
600016
000858
000937
600660
600900
600309
600009
600428
000022
000983
000063
600005
600036
600519
600016
600383
000933
600887
000088
600028
000792
600019
600085
000900
000039
000538
600309
600012
000792
600519
600058
600900
000983
600019
002025
600005
600183
600085
600028
000970
600717
600320
600236
600795
000400
600887
000022
000402
600029
000069
002024
600428
600009
000898
000063
600596
600036
