1828
600009
000866
600188
000625
000983
600029
600012
600050
600591
600018
600002
600036
002024
600210
000039
000002
600971
000088
600096
600026
000063
600085
600050
600019
600011
600900
600029
600036
600005
600028
600591
600104
000002
600026
600002
600205
000866
600030
000100
000898
000400
600688
600016
000027
600019
600104
000002
600642
600030
600036
600900
000100
000636
600011
600000
000625
000063
600016
600171
000839
600098
000400
000027
600795
600475
600050
000960
600812
000039
600002
000009
600198
000157
600028
600015
000902
000866
600005
600035
600270
000001
600497
600231
600688
600460
000088
000927
600018
600111
600584
000525
000028
600572
600029
600028
600016
600011
600050
600036
600019
000027
600104
000063
600795
600642
000100
000400
000002
600005
600177
000792
600596
002024
600036
600104
600019
600028
600352
600016
000039
600500
600050
600408
600674
600000
600795
600029
600018
600057
000001
600770
600481
600348
600827
600005
600011
600028
600050
000898
000100
600717
600270
600812
600002
000825
000792
600795
000063
600019
600900
000088
000550
000039
000920
600020
600029
600308
600808
600320
000002
000002
600519
000541
600887
000858
600098
600036
600050
600029
600177
600642
600900
600009
600016
600597
600104
600591
600020
000729
600825
600205
600050
600019
000866
000039
600002
000100
600585
600011
600036
600104
600029
600028
000002
000895
600005
000630
600900
600009
000088
000063
600309
000858
600018
600660
600188
600500
000726
000100
600050
600029
000002
000063
600900
600028
600036
600030
600500
600019
600004
600026
000927
600016
600008
600362
000068
000968
600832
600839
600585
600600
000009
600031
000581
000617
000800
600028
600050
000839
600020
600026
600688
600004
600036
600780
600649
600317
600357
600408
600642
600019
600602
000060
600597
600183
000983
600642
000027
600519
000729
000088
600900
600009
600036
600795
600008
600029
000800
600004
600887
600030
600886
600028
000089
000767
600104
600270
600386
000037
600085
600011
600000
600694
600597
600323
000725
000630
600011
600050
600005
600019
600795
000629
600000
600583
600036
600009
600456
600726
600322
600660
000088
600585
000024
600004
600296
000625
600535
000911
600104
000758
600085
600597
600018
600367
000002
600398
600383
600020
600205
000973
600050
600029
600036
000983
600188
000002
600688
600011
600028
600019
600307
000717
600000
600104
000027
600508
600026
600591
000866
600115
600066
000066
000039
600602
600348
000089
000726
600019
600036
600900
000002
600005
600028
000898
600050
600104
000039
000063
600585
600660
000920
000100
000630
000825
000866
600887
600029
600009
600812
600031
600205
600740
000983
600348
600808
600688
600002
000550
600011
000581
600018
600026
600188
600519
600795
600308
000792
000089
000088
600320
600050
600036
000088
600900
600000
600016
600717
600585
000680
600005
000528
600583
000625
600710
600887
000401
600015
600031
000423
600074
000063
000869
600500
000888
000423
600009
600548
000960
600029
000538
000625
600591
600050
600036
000550
600029
000800
600688
000039
000002
600597
600210
600019
600028
600104
600795
000858
000100
600900
600012
000927
000031
600085
000069
600135
000999
000527
600005
002023
600362
600717
600011
600663
002024
600415
000088
600812
600296
600002
000608
000070
002025
600595
600019
600050
600104
600018
600036
600028
600002
600900
000898
600029
600835
600011
000581
600688
600183
600005
000063
600009
600585
000100
600270
600019
600900
000778
600002
600028
000063
000002
600500
000983
600660
600600
000088
600029
600135
000651
600009
600104
000027
600188
600808
600019
600348
600104
600900
000858
600028
600036
600887
000039
002024
000717
000983
000488
600009
600600
600362
600031
600400
000895
600795
000039
600009
600005
600020
600900
000898
000488
600019
600012
600050
000002
600011
600597
600188
600028
600886
002024
600600
000858
000898
000088
600050
600104
600019
600269
600036
600795
600005
600011
000541
600160
600642
600900
000717
600166
600000
600029
000625
600020
000659
600050
000039
000625
600002
600011
000088
600019
600900
600183
600005
600104
600026
000402
000063
600028
000717
600036
000927
000898
000726
000968
000866
600360
600863
000731
600563
600423
600303
600276
600688
600308
600018
600870
600009
600521
600089
600585
600469
600161
600415
600642
600029
000866
600005
600050
600028
600900
600019
000039
600688
600009
600036
000898
600780
600011
600303
000680
600519
000063
600205
600585
600210
000063
600050
600183
600018
600362
600009
600188
000088
600688
600016
600000
000866
600002
600104
600426
000960
600900
600031
000027
600019
600005
000858
600585
600660
000933
000630
600028
000100
600011
600583
600886
000920
600642
600026
000726
600591
600270
600547
600205
000089
600028
600002
000002
600029
600104
000800
600031
600166
000024
000866
600205
600900
600688
000039
600320
600188
600362
600036
000999
600019
000858
600500
000063
000717
000400
600005
600519
000680
000629
000550
600177
600547
600028
000866
600900
600050
600009
000039
600019
000002
000063
600005
600688
600036
600011
600210
000100
000895
000717
600585
600205
600780
600428
000983
600600
600660
000068
600026
600050
600018
600104
600000
600011
000039
600808
600028
600002
600019
600688
000792
000541
000778
600400
000968
000089
600029
000729
600016
600019
000983
600188
000402
000895
600320
600009
000022
600971
600309
600428
000088
600018
600717
600458
600519
000731
600085
600415
000039
600016
000002
600019
600308
000866
600900
600688
000100
000876
600839
600827
600028
600500
600009
000612
600642
600002
600071
000527
600205
600477
600123
600036
000100
600009
600019
600595
000063
600320
600011
600031
600601
600104
000027
600585
600220
600028
000895
600267
600710
600418
600500
000039
000825
000625
600050
600205
000037
600002
600795
000612
000866
600232
600900
600886
000001
600755
600050
600005
600036
000063
600900
600002
000956
600426
600031
600362
000651
000866
600020
600028
000917
600966
600529
000623
600825
600971
000039
000063
600009
600050
600320
600500
600005
600019
600205
600642
600002
600583
000088
000866
600900
600270
600018
600348
000983
600028
600005
600028
600688
600900
000063
600009
000912
600971
600508
600104
600348
600436
600018
000933
000960
600050
600085
600019
000012
600563
600028
600019
600002
600050
600642
600900
000898
600036
000866
600005
000983
600415
600029
000423
600104
000726
600000
600026
000039
600207
600050
600362
600019
600028
600009
600183
000063
600002
600018
000866
600031
600660
600188
600900
000088
600005
000630
600104
600426
600585
600688
600591
600740
600029
600081
600036
600028
600363
600584
002017
600706
000911
000099
600050
600074
600549
600966
600202
600292
600969
600531
002033
600050
600028
600019
000002
600029
600688
600002
000100
600104
600900
600009
600795
000717
000063
600585
600016
600036
600188
600005
000088
600282
600808
000039
000024
600308
600210
600296
000898
600519
000920
000800
000511
600595
600000
600205
000012
000898
600205
600036
000927
000063
600591
600028
600500
600005
600795
600808
600019
600000
600104
000968
000651
000629
000630
600710
000581
000027
600002
000677
600585
600183
000800
600050
600309
600029
600220
000778
000866
600125
600584
600009
600028
600050
600036
600009
000866
600019
600005
000039
000002
600900
600780
600660
600125
000157
600584
000527
000729
600460
600866
600037
600019
600050
600177
600028
600002
000920
000898
600104
000063
000983
000510
000800
600029
000066
600308
600710
600309
000002
600005
000037
000022
600887
600018
000726
600900
000817
600188
000651
000068
600886
000039
000400
000806
600400
600660
000027
600036
600026
600320
000050
600009
000024
600182
600641
600205
600519
600563
600688
000581
000939
600110
600500
600153
600458
600011
600005
600019
600050
600004
600011
600585
600795
600104
000088
600205
000024
600028
000629
600036
600000
600029
600210
600009
600074
000002
000039
600028
600019
000898
600011
600795
600688
600428
600717
600000
000581
000858
600026
600270
600598
600887
600036
600188
600597
000088
600104
600016
000002
600642
600188
600011
600688
600028
600795
600717
000039
600026
600000
000581
000898
000858
600270
600019
000088
600428
600598
600642
600519
600018
600879
000817
600497
000066
000400
000488
000933
600058
000027
000422
600269
600863
600422
600966
600089
600875
600029
600050
000088
600900
600660
000027
000630
000629
000068
600019
600009
000866
000400
600296
600060
000927
600123
600028
000920
600330
600019
000630
600002
000866
000898
600183
600028
600642
000858
600761
600020
000543
000700
600900
600635
000550
600569
600519
600812
000956
600019
000027
000898
000825
600426
600012
600050
600688
000002
000024
000758
600825
600497
000630
002019
000625
000538
000830
600028
000402
600028
600320
600966
600036
600428
600188
600835
000825
002023
000629
000726
600000
000800
600688
600717
000002
600029
600493
600104
000927
600019
600104
600585
600005
000088
000866
600002
600011
000039
600205
600036
000063
600050
600009
600500
600660
000100
600031
600018
000717
000027
600886
600519
600710
600028
000825
000002
000726
600900
000541
600210
000037
600900
600029
600009
600018
000960
600050
000039
600036
600020
600012
600037
600028
000423
600436
600348
000983
600362
000541
600887
600428
600050
600205
600309
600642
600210
600004
600597
000511
600030
000039
000423
000581
600717
000625
000539
000900
600771
600018
000898
600591
600900
600009
000002
600188
600029
600050
600005
000063
600123
600019
600036
000581
600026
000100
000968
600002
600642
600688
000895
600460
000898
600477
600104
600362
600600
000800
600085
600717
000089
600183
600018
000983
600808
600071
600000
600825
600050
600028
600029
600104
000898
600016
600002
600205
000800
000866
600036
000630
000066
000717
600808
000002
000100
600026
600309
600688
600085
000021
600018
600050
600019
000039
000088
600028
000983
600005
000100
000002
600900
000541
600018
600585
600036
600011
000866
600205
600886
000027
600002
600031
000581
600009
600037
600002
600028
600029
600019
600475
000630
600210
600688
000024
000866
600031
600282
000100
600584
600104
600360
600406
600016
000060
600000
600036
600367
600795
600089
000983
600707
000800
000012
600308
600123
600207
600563
600050
000528
600205
000625
000825
600547
600740
600690
000898
000933
600362
000039
600028
600900
600317
600029
600050
600031
600282
600323
000088
600710
600292
000488
600312
000539
000933
600009
600795
600188
600674
600028
600050
600029
600019
000088
000039
600660
000625
600104
000100
600900
000866
000630
600009
600795
600036
600600
000063
000581
600096
600004
600887
600296
000400
600166
000012
600135
000895
600428
000016
600188
000983
600143
600688
600547
600694
600205
600183
000636
000659
600270
000729
600005
600740
600210
600591
600115
000002
600060
000921
600026
600002
000960
600033
600036
600016
600050
600002
000039
600900
600005
600887
600026
000063
000983
600519
000066
000933
600019
600591
000027
600320
600028
600270
600900
600028
600005
600019
600717
600688
600500
600026
600183
000063
000866
600205
000898
600362
600018
000758
000002
000630
600011
600050
600104
600002
600188
600591
600210
000651
600808
000731
600585
600333
000727
600123
600428
000027
000726
600036
600309
600087
000581
600886
000060
000767
600050
000039
600900
600104
600519
600009
000063
000088
000068
600019
000002
000939
600036
600020
600028
000729
600029
000956
600188
600497
600050
600016
600019
600900
600029
600028
600011
600018
000858
000066
600270
600500
000800
600220
000778
600207
000581
000002
600308
600000
600028
000002
600019
600020
000726
600000
000402
600900
000651
000898
600795
600011
000983
000039
000659
000792
600115
600863
000900
600123
600005
000002
600183
600050
000858
002024
600019
600688
000933
600000
600886
000651
000063
000726
600002
600020
600188
000866
000012
600028
000063
600050
600188
600887
000898
600585
000983
600011
600688
000089
000527
600104
000581
000866
600597
600210
000725
600660
000024
600019
600028
600029
600050
600036
600026
600188
600011
600348
000858
600009
000002
600591
600688
000027
000089
600000
600900
600642
600207
600350
000729
600019
600900
600036
000717
600018
000651
000063
600026
600029
000895
600694
000800
000002
000983
000920
600008
600386
600123
600066
600690
600005
600050
600900
600887
600019
000866
000002
000063
000726
600036
600011
600098
600037
600188
600029
000858
600320
600591
000012
600694
600050
600019
600028
000866
600780
000157
000800
600009
600642
000680
600688
600036
600104
600190
600362
600825
600900
600591
000518
600100
600900
600050
600028
600009
000866
600018
000039
600309
000898
600036
600016
600104
600428
600688
600205
000858
000983
600795
000063
000623
600050
600104
600591
000800
600270
600895
000063
600009
600000
000763
000002
600406
000581
600005
600795
600002
600884
000068
600282
600688
600019
000088
600096
600607
600475
600029
600395
000089
600660
600123
000960
600547
600055
600016
000532
000898
600031
600296
600880
600036
000402
600177
600037
