12147
600005
600019
601398
600016
600029
000898
600028
600739
601919
000002
600895
601318
600064
000793
601006
000680
000960
600383
000858
600694
601111
000069
601628
600177
600550
000751
601988
000562
601166
000338
000039
001696
600690
600037
000002
600036
600030
000625
600019
600104
600900
601318
600048
601398
601111
600050
601006
600005
600383
601628
000898
600029
600016
600000
600009
600739
600028
000001
600519
601919
600887
600528
000402
000069
600320
600649
000157
000039
600031
601988
000100
000651
600026
000623
600685
002024
000951
000410
000024
600548
000562
600309
600125
600690
601001
600827
600007
000528
600660
600001
000858
601168
600835
600100
600117
600795
000686
601699
600089
600717
000063
600325
600686
000616
600748
600837
601600
600535
000581
600770
600518
600583
600058
600761
000800
000568
600183
000400
000522
600428
600096
600879
000869
601666
600591
600150
600085
000088
600694
600115
600725
600219
600109
600736
600642
000027
600886
000425
000527
600067
600361
600030
600016
600000
600005
000898
600036
600219
000792
601318
000709
000002
000069
600809
000825
601006
601628
601398
600309
000933
600015
000063
600900
600582
000024
600456
600739
600104
600058
600050
000831
601919
600153
600519
600879
600489
600887
601166
000060
600761
600895
000039
000568
600282
000623
600009
600316
600026
000937
002024
600570
000858
000960
600415
600675
000612
000807
600308
000876
600048
000157
000625
601988
600423
600028
600029
600547
600261
000402
600031
600166
600808
000338
600331
600694
000655
600132
000869
600875
000651
002069
000422
000848
600276
600428
600858
000895
600143
600416
000001
000878
600583
600362
000839
600195
600616
000680
000759
002084
600697
600290
600320
600327
600467
601333
600690
000729
600997
000800
000031
600299
000516
600256
000423
000793
600535
000488
600100
600150
600035
600096
600973
000410
600717
000878
000002
000402
600030
600104
601398
000625
000758
000933
600383
600019
000983
600900
601166
600299
000825
000937
600000
600583
600048
600030
000002
600489
600000
000960
600036
600547
600016
000060
601628
000898
600497
600050
000623
600029
600019
600028
000758
601318
600005
600795
600331
600428
600016
000933
601088
601318
600859
600472
000006
600786
000024
000042
600325
000698
600022
600755
000815
601857
600529
600195
600337
600438
600809
000829
601628
600527
000625
000428
600423
600436
600302
600375
000778
000876
600509
600478
600071
000917
600082
000761
000819
600961
600015
000402
002010
000860
002084
002023
600835
000550
002013
600458
600420
000962
600028
601398
601628
600036
600016
600100
601318
600837
600639
600000
000009
000983
601166
600030
600808
601328
600519
601857
600881
000680
600900
000568
000898
000002
000488
600748
600033
000039
000778
600011
000895
000562
601169
000860
601390
600138
601601
600001
000422
600600
600266
600690
601111
600352
000972
600718
600779
000012
600276
600596
000001
000061
601006
000939
600177
600059
600169
600019
600058
000825
000089
000767
000423
600183
000869
600299
600497
601333
600797
600015
600824
600008
000717
000960
600005
600489
600161
000402
000157
600528
000401
600786
600631
600320
000031
600887
000060
002024
601866
000858
600009
600636
600685
600256
600176
600694
600202
600642
000623
000024
600271
600096
600664
000848
601600
600325
600820
600406
000667
000999
601918
600269
000528
002191
600895
600153
600739
600879
000807
600010
600583
002037
000978
600026
000932
000617
600027
600467
600050
000002
600036
600016
600519
600030
600000
002024
600031
600585
600005
600015
600383
601318
600808
600143
000858
601628
600028
600739
000069
000623
600309
600649
600809
600019
600066
600675
600331
000629
600269
600050
000839
000001
600009
601166
600415
000792
000060
000006
000878
600048
600008
600177
000869
000898
600660
600196
601398
600642
000927
600685
600978
600694
600740
600895
000983
600072
000709
600529
600115
600531
000537
600963
000758
600795
000063
000401
600408
000895
000933
600123
600361
600887
600312
000960
600428
600717
600688
002028
600362
600704
000919
600591
600598
601009
600761
002069
600884
600439
600067
000539
000698
600432
000876
002041
600219
601111
601939
600863
000031
600007
000568
600352
600096
600900
600348
600755
600107
000748
600518
600236
600001
002029
600549
600628
000562
000731
600271
000829
000755
000528
600488
600104
600390
600117
600029
600547
600859
000598
000522
600004
600357
000009
600596
000612
600612
000510
600166
000338
600631
600832
000157
000951
600960
000680
600971
600677
000428
000972
600790
600087
600563
000024
000800
600406
000667
000625
600583
600282
601857
600874
600176
600600
601328
000900
600195
600161
600663
600332
601988
600621
600586
600690
600100
600109
600210
600508
600089
600886
600497
600867
000488
600037
002078
000090
600183
000959
601088
000968
000976
600111
600500
601666
600217
600064
600470
600812
600748
600230
600308
600594
000978
002155
002123
002071
600299
600858
600546
600360
002003
002076
600584
002098
600276
600655
600486
002007
002084
600416
600085
000807
600823
600438
000899
002045
000708
600033
601919
600028
601939
600050
000063
000839
601088
600126
000858
600754
600472
600649
000983
600048
600104
600500
600863
600320
600036
600216
600660
600019
000898
600425
600631
601857
600519
600030
600125
000031
600508
601808
600823
600337
600305
000612
000797
601169
600581
000651
600820
600150
600177
601600
600600
600829
000402
000917
600737
000826
600009
600189
600663
000848
000021
000712
002037
000061
601001
000970
600587
600064
600030
000002
600036
600016
601919
000825
600028
600000
000039
000568
000027
600900
000338
600320
601166
600739
601006
600383
600005
600309
600030
000002
600036
000069
000898
601166
600219
600123
601318
600009
600320
000612
601919
000709
600309
000063
601628
000680
600016
000937
600030
601318
601628
601398
601600
600036
600383
000917
600048
000001
000612
600519
600000
000024
601919
600591
600019
600325
000878
000069
600030
600005
600016
000002
600111
600031
600019
600036
600089
601166
601398
600037
601318
600290
601006
600028
600600
600011
000157
000718
000927
600309
000983
600383
000063
000951
601919
000625
601628
600000
600143
600521
600739
600718
000858
600887
600104
600808
600208
600009
600628
600059
600900
000831
600161
600675
000898
600809
000755
600169
600348
600508
600527
600584
600150
601328
601111
600685
000651
600639
000425
000616
600183
600266
000410
000568
601168
600312
600489
600166
600963
600240
600886
600360
000021
000402
000800
002001
600048
002024
000837
000024
600027
600830
601169
600997
000612
000581
600729
600887
600528
600320
600036
600000
000983
600655
600016
000060
600708
601857
600030
600597
000878
000826
000828
600675
600488
000002
600084
600685
600048
600900
000069
000897
601628
600087
600323
000539
601328
000612
601318
600611
000888
000419
000858
000729
000652
600383
600028
600583
000988
600200
000623
000566
600895
600082
000001
000987
600428
600058
000793
600535
002008
000157
600429
002024
000933
600331
000651
600089
600529
600312
601939
600050
000623
600649
600019
600432
000039
000002
600028
000825
601857
600835
600467
601088
000488
000001
000983
000895
600459
000709
002024
600150
600030
600519
600036
600000
000839
600089
600739
600048
000869
601919
600415
600026
000069
600019
000001
000423
600325
000983
000807
600005
000031
000063
601628
600309
600361
600036
601318
600588
600583
000069
600276
000869
601390
600859
600000
000410
600415
601919
600717
000002
000807
600050
600058
600125
600406
600009
600022
600030
600508
600739
601006
002081
600519
000581
000001
600357
601009
000911
600029
600075
600718
600489
600973
000002
600019
600016
600036
600005
601166
601628
601919
600000
000898
601318
000039
601088
000612
000063
600030
000402
600028
600519
600123
000792
601006
600675
600007
000006
601111
002024
000069
600383
000157
000829
600887
600585
000410
600085
600269
000933
000825
000090
601699
000625
600048
600809
600315
600258
000001
600206
600748
000528
600900
600569
600037
600583
600761
600031
600718
000031
600596
000400
600489
600309
600312
601001
000839
600143
601857
600299
000623
000562
601168
600276
600600
600582
600895
600150
600970
000538
600050
000858
000983
600859
600298
000917
600458
600694
601169
600867
000401
600161
600584
601601
600739
002032
000927
601808
600348
600266
600616
000987
000869
600829
600831
000999
600029
000024
002037
600685
000895
002007
600428
601918
600195
000888
601318
000002
600028
601919
600050
600011
601988
000063
600030
000039
601857
600000
600150
601088
600832
600808
000001
600036
600357
601169
600030
600739
600016
000002
600036
000623
000858
000652
600019
600005
000897
600900
600015
600000
601318
601111
601166
000063
000060
000898
000878
000039
600717
600320
000751
600050
601919
000839
600519
000027
600008
000046
000983
600837
000917
600028
600150
600031
600017
601939
600331
600533
600237
600808
600791
000778
601328
600058
000069
600748
000528
600362
600016
600500
000717
600022
600048
000060
600087
000680
600104
000039
601988
000617
601088
600472
600717
601318
600050
600312
600886
600489
600028
601398
600019
600900
600016
600000
601600
600675
601318
000983
000002
600030
000039
601328
600104
601628
601168
600026
000858
600685
600004
601006
000898
000917
000839
600009
601988
601998
600320
600786
600280
000822
000876
600590
000837
600050
000912
600779
600269
600123
600383
000729
000027
000568
000793
000002
600005
601919
600030
600547
000568
600016
601398
601088
600028
601166
600748
600456
600031
600036
600583
601001
600019
600886
601111
601318
000623
000069
600299
600089
600383
600208
000858
600123
600320
600887
600900
600111
000425
000839
600219
600879
601600
600150
600028
000878
600005
600030
600019
601111
000338
601919
601857
000717
601166
000898
000039
601398
600036
600219
601001
601390
000983
600030
002024
601318
600005
000839
600000
600694
600028
000630
000792
600016
600519
601600
600900
600348
600583
601919
600048
000895
601628
600456
601390
000060
000755
600143
600383
600875
000568
601939
000878
600309
000063
600009
600529
000807
600064
601866
600011
601398
601600
600000
600456
600879
601166
600036
601318
601628
600900
000069
600331
600100
600048
000001
000402
600428
600309
601006
600489
600582
600761
600717
000568
000061
600815
600276
600895
000792
600511
000807
000002
600129
600750
600357
600030
000709
601699
000410
600533
600009
000039
000338
000655
600755
000970
601939
000338
600005
600900
601398
600325
600036
600050
000926
600000
600519
000858
600028
600016
000822
600019
601318
600675
600219
600350
600748
000402
000959
600028
600016
000001
600029
600900
600030
000759
600050
600362
600019
601006
600166
000031
000825
600830
000401
600066
600780
600497
601166
600123
600581
600879
600585
601398
000707
600961
600036
600361
600325
601857
000002
000009
000531
600219
000778
600183
600739
000807
600718
000069
600685
600616
600690
000410
600583
000612
600010
600859
600309
000858
600258
600415
000063
601919
600021
600809
600118
600031
000616
600591
600022
000060
600104
600488
600048
000800
600489
601001
000983
600694
600015
600962
000528
600432
000839
601318
000559
600479
600416
000698
000550
000090
600665
600067
600785
600350
000625
600009
600459
600423
601169
600872
000402
600726
000709
600887
600320
000755
000978
600269
600007
002010
600810
000972
000751
601390
600559
600829
002084
601866
600280
000501
000822
000562
600570
600257
600831
600000
600316
600519
600104
601318
600048
601006
600748
600549
600472
600900
600016
600887
600050
600019
600000
000031
600030
601600
600500
600688
600219
600030
601600
600019
600005
000002
600036
000898
600016
600028
600104
600900
600000
000625
000825
000338
601006
000063
600690
600675
000157
601318
600269
600015
600835
600600
601628
000024
600320
000792
000022
600628
601166
600879
600050
000709
600895
600007
600183
000027
000568
600143
601001
000858
000012
600596
600383
000581
600859
600022
600011
601009
000088
600308
000410
600717
600031
601088
000951
002024
600519
000039
000860
000031
600739
600361
600111
600309
600823
600271
600067
600085
000869
600325
600348
600009
600100
600188
000402
600037
600267
600428
600423
600585
600299
000933
600059
600795
600161
601857
600030
000898
601318
600997
600900
601919
601628
600019
600895
600642
600050
000002
000937
000839
601111
002024
000825
601169
600628
000895
600795
600075
000933
600029
000069
600028
601398
600415
000623
600000
600150
600499
002021
600279
000878
601390
600303
000667
600325
000910
000402
600616
600486
600036
000550
000972
002084
600009
600016
600549
600153
600258
600580
601088
000009
600183
600282
000046
600832
600031
600015
600162
600327
600048
002067
600266
000952
600100
600096
600612
600141
002122
000911
600963
600001
600236
000063
000978
000748
600583
600570
600748
600240
601600
600880
000652
600960
000012
000031
000858
000022
000027
600376
000797
600308
600436
600088
000616
600005
600261
600831
600879
600011
600631
600428
600729
000625
002069
000567
600089
600425
000800
600739
000777
600519
600383
600299
600547
601006
600058
600897
600316
600423
000061
600686
002022
600380
600201
600966
600337
600036
600030
000002
600309
600900
600219
000039
601628
600050
002155
600143
000878
000402
600028
601398
000895
600327
002024
600519
600383
000039
600588
600685
600009
600036
600000
600019
600096
600050
600028
600016
600423
600596
600897
002022
600900
600271
000060
600585
600219
000983
000937
600663
600962
600348
600026
601168
600693
000898
600030
000581
000089
000528
600686
600631
600327
600628
002029
600005
000024
601088
600428
600298
000978
000002
600015
600549
600592
600236
000895
600280
000428
600521
000069
002129
600639
000888
002028
601628
600089
601111
600761
600749
600030
600036
601006
600195
600428
600000
002024
600009
600900
600717
600859
600795
600269
600143
600016
601398
600519
600897
000560
601628
000001
600350
600697
600467
600809
600004
000488
000069
600991
601318
000063
600361
600978
600500
002097
600371
000829
600396
000848
600376
601166
000623
600694
600123
600035
000910
600086
600426
000039
600823
000410
601111
600337
600201
600236
600219
002022
601988
600528
000900
002025
600327
600015
601088
600062
600029
002140
600675
000792
600005
601001
601919
000608
600887
600750
000002
000860
600583
000709
600761
600739
000031
000729
600206
600325
601390
600423
600785
600067
000800
600048
600790
000625
600298
600026
000568
000858
600030
600036
600000
601318
000898
600015
601628
600016
000002
000709
000825
601398
600005
600808
600100
600694
600269
600028
601919
600019
601988
600050
600519
600583
000869
600316
000538
600888
600037
600383
600361
600456
600019
600028
000069
000002
000898
600036
600005
600348
000983
600675
600795
600694
000619
600016
600030
000063
600269
600660
000825
600009
600016
600028
000858
600030
600111
601628
000729
600607
600036
600219
000002
000768
601318
600009
600005
600900
002024
600085
600192
000625
000002
601398
000960
601919
600030
600050
000060
600048
002024
600383
000758
601939
600036
000069
600299
600583
600489
601628
600029
601006
600547
600428
600456
000024
600104
600739
000400
600028
600000
000768
601857
000927
600016
000046
000623
601318
600058
600269
600497
002078
000900
000898
002032
000858
600026
600331
600089
600795
600995
000878
600195
600316
000031
000625
600067
600519
000562
600177
000792
000897
600001
600240
600677
600052
000655
000522
000616
000039
600725
600549
000089
000027
000952
600308
600596
000807
600019
601601
600276
000685
600100
601111
000786
000617
600761
600971
600832
600389
601390
002047
600309
600673
002073
002031
600282
000402
600352
600037
000538
600720
600406
600087
000709
000028
600005
600900
600050
600019
600028
600036
000402
601600
600472
601919
600309
000792
002024
600583
600001
000046
000898
600009
600383
000338
600036
600030
600019
000825
600005
000002
600016
600000
002024
600519
601628
600150
600037
000069
601006
600383
601166
000858
000063
600585
000157
600028
000400
600809
600123
000528
600030
000002
600036
600019
600028
601628
000933
000063
600489
600111
600000
000858
600219
600016
601001
601006
600009
000898
000800
600519
002024
600717
600325
000402
600299
000758
600005
600900
000625
600096
600628
601318
600050
600583
600104
600309
000825
600100
600685
600320
600177
600428
600415
000717
000528
000792
600037
600031
000039
600308
600570
600361
600276
600887
600832
002008
600048
000060
601398
000709
600396
600879
600029
600809
600312
600383
601919
600675
000568
600307
000623
600859
000538
600271
600456
600303
600761
000839
000616
600585
600089
000157
000869
000046
000657
600694
600027
600973
600739
600030
600005
600036
000002
000858
600000
601006
600019
600050
601398
000562
600835
600900
601628
600104
600528
000001
600028
000060
600183
600675
000402
600138
000898
000680
000825
600048
600376
000969
600009
600320
000612
000831
000709
601088
000933
000983
600177
000039
600649
600616
600096
000400
000623
600299
600895
600308
600100
000063
000800
600166
600307
600820
600886
000926
000625
600607
600867
000024
000878
600423
000963
600557
600631
600008
600627
000723
000069
600963
600685
600522
600266
600547
600312
000807
600673
601390
600639
000401
600236
000422
601318
000837
600628
600638
600067
601666
000651
000031
600416
000780
600015
000528
600834
600357
600331
601857
000089
002080
600688
600219
600383
000792
601328
600169
000758
600458
600206
600406
600438
600026
600588
601001
600655
601333
601991
600660
600118
600713
000652
600585
600309
000895
600022
000629
600348
000952
600159
600829
000793
000860
000839
000751
000920
600690
600150
600887
600231
600001
600010
600062
600276
600268
600489
000815
600823
600087
002154
000929
000423
600812
600439
600495
600054
600500
600642
600415
601111
600256
600269
002155
600740
000021
000900
600548
600755
600151
600257
600303
600031
600325
600089
000410
600085
600491
600192
601699
600461
600170
000059
000527
000501
000798
601168
002041
600797
600832
000066
600729
600824
000568
600519
000911
600356
000987
002024
600188
600251
600875
000545
000930
600535
600176
600600
600323
000006
600352
000002
600019
600030
600005
600036
600037
000898
601006
600583
000063
601111
600016
601939
000069
601628
000410
601318
601398
000402
600028
000878
600717
600519
000983
002024
000933
600489
600111
000157
600585
600675
600143
601001
000528
600809
000039
601166
600361
000800
600511
600991
601088
600029
600631
600859
600000
000792
600761
000858
000001
600096
601328
600348
600456
601919
000401
000012
600900
600048
600183
600050
000717
600383
600780
600067
000829
000825
600058
000651
600206
600269
600694
000623
600586
000807
600396
600270
000625
600600
000927
000821
000951
000422
600685
600642
002025
000024
000937
600309
600508
600887
600104
600970
600004
600031
600591
600739
601628
600036
600050
000001
600030
600900
000069
000063
600028
600569
000012
000088
000608
000869
601318
000997
601111
000402
600690
600978
600161
600189
600887
601006
600519
000002
000709
600143
600236
000778
000761
600880
000031
600087
600631
000897
000793
002078
600005
600535
000024
000822
000819
000090
600309
002021
600016
600761
600628
600795
600785
600962
601919
600085
600583
600406
002111
600971
000792
600004
600210
000917
600348
002001
600591
600001
600268
600831
601939
600308
600015
600764
600303
600322
600694
600581
600000
000998
000825
600500
600888
000677
600966
000559
002061
600019
000002
601988
600005
600050
600028
000825
600030
600016
000562
600900
600036
000001
600309
600029
000858
600000
000951
600019
600859
601006
601318
002024
000401
000402
000063
000039
000898
600887
600690
000878
000088
600675
000623
601111
000059
600195
601166
000792
601628
600616
600058
000024
600022
600198
000709
000759
600470
000751
600031
000538
600825
600161
600787
600015
600809
600052
600325
000069
600739
000661
000061
000629
601001
600639
000839
000560
600383
000652
600583
000565
600521
000616
000568
600655
600858
000410
002007
600525
002052
601390
601601
000022
601328
600030
000002
600016
600019
600005
002024
600048
600000
601628
600150
601919
600348
000898
600675
601001
600547
600886
600036
601666
000755
600325
000651
600685
000717
000858
601318
000024
000001
000623
000402
600050
600089
000800
000157
600519
600970
600176
600528
600177
600309
600879
000338
600875
601111
000612
000666
600104
600641
600266
600028
600739
601939
002038
600015
600096
600895
000410
000829
600031
000063
000927
000060
600219
000652
600500
000401
002028
000825
601006
000983
000709
600428
002128
600693
600029
000031
600582
600075
601166
600037
600786
000878
600459
600823
600963
600533
600859
000935
600282
000039
000090
600717
600585
600548
000520
600997
600550
600143
000729
600054
600123
600489
000069
000625
600616
600673
000400
600066
000568
600005
600016
600900
000002
600019
600030
600739
600037
600000
000562
600009
600028
601628
600309
600887
600036
000825
000858
601001
000039
600050
000623
000759
601988
600717
601111
000001
600195
601318
600030
000858
000002
600005
600748
600016
600320
600309
000623
600739
600900
000001
000651
600879
601666
000825
600549
000157
600019
000751
600009
600616
600036
000898
600795
600100
600383
600835
600000
000917
600518
600694
601628
000069
600195
600519
000039
000933
600713
600585
000920
600059
600628
600380
601166
000652
000972
000895
000666
000031
600299
600058
600820
601398
600886
600809
601318
600029
600011
000978
601111
600323
601988
600642
000860
600348
000423
600718
600161
600607
600037
600031
000525
600096
600125
600022
000060
600231
600316
600183
000629
000888
002037
600855
000619
600415
601390
000063
000680
600806
600308
002007
000559
000852
000090
000600
600307
600811
600750
000402
600138
600880
600823
600129
601918
600026
600570
601088
600529
600858
000428
000630
000530
000858
600030
000002
601006
000983
601398
600019
000793
600000
600036
000825
600028
000625
600016
601318
000157
000652
000528
600717
600037
600797
000651
600900
600886
600875
601166
600270
600641
600123
600795
600383
601699
600005
600628
000527
600176
600835
600583
600509
000402
600195
600501
600312
600528
600125
600616
600240
601988
600895
600639
000759
000012
600718
600215
000538
600879
600786
600859
600690
600348
600585
000777
002028
600511
000572
600787
600100
600208
000927
600258
600219
600829
002007
000501
600675
600236
600697
600693
600084
600415
600779
600840
000024
600011
600631
600428
600030
000002
000568
000001
600029
600739
000069
600036
000758
600675
600169
601166
601398
600019
000031
000718
600895
601628
600048
600600
600028
601919
600489
600315
601111
600269
002038
000652
000878
600016
600383
600109
600082
600350
600000
600900
000006
601939
600591
600161
600962
600005
000800
601006
000839
600416
600111
600267
000917
601988
600547
000983
600266
600596
600458
600004
000858
600535
600528
600153
600219
000657
600115
600320
600519
000616
002018
600750
600859
600331
600476
600325
000623
601318
000522
600725
600268
600887
000425
000793
000937
000531
600748
600096
600436
601857
600312
600808
600176
600828
000024
600270
000046
000807
000063
000636
600601
002046
600521
601088
601002
000717
000933
000908
600809
600525
000410
000429
000537
600886
600780
600240
000920
000612
000922
600391
600884
600896
600028
601166
600219
000002
000755
600872
600016
600036
601398
000690
600900
600428
000623
000709
000069
000858
600019
000655
600755
600162
601006
000960
600675
600787
600655
601088
002010
000933
600684
600000
600030
600895
600489
600416
000848
000968
600887
601600
000825
000657
600795
601628
600570
000800
002128
600527
601857
000598
600748
000759
000837
600009
601939
000024
600123
000089
600048
000061
600886
000878
600320
000568
600125
600879
600963
000869
601111
000537
600828
000900
600396
600121
000895
600519
600393
000602
000031
000039
600810
600415
600426
000619
000999
600269
600082
600585
000522
000973
600607
000926
600325
600087
600596
600029
601333
600026
600015
600258
002111
000762
000822
600535
000043
000793
002069
000919
600555
600005
600122
600436
600589
000060
000768
600177
000531
600050
600993
000616
601318
600066
000513
600307
600230
600253
000006
002155
000559
601168
000961
000088
002142
600825
600054
601919
601088
600016
600472
601857
600808
600320
600104
601318
000559
000898
000983
600030
600019
600591
600383
601398
601111
000401
000157
600030
600016
600837
000002
600258
600835
600019
601006
000562
000933
600655
600104
000666
600000
600028
601111
600036
601166
000858
000519
600361
600469
600616
000651
000898
000625
600123
601600
000959
600138
600110
000063
600100
600386
600528
600005
600877
000900
000825
000807
600895
600584
000886
000729
002045
600790
000402
000680
600963
601088
601318
600350
600675
600436
600410
600010
002048
600168
600511
601919
600210
600089
600607
600269
600266
601628
600748
600328
000652
000758
601398
000039
600050
600066
000759
000709
600754
600332
000612
000661
600415
601857
600582
600122
000157
600195
000401
600007
600500
600628
600151
600261
600166
000768
002124
601169
600383
600161
600642
000983
000069
600426
002022
600009
600405
600438
601168
600238
600221
600598
600460
000488
600348
600535
600360
600694
000024
002008
002024
600280
600861
600650
000751
600611
600662
600809
000550
600970
600005
600104
600019
600177
000063
000568
000825
000898
600016
000562
600036
601166
600383
002024
600739
000002
000717
600000
600489
601006
600037
000793
600829
600616
600519
000718
000937
600089
600028
600859
000800
600153
000039
000572
000527
000623
600628
600138
600031
000069
000024
600195
000819
600258
600694
601088
000837
000860
600895
000823
600547
002007
000417
600591
600169
000927
600888
000858
600067
600426
000651
600312
600123
600750
600970
600161
600550
600588
601919
600240
000987
000792
000709
600673
600690
000088
600055
600439
601628
000528
600655
000848
000680
600963
601111
002025
600143
600639
600035
600529
600269
600325
002054
600021
600320
000400
000755
600456
000869
600495
600029
600009
600717
002031
600585
600880
000895
600675
600316
600289
600054
600282
600176
002080
000619
600718
002095
600102
000837
000001
000972
600230
002025
002010
600161
600584
600482
600861
600533
600022
002046
600268
600000
002106
600535
002001
601006
600469
600428
600467
600050
600820
600561
600423
002128
600665
600005
000046
600607
600330
600383
600900
600754
002076
600183
600580
000973
000963
600684
601398
000662
600111
600071
600012
002054
600036
600376
601857
600713
000069
600082
600030
000488
000960
002155
600496
600195
600838
600325
600489
600528
600785
600409
000661
600432
002003
600106
601628
600307
600831
600202
000761
600029
000831
600675
002041
000869
000063
600547
000983
601699
600520
600810
000951
000895
002128
601918
601866
601601
002171
002201
600030
600900
600005
600019
601398
000002
601919
600036
600519
600739
600016
600886
600037
000878
601318
600325
601939
600009
002024
000839
600000
000623
000001
601166
600315
000858
000898
600153
601600
000069
600236
000402
600028
600361
600428
601006
600309
600795
600748
600299
600808
000625
600266
000792
000581
600500
600438
000422
000021
002008
601333
600489
000709
600102
600183
600360
002038
600290
600497
000612
600150
600331
600415
600005
600019
600030
000002
601398
600016
600900
600028
600036
600808
601939
600519
600037
600000
600009
600886
600428
000878
600299
601628
601919
000839
600489
600739
000623
601318
000069
000717
000012
600748
600525
000759
600360
000960
600628
601600
000063
600036
600009
601318
600000
000410
600309
601628
000709
601006
600276
000581
600415
600900
600717
600500
000039
000898
000608
000617
000402
600036
000002
600786
600028
000157
601318
600000
601398
000983
600019
600030
000825
600037
600309
601006
600963
000012
600797
600176
600009
000652
000338
600015
600415
600016
600879
000793
600900
600519
600376
000858
600641
000680
600718
600029
000024
600628
600011
600795
000422
000527
600028
601939
600019
600016
600005
600036
601398
000002
601318
600089
600011
601919
600000
600111
600037
600519
600690
600795
601328
600830
600266
600584
000612
601111
000869
000157
601088
000651
600030
000422
600886
601628
600348
000063
600900
600050
000001
600143
600887
601166
600675
600015
600557
000858
000983
000755
600808
600527
600208
000677
600282
000562
002001
000898
600376
600269
600718
000831
600240
000839
600031
600029
002024
000926
600823
000024
600166
000528
600115
000581
600026
000625
600169
000960
600729
600059
600327
000848
600597
600195
601006
600508
600183
600188
600104
600685
600814
601001
600616
600020
000410
600708
000021
600517
600415
000527
600322
600859
600035
600352
000680
600219
000401
002146
000629
600688
600600
000793
600583
600004
600426
601600
600639
000837
600110
000878
000616
600827
600309
600591
600889
600096
600276
600031
000002
600036
600028
600005
600019
600030
600009
600016
600808
601919
000858
000063
600089
600748
601398
601111
600879
000568
600299
600456
600685
600026
601628
600104
000623
000002
600036
601398
600019
600030
601318
601988
600383
000402
601628
600000
000031
000625
000858
600009
000089
000898
600016
600320
000024
002024
600050
000039
600028
600895
000423
600832
600011
601006
000063
000927
600029
600900
600102
600639
600123
600886
601111
600963
600026
600028
600432
600000
600016
000829
600005
601919
600616
600511
600019
600138
000402
600236
601166
600426
000001
600270
600030
000858
000898
601006
601988
601600
000069
600050
601398
600886
600859
000729
000839
002052
000031
600717
600169
600317
600697
000983
600519
600584
600887
600100
600875
600690
600009
000002
000541
000012
000933
600276
600961
600583
600436
601628
000815
600688
000825
600406
000685
002004
000527
000538
000089
600271
600216
600029
600591
601111
600585
000960
600030
000778
000651
600036
600096
600028
600016
601318
601628
601006
000002
600586
000338
600361
600517
600150
601398
000001
000401
600000
600572
000815
600009
000024
600048
000039
000762
000858
000839
600649
600970
600383
000869
000062
000652
600232
000069
600973
600325
002028
000793
600887
000895
601001
000063
002007
601166
600322
600258
600376
600583
600037
000792
600104
600195
000908
600415
000898
600761
600895
600584
600456
600879
600005
600210
000550
600748
600519
600888
600795
600978
000759
600166
000727
000927
600808
600859
601088
600208
600028
600739
600000
601398
000651
600019
600036
002024
000895
601006
600585
000792
600005
600016
600694
000069
600717
000063
600104
000718
000002
600331
600456
600489
600325
601600
600064
601318
000858
600415
000717
000001
000568
600583
601088
600029
600266
600309
600761
000623
000751
002022
000401
600308
600315
000755
000778
600887
000039
600037
000538
600058
600015
600282
600675
000829
600997
000024
600569
600830
601601
000825
600519
600801
601111
000777
600009
600612
600690
000822
000917
000869
600271
000933
600176
600010
601001
600639
600052
600123
000157
000402
601699
000539
600085
600900
600050
000046
600383
000039
600219
601398
600028
000060
600019
600428
601628
600048
600009
600900
600015
000088
000983
601318
601699
600456
600150
601166
000538
600997
000619
600508
600497
000548
600269
600787
600475
600271
600050
600030
600875
000829
600309
600001
600125
601001
600662
600529
000157
000090
000002
600786
600026
000651
600383
600426
601988
600100
600131
600737
000422
600725
600535
600132
000922
600000
000022
600325
000807
000778
000960
000963
002009
002050
600059
600327
002007
002018
600410
600058
002106
600805
600268
600305
600887
000978
002056
000690
601006
000402
600280
000581
600379
000530
000933
000001
601088
600739
601169
600029
601919
600028
600015
600016
600900
600282
000807
600782
000895
600307
601857
600585
000825
000655
600019
000002
000623
600030
600000
600036
600028
000898
600019
600015
000983
000858
600688
601318
600739
601166
600005
601006
601919
000069
601628
000831
000800
600011
600887
000828
600104
600616
601088
600177
600675
000001
601699
600320
600900
600210
600269
600547
600026
000623
600019
000002
600036
600005
600028
601600
600031
601166
600808
000839
600001
600050
000612
600456
600104
600089
000717
600663
601398
600879
000063
000425
000539
600320
000793
600685
600098
000999
000031
000755
000568
600219
000651
600208
600030
600547
600642
600016
000422
000423
000807
601088
000858
600600
601111
600585
600590
600030
000002
600016
600383
600036
000895
000069
600009
600675
002024
600748
601666
600809
000858
600005
000792
600761
600037
000983
600019
600000
600266
601006
600583
600519
000157
600348
601628
000060
600361
000562
600963
000933
600900
000039
600028
000858
600309
002024
600320
600685
600036
600585
600019
600005
600085
000568
600583
600000
600717
600016
000848
000528
600030
600519
601318
000069
600125
600887
000061
000898
600026
000401
600208
000729
000792
600867
600050
600015
601919
600337
600325
000002
600150
600111
600607
600675
600104
000002
600016
601398
600019
600030
000822
600000
000001
600739
600050
000039
601988
600256
600087
600026
000751
600028
000006
600685
600005
000926
000839
000717
600208
600583
000623
600117
000860
600219
601919
600717
000157
000402
000960
600791
600004
600569
000807
000652
000709
600887
601006
600309
000759
601318
000651
000659
600501
000625
000708
600428
600036
000410
600588
600519
600059
601628
600104
000858
002172
601111
600900
600808
000667
600549
600020
600478
000528
600316
002023
600212
000939
000046
002183
000978
600418
000063
600860
000968
600156
000425
600138
002092
002056
600871
600337
000609
600198
600591
000027
600821
600636
600015
000612
000733
600125
002078
600710
600011
000876
600067
600992
600458
600755
600233
600371
600161
600859
000012
600879
002039
600221
000917
600058
600085
601009
600030
600036
000898
600739
000623
600016
600028
600026
600019
600219
000858
600000
000039
600886
000063
601318
600123
600690
600825
600675
600129
600639
600978
000031
000002
002024
600104
600075
002038
600308
600438
601333
000825
000157
600616
000602
600420
600195
000042
600631
000708
601166
600009
000823
601398
000717
601628
600686
600281
000488
600415
601666
000069
600050
600879
000815
600963
600201
600428
600673
600011
600015
600037
600895
600585
000423
000876
600162
601919
000402
600684
600801
600058
600150
601857
000987
600832
600809
600005
601988
002028
600881
000528
002054
000983
002001
000060
600199
000022
600263
600697
600303
600586
600456
600022
600572
600785
600829
600348
601939
600694
600117
000709
600320
600066
600993
600875
600900
000572
000910
601168
600582
600312
600085
600125
002045
600519
600004
600990
000501
000807
601169
600761
000677
600660
000024
600007
000878
601390
600230
601111
000061
600196
000625
000419
002142
000959
000001
600467
600663
600258
600059
000758
000932
600810
000792
600835
000002
600036
601988
600019
601111
000898
600104
600900
600030
600048
000625
600005
600000
601628
601318
000001
000024
600029
600028
600001
600591
600050
600009
601088
600004
600808
600383
000069
000878
000063
000402
600887
601398
000858
000539
600837
600016
000983
600616
600378
000562
600600
601390
000031
600717
600037
600835
600282
601001
600085
601006
000933
000686
000917
600309
000875
600547
000869
600748
000987
600268
600675
600686
000800
000910
002008
000027
600528
601919
000022
600007
600481
000400
600096
600428
600123
601808
000550
601699
000616
000002
600030
600028
000895
600019
600036
600519
601919
600900
600050
000623
002093
600016
601398
600005
601628
000983
000952
000933
600111
600009
600795
601168
601006
601600
000069
600583
000402
601318
002024
000858
601166
600628
000063
600000
600500
000046
000717
600782
600309
000568
600361
600748
000898
600037
601939
000792
000042
000910
600299
600489
600008
600997
600100
000825
000024
000525
600132
000709
600606
600123
000001
600809
000831
000758
600616
600258
000825
000002
600030
600016
600036
601988
600028
600000
600309
600583
000039
600015
600500
000338
601166
601006
600761
600066
000157
000717
600879
600019
600005
600048
601919
000001
600616
600739
600808
600596
600150
000402
000768
000933
000031
600219
000002
600177
600016
600036
000612
600655
000069
600028
000623
600739
600030
000858
600718
600138
000001
600000
600396
600050
601111
601398
000878
600518
600809
000758
600054
600685
601006
600639
000978
600192
600748
600881
600161
600102
600104
600787
600015
600837
600832
000951
600729
600642
601088
600616
600528
600246
000815
600037
000625
601628
000063
000568
600415
000831
600611
000829
600495
600675
002022
600761
600887
000401
600009
600519
601600
601939
000709
000869
600900
000410
600859
600026
601166
601328
600005
000807
002007
600533
600019
601808
600895
002146
600188
600963
600066
000836
002031
600269
601318
000652
000800
600256
000927
000768
600416
600307
002142
000895
600036
000001
600547
600019
002024
601318
600835
600031
601166
600028
000898
601939
600325
600030
601088
000983
000024
601600
600322
600048
000623
000823
600519
000858
000878
600104
601006
600489
600016
600058
600258
600694
600282
600050
002073
601398
000401
000709
600900
000022
600037
600021
000031
002124
600015
600690
600887
600361
600880
000759
601111
600820
000063
600765
601699
600011
000012
000807
000960
600655
600508
600886
000761
002078
600005
600459
600406
000777
000488
600267
000069
002106
000729
600067
600675
000581
600685
600717
000568
600748
600238
000507
000625
000002
600569
000422
600827
600183
601628
000026
000062
600028
600016
000002
600030
601318
000793
600036
600019
600786
601006
000157
601398
600037
000858
000527
600900
000625
600963
000707
601699
600383
600641
600000
600886
000402
600616
600835
600428
601088
000528
600309
000652
600195
000012
600050
000825
000983
600533
600282
600795
000572
600029
600750
600879
600240
000417
600650
600005
600639
000958
601111
601857
600030
600036
000625
601111
000878
600019
601088
600028
000983
600026
601600
000002
000951
000001
000960
601699
600000
600519
000807
000061
600030
000002
000878
600036
600276
601398
600383
600000
000960
600086
600016
601390
601939
600519
000001
001696
600059
600315
600161
600026
600058
600713
600028
600052
601601
600858
600019
600538
601318
600005
601166
600325
600600
002036
600428
600001
000888
600240
000002
600026
000983
600036
000895
601699
601628
600089
600019
000680
600029
000709
000422
000528
601006
000063
601919
600150
600348
000550
601398
600104
601318
002106
600018
002078
600028
600795
600835
600717
002001
600016
600010
000625
000858
600631
600887
601333
000878
000897
600458
600006
600697
000800
600055
600270
002155
600030
600997
600050
000937
000410
600017
601939
000698
600087
000520
000401
600001
600863
000932
000022
000059
601328
600062
002152
000768
600495
000868
000031
000959
600176
600685
600710
601088
600500
600121
600100
600269
600377
000039
002031
002046
600320
600072
000930
601002
600350
600528
002024
600519
600585
600009
600028
600143
600036
600016
600030
000538
600875
000792
000039
600048
601318
600879
601398
600271
600583
600000
000869
002069
600066
002076
600312
600309
600563
000402
002028
600036
000001
600030
600016
000825
601006
000002
600000
600005
600019
600028
000768
600022
000709
600308
000822
600015
000538
000792
000926
002024
600583
600665
600861
600718
600694
000829
600509
601919
600396
600028
600026
601628
600269
600236
600900
600011
600717
600050
600015
600020
000063
601398
000022
600428
000828
000839
600896
600270
600012
600037
000429
600323
600035
000900
600177
600795
000002
600018
600121
000690
601857
600886
000088
600350
600017
000027
600008
000548
000886
600377
600831
000612
600528
600874
601006
000531
600030
000878
601939
000539
600548
600267
601919
600662
600033
000917
600879
600021
000858
600649
000930
600362
600004
600460
601111
600995
600488
600141
601166
601088
600050
601398
601919
000898
601939
600472
600029
600019
600048
600028
000002
600008
000069
600015
600056
600005
600104
601009
601857
000039
600050
600028
601919
600030
600308
000792
600809
600011
000630
600019
000625
000839
600104
600016
601857
600583
000060
600307
600001
601939
600900
600030
600019
601398
600036
600005
601166
600000
000001
600795
600739
600016
600686
600153
001696
000402
600519
002024
600150
601318
000002
601919
000792
600808
000858
000878
600009
600748
600037
600325
600299
600022
600886
600102
600383
600067
601006
000839
600583
600028
600290
600183
000422
600361
600307
600123
601111
600863
600675
600428
600549
600535
000069
000951
000539
600012
000895
601699
600993
600835
000338
600479
601628
600350
002038
000729
600469
600887
600026
000917
000983
601328
000898
000651
600096
600750
600236
000046
000581
000623
600298
600880
600529
000012
600438
600761
600303
000028
601003
002003
000568
002078
600066
000026
600062
600879
002061
600360
000709
600660
600315
600048
000063
600309
000612
600482
600596
600963
000060
000869
002004
600895
000717
000825
000800
600104
600497
000625
000895
000002
000623
600030
600005
000831
600075
600258
601166
600754
600963
601318
600499
000898
000717
600642
600028
000063
600100
600423
601006
600299
000001
000089
600282
600970
000402
600036
000024
600104
600900
600486
601628
000625
600016
002084
600019
600583
600686
600089
600096
000911
000560
600519
000012
600009
600406
600832
601919
600997
600879
000800
600795
000933
002063
600325
600361
600001
600015
600570
600808
600458
600067
000792
600694
600376
600048
002067
002133
000858
600580
600308
600592
000657
600289
600037
600415
600960
600279
002018
600327
000042
600312
600386
000777
601398
600549
600029
600966
000006
600166
601001
600628
600261
600050
000972
002024
600026
600675
002069
000069
600266
600348
600383
600019
601398
600050
000002
600036
600005
600028
600900
000878
600009
601318
000898
601111
000402
000528
600000
600519
000001
600320
600299
000623
600739
600019
000709
600050
600320
600655
600022
600835
000002
000898
600028
601318
000559
600887
601628
600585
600016
600036
601166
600085
600062
600282
000039
600030
002083
600741
600048
600690
600467
600266
600432
600015
000488
000616
000878
600649
601111
000538
000060
600639
600900
600096
600529
601398
600519
600201
600246
600475
600309
000768
600177
600459
000423
600808
600557
000629
000651
000729
002132
600500
000687
000069
600196
601088
600662
600859
000792
000717
600675
600795
600267
600640
000063
000895
600299
600497
600973
600257
600456
000100
000830
601939
600528
600000
000338
000748
601857
600071
000046
601002
000778
600183
600481
600717
600600
600219
600587
600886
600100
000568
600160
600067
600029
000807
000850
000917
600628
600352
002022
600269
600586
600125
600596
600549
000522
600879
000501
000935
600489
000002
000933
000960
600062
600428
601699
600685
000625
600690
002032
600519
600886
600966
600308
600019
002024
000878
600028
600269
600048
600036
600143
600026
600009
000568
600835
600000
600246
600525
600831
600011
000858
600016
600082
000839
002003
000829
600005
600511
000837
600030
600066
600087
000559
000031
000069
000623
600236
600305
600161
600555
000869
600717
600718
600500
002097
600887
000936
002028
000024
600096
600900
002111
000983
601918
601866
002098
600748
000528
002025
601390
000815
600809
002106
600150
601166
000063
600309
600016
600717
600036
000423
600900
600361
600519
600276
600009
600588
600019
600500
600000
600050
601318
000869
000410
600806
600686
000039
601006
601628
601919
600472
600761
600583
000717
600825
600036
601398
600030
600005
600019
000898
000878
600016
600037
000063
000983
601666
000792
000933
601628
601166
600015
000002
000825
601318
600016
000002
601398
600000
600900
600036
600030
600309
000898
002024
000568
600005
600028
600019
000069
600583
000063
600009
600631
000792
601628
600037
600887
601006
600660
600549
000060
000402
600519
600001
600588
600591
601919
000002
600030
600000
601166
601318
000061
000858
600362
600104
601169
600426
000960
600015
600383
000612
600036
600690
600978
600005
000623
600016
000402
600508
000651
601088
000628
600348
600029
601628
000024
600087
000878
000001
000983
000046
000761
000159
000708
600028
601857
000758
000718
002116
600456
600060
600266
600837
600230
600026
600547
600309
600048
000999
600236
000898
000401
600887
601919
002120
600031
600900
600675
600206
600064
600685
000042
600785
600616
000831
000039
000767
000528
601600
000006
000792
600549
600331
600308
600858
000910
000755
000836
000823
002073
600280
000043
600111
601398
000828
600631
600263
600970
000609
601808
600009
600509
600361
600269
600011
600007
000597
000800
002029
600019
600122
000562
601111
600825
601006
000726
600835
000419
600500
601699
600590
600089
600069
600117
600511
600761
600055
000501
600343
600765
000932
600240
600638
600183
002097
600740
600519
000584
000060
600001
600188
000568
000690
000666
600282
600555
000417
000952
000900
600287
600635
600991
000807
002083
000700
600363
002092
600008
600378
600583
000598
600085
000839
600655
600210
000822
000063
600808
600216
600832
600389
600517
600320
600058
000978
600589
600679
600801
600300
000582
000625
000723
600823
601390
600591
000541
000422
600686
000629
600021
600138
600559
600365
600366
600153
600798
600018
600050
600177
600197
600713
600596
600600
600535
600627
000400
000423
600585
600123
600202
600578
000522
600162
600066
600037
000717
000852
002082
002007
000418
600641
600754
000069
600824
600867
600802
600219
600033
600418
600720
000657
600639
600584
600030
000002
600036
600016
600000
000825
000858
002024
000069
000878
000063
600005
600900
601398
600019
600028
601166
601318
000625
601628
600383
000960
000001
000718
600600
600177
600331
000898
600675
600519
601006
600009
000983
600309
000157
600150
600048
601919
000039
600685
600795
000680
000623
000410
600970
600011
601600
000937
600583
000690
600037
600963
000869
601111
600736
000402
601001
000568
600085
600206
000612
000895
600348
600066
000538
600050
600521
000792
600320
600643
600028
600110
000933
000009
600150
000528
600104
000039
600686
000898
000402
600177
600887
600005
600809
600660
600183
000951
000748
000521
000423
601006
600019
600675
600547
000002
000825
000983
600011
601088
600026
600030
600685
000629
600379
600900
600519
000068
000026
600585
000625
600066
000999
600036
600000
000157
600308
000527
600031
600269
600015
600271
000651
600527
600406
000519
000063
600009
000858
000895
600037
601857
601318
600211
600135
601939
600133
600094
000906
600050
601398
601628
000838
000668
600664
600276
600511
600795
600761
000001
000089
600182
600018
601169
601166
002024
000716
600865
601988
000975
600320
600871
000531
600682
000069
600739
600309
000923
000908
600642
601111
600383
600010
600688
000623
601808
600583
601328
000637
000011
600001
600717
000652
600811
600008
000024
600829
000792
600886
600636
600832
000401
000751
600601
000932
600208
600029
000709
600048
600143
000027
000793
000060
600100
600331
600655
600694
600497
600631
000562
601998
600859
000839
600690
600569
600068
600879
000630
000758
600312
000538
600808
600027
600839
600868
600741
600258
000088
600663
000031
000800
600895
600085
000410
600596
600653
000778
600500
000729
600030
600036
601628
600016
000002
600019
600028
600005
600000
000898
600900
601398
601006
600050
000680
000024
600104
000063
600859
600808
000562
600585
601166
000069
000031
000829
000792
601318
000983
001696
600675
600832
600718
600258
600299
600009
000402
600809
600879
600694
600036
600016
600015
601318
600019
600000
000001
000898
600005
601398
601166
600997
000039
002024
000937
600383
600195
601666
000651
600123
601988
000002
002038
600900
600785
000792
600269
000422
000623
600050
000063
600717
600075
600166
600360
600675
600030
600096
600583
000933
600022
600780
600685
000088
600177
600037
000858
600028
600307
000952
002010
600236
000707
000157
600739
000402
600519
000807
600201
000616
600348
000951
600467
000060
600887
000709
600418
600970
000612
000550
000900
000878
600282
600697
000983
000089
600118
600795
600331
600150
600663
000401
000825
600309
000400
000006
600456
600415
600438
600963
000927
600026
600143
600469
600017
002021
600971
600054
600600
600007
600299
000903
600639
600642
000528
000932
601111
600595
000968
600012
000869
600459
600527
600590
600129
600834
600725
000755
600351
600809
000815
000850
600206
000410
600831
000717
000729
600183
000761
000619
601001
600262
002068
600589
600067
002106
601088
000531
002022
600029
600535
601628
600266
601699
600161
601919
600597
600325
000042
000024
600810
000708
000680
002086
600718
000800
000963
600202
600867
000919
600586
600966
600748
600879
000939
002078
600033
600098
000630
000562
600812
002080
600122
601872
601006
000960
002045
000625
600290
600740
002065
600828
000062
600160
000636
600786
000690
600489
600481
600028
000822
600050
601398
601111
600361
000039
000060
600030
600006
600036
600307
000338
000001
600320
600019
600675
600210
000157
000858
601006
600685
600428
600166
600261
000972
600096
600586
600121
600325
000898
600015
000878
601628
000531
600067
000550
601988
600258
000410
000652
000807
600467
600426
600423
601600
000825
600005
600208
000815
600973
000709
600058
600616
600104
600517
600963
000069
600201
600312
600590
601318
600535
600697
000952
600269
000748
000565
000876
600875
000028
000917
600456
000063
002028
000612
601088
601857
600529
600550
600418
600069
000933
000762
600596
600563
600887
600880
601001
600000
600717
600348
600785
600795
000960
600026
600895
600219
600476
000680
000727
600028
000002
600900
600000
601398
600036
600030
000858
600019
000060
000063
601166
601919
600029
000031
600010
601988
601006
000410
601318
600015
600104
600616
600008
600739
600320
600808
600166
600050
000751
600031
000562
000709
600123
600100
600210
600258
600309
601001
601328
600009
600026
601111
000501
000623
000959
601628
600269
600176
600195
000759
600118
600266
000825
600299
601857
600961
000039
600831
000069
000898
600635
000422
000768
600325
000528
600685
601168
000625
000507
600832
600690
600219
600489
000088
600677
600628
600500
000960
600415
000402
000800
600307
600048
601088
600655
002007
000539
600879
600150
600531
601939
601588
600188
600875
000629
600547
000717
600426
000748
600485
000778
600570
000707
600675
600694
601601
600066
000927
000401
600257
000559
601808
600001
600416
000151
600472
600316
601666
600581
600348
000910
600550
000790
600697
600162
600343
600887
600028
601398
601168
600362
600030
600036
000839
002024
600900
000630
601006
600008
600269
600307
000858
600331
600780
600029
600309
000625
000898
601166
600000
000568
002024
600030
600036
600028
600016
600383
601398
000002
600361
600900
601006
000039
000825
601111
000012
600519
600031
600309
600596
000527
000792
600428
600050
601390
600685
600005
600037
600195
600693
000402
000581
000419
600426
000829
000937
000729
600322
000625
000793
000877
600631
601699
600585
600598
600795
600022
600548
600607
600806
600162
600415
000680
000759
600337
000951
600859
600879
600019
000657
000157
000910
600628
600761
600161
000024
600183
000522
000022
600026
600895
000848
600380
600831
600066
600104
000528
600823
000550
600824
000619
600327
000651
600584
600649
601318
002164
600797
601009
600033
600256
600963
601919
000069
000063
600511
601628
002073
000731
000597
600004
600276
600521
600665
000869
600009
600201
002122
600266
000882
600675
000539
600900
600028
600030
600896
601006
600026
600675
600396
000623
600795
600428
601318
600325
600269
000690
601919
600050
000507
000973
600570
600029
600787
600036
600016
600236
600000
600087
600993
600019
000063
000027
601628
600500
000983
601111
600323
600005
000002
000001
000534
600748
000900
600990
000520
600688
000510
600121
000602
600004
000031
000667
600125
000968
000539
601088
000338
600008
000858
600270
000089
600879
600009
600290
600219
000088
600230
600649
600591
000006
000407
000933
600872
600048
000785
600810
600131
600393
000929
000999
000960
600011
002152
600301
002082
000975
600050
600016
600900
600102
601398
600028
000402
000983
600005
000839
600036
600887
600320
600009
600096
600030
000729
000539
601006
601333
000001
600832
601666
002001
000060
600438
600675
601318
601857
002095
600019
600071
600428
600895
000069
600362
600662
000401
002025
601628
000800
600467
600266
600000
601111
000616
600820
600628
600029
600884
600886
600188
000066
600270
002022
000629
600713
000002
600098
000709
002106
600001
600598
600690
601939
000858
600649
600665
002061
600684
600316
000937
600048
000581
601005
600100
000559
000031
600812
600208
601001
600219
000837
600409
000089
600640
600748
600482
600725
600997
600075
600971
600006
000039
600563
600838
600322
600004
600995
000960
600058
600426
000972
600597
601919
600415
600488
000831
000878
600358
600835
600169
600779
002046
600022
600177
600561
600470
000973
600012
000488
000912
600795
000758
601002
600519
600600
000767
600072
000807
600584
600161
601998
000933
600469
600183
600117
600257
601166
600383
600028
000983
601006
600015
600019
000157
600036
600000
000898
600219
000878
000612
600428
601988
000063
601628
601328
000651
601318
600030
600900
000039
600016
000858
601333
601166
600123
000717
600000
000612
600026
600048
600104
601988
000063
000488
600383
000402
000002
600030
600036
600000
600005
600016
601318
000825
600269
600028
600519
600019
600383
601166
600308
002024
601857
600694
000423
000792
600456
601628
000001
600022
600583
000933
000006
601398
000709
000157
000800
601939
600511
000063
601088
000538
600050
600887
000987
600547
600438
600009
600030
600519
002024
600036
600585
600009
000002
601628
600383
000063
600309
600660
000039
000012
600143
600694
600028
000402
601166
600000
000538
002028
600298
000400
601318
600315
600312
002129
600271
600415
000869
002069
600161
002076
600596
600166
601919
600887
600631
600123
002094
000338
000895
600282
600423
000978
600588
600005
000651
600962
600880
600352
600584
002022
002106
600426
002045
600592
002155
000898
600428
600361
000878
600036
000002
601398
600030
600005
600019
600037
601006
000858
600016
000063
600028
600143
000069
000983
002024
601628
600585
600583
600519
601318
600009
000898
600000
600900
000792
000024
000825
600428
600361
600717
600383
600809
601088
600739
601166
600887
600694
600030
600036
000002
601318
600000
000858
600978
601006
000006
600426
600028
000157
600009
000828
000709
000651
600019
000039
000792
601166
000623
000069
600011
600320
000831
000024
600900
601398
600031
600230
600858
601001
000001
600547
600104
601628
002073
000031
002120
600280
600439
000423
000401
600596
600309
000027
600383
600016
600050
000900
600970
600015
000999
002116
600887
600037
600361
600489
600276
000063
600693
600005
600269
600177
600337
600628
000609
601169
000402
000726
601600
600717
600508
600026
600785
601939
600875
600348
600761
600060
000538
600529
000159
000876
002029
600616
600963
601333
600511
000488
000987
000528
000963
600638
600886
600206
600240
000910
600406
000088
000584
600739
000978
601111
000400
000043
002070
000338
601919
600085
600268
600036
600028
000002
601398
002024
000983
600019
600030
600519
601006
600005
600900
601628
600016
000088
600628
600438
000825
600795
601318
000002
600036
600000
000001
601166
601318
600048
600030
600028
000983
601939
600029
000898
601628
000623
600005
600022
600685
600383
000709
000002
601919
600030
600028
601318
600748
601088
600472
600050
600005
600320
601328
600016
600383
601111
600036
600048
600583
600208
601628
600030
000002
600019
600005
000001
600029
600739
601166
600900
601318
600028
000895
600016
600000
000878
601111
000568
600362
600649
600383
601628
000898
601006
000612
000983
600459
600887
000623
600048
600290
000831
000858
600036
601666
000039
600282
000401
000972
000410
600786
000709
600489
600582
000625
600631
600432
600096
600808
000031
600675
600102
000729
600320
000402
601001
600736
000063
600104
600111
000024
600795
600050
601168
600519
600481
000539
000061
600875
600591
000006
600115
000338
002024
600075
600350
600499
000807
600595
600895
600688
000876
000562
600268
600616
600064
600835
600309
600596
000537
600219
000012
600150
600276
002045
000488
600511
600729
600854
600717
000651
600308
601002
600737
600028
600036
600005
000002
600030
000709
601006
000001
600675
600022
600320
600000
600694
600019
600104
000063
600016
600357
600628
600269
600308
000829
002024
600037
600832
000898
000792
000825
601318
000858
600456
000538
601628
600718
000157
600616
600519
600050
600201
000612
600383
600690
000501
000402
000550
000970
600808
000778
601398
000069
601166
600887
600583
600748
600316
600266
600665
000822
600195
600016
600000
600036
600028
600030
600050
600900
600005
000002
600019
600309
601919
601006
000858
600694
600583
601398
000898
600631
600887
000157
600009
000792
000983
600037
600348
600795
600104
600600
000402
600519
601988
000024
000069
600004
600660
600098
000568
600325
600686
601318
000755
600970
600748
600383
600997
601001
000895
002024
000528
600549
600085
000960
600718
000581
600880
600861
000619
600596
600011
600001
000061
000060
600266
000807
600361
600059
000063
600123
600801
600396
600026
000937
601169
600406
600432
601857
000027
600031
000917
600320
600208
600588
600639
601628
600729
000046
600500
600362
601600
600125
601939
600219
600697
600088
600675
601088
600176
000888
000608
000876
600208
600048
002024
000043
601918
601601
601999
600582
601988
000002
600036
600030
600028
600016
600000
000001
000623
000807
601169
600019
000898
601628
600096
600717
600663
600219
600050
000402
601600
601857
000027
601628
000002
600028
600688
600048
000001
000024
600325
600030
600050
601166
000402
600600
000539
600900
601398
000807
000401
000708
000778
600548
601168
600036
601318
600030
600100
000002
000937
600104
600028
600997
000046
600000
601111
601628
000858
000338
601919
000060
601166
000895
000972
600009
000898
601398
601318
000651
000060
000917
601628
000858
600320
600508
600027
000338
600036
600690
000927
000933
000951
600011
600019
000612
000878
600050
600088
600104
000157
600686
600496
600325
600125
600308
600780
600138
600231
600586
000667
600361
601939
000039
600089
601006
600631
600062
600169
600900
600005
000709
600535
000837
002032
002106
000022
000488
600282
000792
000617
600067
600592
600409
600795
600009
000528
000089
600993
600360
600436
600376
001696
600016
600596
600973
601398
600718
600978
600518
601601
600015
600123
601169
000001
600897
600970
600309
600521
000428
000063
600570
600030
600415
600000
600019
000002
600150
600005
600519
600016
002024
600036
000792
600015
600383
000825
000157
000898
600030
000623
000528
601166
600583
600067
600761
000858
600694
600026
601988
000069
600887
601318
000709
600596
600028
000402
600309
601628
601919
600415
600050
601398
600780
000024
600307
600312
600809
000001
600739
600673
600022
600642
600123
000568
600266
601328
600858
000651
000538
600007
600685
601857
600031
600166
000869
000937
600867
600569
600875
000063
000401
600029
000625
000616
000612
600037
600582
600348
601088
600177
000951
600595
600030
600028
000002
600036
600019
601398
600739
000623
600895
600808
000800
601939
600456
600655
601699
600611
600016
600104
601628
600067
000858
600598
000852
000666
600350
600748
600066
601088
000410
600963
000608
600997
000001
600195
000024
601857
600001
000157
600675
000539
000792
601006
000709
000581
600219
600000
600631
000597
600642
600428
000428
600015
600585
600111
000911
000063
600054
000822
600875
000895
000419
600050
600396
600307
600122
000898
600663
000612
600100
000039
600518
600409
600315
600600
600361
600754
600685
600439
600062
600109
601166
600488
600458
600966
600835
600590
600269
600118
600879
600900
600809
000031
600138
600150
002202
600309
600519
600183
600886
000528
600616
000401
600415
600009
600189
600596
000983
600266
000667
000839
600834
000652
601111
600438
600491
600662
000815
600900
601398
601988
000401
601318
600005
000792
000063
600088
600019
000002
000858
600111
600028
600529
000088
600748
600880
000933
600271
000807
600482
600428
600348
600030
600016
000539
600036
600050
600230
600449
600467
600261
000069
000983
000039
601001
000951
600360
600631
000937
002082
600253
000960
000717
600584
601991
600786
002043
600489
601168
600519
600803
000528
600276
002102
002101
600317
002070
600495
002069
600806
600132
600616
600104
000538
601009
000027
600287
600009
600050
600206
600717
002064
000858
600085
600005
600028
600582
600900
600176
000090
600622
600016
600804
000970
600978
000768
600535
600428
601939
600660
600879
600263
600585
000717
600271
600887
601006
600036
000423
600814
601398
000039
000860
600365
600787
600662
600820
600000
600690
000709
600499
000657
600688
600809
002021
600835
601328
600572
000859
000677
000685
600488
000667
000031
600201
002037
600456
600195
600423
000881
600839
600266
601919
000828
600064
600030
601872
000027
002097
600096
000825
600196
600867
000949
600019
600406
600016
600005
000002
600085
600219
600028
000729
600072
600521
600036
600009
600030
000039
600867
600607
600887
600628
000402
000157
600320
600000
000024
600019
600100
600895
000625
000768
600067
000001
000063
600675
600015
000898
600208
600125
600616
000878
600583
000839
000895
600026
600308
600900
600309
600150
600963
600761
600111
600050
000022
600192
600337
600327
600717
600655
600118
600383
600585
600997
000858
000060
601006
600790
000419
600361
600886
601699
600348
000527
600642
600519
600596
000617
600096
600832
000698
000709
000539
000663
600685
000792
600549
000751
600838
600177
600649
600809
000657
600391
600162
600673
600595
000568
600660
600748
600630
000759
000528
600432
600011
600312
600636
000807
600469
600268
600528
600031
002010
601628
600808
600114
002031
600888
000970
000876
600380
600240
601168
600104
000069
000619
600216
600639
601318
600694
600597
600161
000400
600198
002128
600416
600360
601001
000785
600169
000793
002021
000612
600690
600754
000988
000012
000089
002029
000598
000651
600582
600586
002037
600238
600600
600978
001696
000822
000828
600019
600050
600005
000002
600016
600036
601628
600058
600887
600015
600717
600000
000088
601318
000089
600118
000410
600360
601600
600104
000709
600030
000898
000402
000825
600017
600309
600037
601988
002021
002038
002065
600867
600195
000401
600004
600497
002041
600438
600086
600143
600583
600739
600027
000002
600016
600005
600029
600000
601398
600030
600690
601318
600100
600036
601166
600978
600900
601111
600320
000822
600675
000039
600519
000709
600019
000001
000006
600050
600015
600240
600028
000027
002024
600309
000983
000088
600583
000932
600210
000090
000608
600183
002052
000629
000568
600887
000898
601919
000612
601006
600143
600085
600166
600075
600628
600383
600161
600736
000755
000825
000581
600673
000778
600601
600875
600058
600098
000541
600660
000024
000828
600739
000022
000933
600966
600317
601699
601628
600525
000513
600367
000837
600795
600572
000930
000869
600886
600409
000522
600785
600270
000860
000858
000401
000848
000900
600089
600074
600026
600973
000655
600069
600547
000061
601600
000069
600748
002069
600780
600067
600694
000400
600829
600189
000895
600037
600651
600761
601601
600880
002032
001696
000677
002010
600600
600642
000951
000997
600521
600580
600786
600380
600276
600693
000963
600439
600050
600122
000002
600036
600030
600048
600019
601398
600162
601168
600396
600075
600028
600879
600273
600737
601166
000027
600066
600511
000963
600058
000001
002155
600302
600600
002080
600309
600828
601318
600622
600582
000825
600900
600829
600000
000069
600169
000024
601628
600123
000887
601006
600299
600406
601808
000159
600886
600125
600350
600150
000800
600855
000100
600258
600690
600111
600570
002152
600088
600109
600832
002142
000983
600005
600004
600786
000568
600880
600585
000031
000852
600675
000815
000917
600118
601001
600519
600612
000758
600104
000060
600031
000619
002081
600011
002021
000559
000629
600009
600343
000423
600085
600599
600087
000709
000155
600717
000157
000425
600995
601390
600664
600790
601857
601919
600290
600831
000151
000828
600738
000850
600016
601601
000539
600268
000612
600694
600230
600266
600630
600035
600030
000002
600036
000039
600016
000063
000651
600519
600859
600631
600583
000031
000410
600000
600028
000869
000898
000987
600685
000538
000768
600011
600761
600276
600005
000069
000825
000878
600795
600887
601111
600858
000338
600628
000629
002032
600048
000951
601318
000895
000402
600019
600015
600511
000562
600660
601857
600361
000550
601003
600332
600616
600900
000060
600827
000157
000927
000717
600585
000778
601919
600016
600748
600028
000002
600348
600900
600000
600631
000792
600887
601001
600161
600406
600143
600739
600266
000608
600415
600895
000088
000683
000568
000898
600331
000987
000968
000858
601009
600005
600001
000402
600583
600308
600019
000027
600519
600795
600236
000932
600270
600675
002069
601318
000831
600971
600616
601600
002024
600452
000895
600309
601857
000063
601088
600428
600383
600432
601168
600183
600037
600527
000550
600033
601328
600036
600030
000002
000825
600383
000898
600123
601006
600547
600028
600000
600019
000012
601166
000759
600533
002024
000157
600895
600048
600195
000002
600019
600036
600030
601398
600005
000625
601318
600016
600009
601166
600028
600026
000898
600000
600029
000001
600886
601857
600519
601006
601628
600011
600739
600050
000927
600383
600832
000858
601111
600963
000423
000027
000680
000089
600547
000402
600795
600048
600717
600357
601088
000839
600809
600900
000878
601939
600054
000538
600282
000829
600600
600320
600019
600016
600050
600028
600005
601628
600000
600383
600221
600004
601919
000002
600048
600591
600271
601939
601168
000625
000895
002056
600028
600096
600528
000878
601600
600015
000960
600000
601857
000850
600050
600331
000002
600169
600299
600509
000807
600348
601088
601166
600036
601318
601628
600030
000002
600000
600028
600005
600016
000825
601398
600900
600019
000898
000001
600308
601006
000933
600050
600100
000709
600519
000778
000157
000800
000401
600009
000822
000612
601166
000839
600832
600690
600694
000063
600583
600266
000927
601666
600325
000039
000759
600887
000027
000541
600718
600022
600456
600396
000338
600015
601857
600675
000768
000625
600331
601088
000060
000869
601328
600835
000538
000666
601939
002024
000792
000963
600037
000926
000898
600030
601699
600887
000063
600028
601600
601398
600717
000401
600016
601318
000088
600026
000002
600519
601111
000878
000858
601666
600028
000983
601919
601628
600005
600019
000402
000027
000825
601318
600887
600016
600098
600138
601398
000898
600655
000031
000933
600835
000031
600019
600005
600030
600547
000002
600585
600028
601919
600489
600308
600472
600690
000060
000898
600307
600383
000568
000792
000069
600028
600030
601328
600026
600887
600900
000562
600635
000751
601168
601857
000002
600011
600150
600718
000027
600004
600831
600631
600019
601919
600016
600012
000858
600036
600009
601166
600110
601390
600177
600547
600895
000063
600693
600717
600348
600159
600639
600037
000625
600879
000031
600563
600428
000748
600176
000410
000157
000709
600371
000539
600299
600697
601866
000825
600258
600031
601318
600015
601628
600383
600343
600439
600050
000878
000501
000538
600426
600316
000917
000568
000662
000078
600067
600188
600100
600118
600219
600416
600675
000089
600663
000528
600104
600585
000533
000630
600832
601001
600269
600872
600485
600030
600028
600036
000002
600675
600895
600519
000069
601318
600416
000338
000001
000039
600104
600096
000042
600000
600320
600309
600048
000758
600219
000568
600052
600823
600547
002009
600383
000917
601919
600748
600082
600019
000522
000651
000748
600016
600243
600572
600143
600489
600428
600649
601006
600009
600655
600585
600236
601988
601628
000839
600406
000629
600166
600521
000429
000510
000157
600282
600378
601588
601808
600900
000718
600029
000623
000935
000729
000401
000869
002122
600713
600352
000617
600004
000539
000800
600879
600663
000423
600472
601111
000657
600331
000860
000652
600607
600601
601002
600486
000963
600026
000581
601333
000661
600809
002098
000895
000852
002074
600436
600855
002022
600717
000887
600089
600050
000031
600161
000858
600337
000636
600797
600008
600360
600110
600694
000908
002038
600522
002123
000014
600299
601601
600162
000933
000063
000792
600201
002069
600376
600066
600315
000807
600458
600059
601328
600887
600528
601390
000920
600858
600005
600072
600316
600597
002007
600408
600481
601866
600269
600456
600685
600582
600312
000410
600169
600518
002037
000755
600423
600118
600563
600426
600276
600030
000002
600028
600005
600036
600582
600717
600037
600383
600143
600809
600583
000069
600519
600019
000858
000402
600694
600325
600312
600886
000933
600357
000157
601919
601006
002025
000718
601166
600761
601328
600685
000768
600183
000792
600396
600675
000063
601628
000625
000012
600000
601001
600030
000002
000898
600036
000895
002024
601006
600031
000623
000001
600325
601318
601166
601919
600519
000568
600019
600048
000039
600642
000069
600009
600396
601628
601111
000858
000800
600406
601398
000063
600835
000024
600111
600011
600489
600997
000709
601001
600062
600000
600067
000666
600675
000522
600655
000088
600900
600028
600005
002083
600100
600475
000538
600058
600312
600361
600970
000933
600096
000488
600308
600266
600150
600299
600499
000338
600258
600690
000917
000878
600782
000625
600386
002069
600607
000089
000792
600036
600096
600050
600900
600588
600348
600019
600591
600009
000933
002022
002029
600809
000089
000895
600309
000039
600549
600686
000839
600271
600663
600596
000888
600028
000878
600423
600583
600867
600327
600270
601628
600486
600962
600085
000927
002106
000898
601166
601111
600360
000978
600012
600352
000778
600050
600036
000002
601988
600219
600016
600028
600000
600900
601919
000778
600320
000039
600005
601166
601006
000623
600019
601628
000858
600028
600030
000002
600050
601919
601318
600748
000039
600048
600269
000825
601939
000001
600900
000063
000951
600036
601398
600011
000402
600150
601628
600037
000858
600000
600675
600019
000917
600016
600631
600005
600004
600009
600808
000822
600835
600022
600694
600519
601006
600266
601857
600832
000778
600308
002024
000069
600718
600795
000898
000987
600583
000612
600331
000926
600066
000024
000990
600100
600887
600509
000541
600456
000768
000800
000963
601166
600396
600054
600325
600688
601168
000933
000667
601088
600316
600861
600717
000793
600383
600438
000157
600030
600739
000858
600019
600900
600016
000623
600050
600000
600028
000002
000652
600005
600036
000898
600015
600717
600058
000878
601166
000060
600320
000897
600837
000001
000027
601318
000039
600331
601006
000983
600887
000562
000751
000629
600008
000807
000839
000960
600150
601111
002069
600085
600519
000088
000612
601001
600808
601628
600879
000951
600547
000630
000063
000157
600631
600685
000528
600031
601939
000501
601919
600064
600009
000402
000999
000917
000729
601169
600005
600036
600000
600016
601398
000825
601988
000709
600050
600028
000002
600030
600694
600269
601628
000001
601318
600456
600320
000402
600100
000932
600016
600030
600005
600028
600000
000898
600036
601318
600219
000568
600895
600900
601699
000024
000937
600153
600309
000983
600879
000039
600048
000402
000069
002024
000063
600282
600415
601006
601600
600104
601939
600877
601166
000858
000001
600675
601398
600331
601628
600616
600694
600423
600150
000002
000792
000970
000338
000157
600519
600009
000759
002078
000709
000060
600033
600026
600717
600269
600677
600129
000895
600408
600312
600456
600096
000878
600031
600500
600628
601328
600584
600428
600100
600886
002009
600596
000655
600660
002008
600835
600479
000869
600350
002069
600588
000401
600426
002032
600830
000823
600011
600785
600410
000807
600348
600970
600029
600280
002106
000625
000088
600050
600511
000811
601919
000559
600240
000410
000790
000612
600859
002028
600521
600276
002084
600973
600525
600004
600495
000419
600132
600489
000831
600352
600582
000528
002031
601333
600256
600655
000031
600761
600528
600015
000912
000623
600184
600739
000667
600636
600690
600261
000666
600583
600786
000837
600122
600685
000927
600887
600087
000014
600085
600888
600533
600820
600569
600316
601168
601857
600638
600858
600327
600697
600036
000402
601398
000002
600000
600030
000625
600016
600309
600028
601318
600019
000422
600037
600015
000012
600528
000825
600875
000900
000793
600269
000157
600675
600005
600104
600797
600718
000423
000338
600111
000983
600029
601111
601939
600035
000707
600519
600585
601006
000501
000651
000572
600550
601628
600350
000800
000088
000680
600376
600900
600631
600886
600284
600786
600282
000527
600415
600176
600736
000652
000759
000852
600009
600717
600840
000417
600628
600808
600713
600583
600195
600240
600183
600897
000858
600383
600879
600495
601169
600641
600085
002013
002028
000089
601398
601988
600050
600030
601088
600019
601006
000898
600357
600717
600675
000933
600886
000002
600859
600585
600308
600327
600016
000910
600036
600030
600000
601318
600761
600519
000002
000983
600331
600309
601919
600029
600058
600195
600016
600547
000001
000402
601166
600104
000419
600489
002024
000423
601699
600895
000755
600028
000157
000401
601006
000848
000792
600067
000090
000655
600153
600048
000759
000858
000069
600879
600208
000898
600600
600456
000024
601111
000060
600582
000063
600750
600887
600428
000651
000937
000623
600596
600316
000878
600973
000729
600533
601398
000422
600900
000338
600276
600261
002007
000895
002084
600256
600219
600963
600371
002069
600585
601628
600071
000522
600628
600005
000680
000972
600415
000516
600064
000790
000910
600809
000666
600230
600859
000061
600009
000667
600677
600030
601398
600036
000002
600016
600309
000825
000039
600150
000858
000402
000338
600019
600028
600583
600000
600066
000623
601919
600519
600011
600005
601166
000651
000951
600739
600660
000568
600036
600000
000002
600030
600028
601318
600037
600016
600150
000858
600761
000617
000157
600050
000069
000402
600717
000876
600875
600028
600019
600029
600015
000718
601600
000960
600050
600416
600570
601328
000959
000568
000707
000796
000917
000751
601088
600052
600215
000933
000617
000661
000958
600037
600198
600598
000014
600787
000860
600406
600271
000422
600110
600022
600456
600581
002023
600265
000777
600177
000807
600732
000748
600814
600378
000563
000888
600970
600071
600663
600518
600100
000848
600210
000410
000520
600552
000758
600640
600016
600688
600005
600135
000800
600641
000042
600480
600121
000906
600966
600894
600528
600811
600740
600694
601398
002014
000709
000510
600812
002010
600115
600607
600854
600126
600725
600736
600251
600383
600169
600665
000759
600428
600675
002128
002028
002033
000920
000778
000793
600122
000530
600576
600591
000158
600720
000815
600786
600267
600764
600090
600359
600102
000912
000006
000663
002005
600036
000666
600408
002006
600162
601001
600028
600030
600050
601318
000898
000963
600016
600000
600048
600031
000024
600122
601006
000887
600005
000858
000792
000002
000060
600177
600089
000063
000069
600273
600717
601166
600879
000912
600011
600350
600415
600622
600058
600019
600337
000807
601333
601628
000800
600096
600037
600169
600000
000825
000002
600036
600050
600005
600028
601318
000423
600048
600582
000858
601628
600104
000060
600030
600150
000401
600970
601600
600415
601919
600177
002007
000807
002155
600900
600115
600009
600122
600886
000629
601939
000024
000157
600004
000933
000898
600312
600426
600831
000027
601857
600786
600410
600029
600096
600008
002084
600016
002006
000527
000852
600309
600000
600019
600519
000039
600030
600009
600016
600015
601628
600308
601398
600050
600028
000002
600426
000898
600066
601318
002024
600298
002075
600583
600600
600694
600809
601988
000063
600269
600143
600037
000157
600383
000709
600000
600028
000829
600005
600616
600016
601919
000001
000983
000402
600030
601398
000002
600019
000069
601166
600432
600511
601628
600050
000898
600169
600426
600138
600270
000858
600519
600886
000060
600100
600236
601318
002052
601988
000729
600795
601006
600583
601600
600697
600717
600961
600859
600216
600383
000541
600436
000839
000012
000089
000031
600276
600317
600660
600016
600009
600900
600028
600036
000895
600026
000423
000157
000858
600690
000792
000898
600011
600886
600030
600829
000002
000661
000024
601166
000793
600875
600350
601006
601939
000933
600761
000401
600125
000625
600050
000878
000983
600628
600012
600616
000963
600269
600717
600686
000001
601628
600312
600007
600219
000027
600138
000581
601919
000755
000516
601111
600675
600754
600997
000680
600740
600000
600104
000039
000061
000539
000616
600500
000910
000002
600028
000709
601318
600739
000001
600717
600085
600019
600036
600030
000402
000042
000898
600022
600639
600307
600067
600005
600887
601318
600036
000002
600028
601398
601988
600030
600795
600019
000898
600050
000402
600085
000825
600005
000858
600016
000792
000063
600497
000024
000807
000001
600887
600007
000625
601001
600631
600350
600519
000878
600357
000002
600005
600048
601088
601398
600029
600030
000800
600019
600309
000001
600036
000401
000933
600675
601111
600037
600000
000960
601699
600739
000069
600050
000983
601988
000402
000623
000651
000024
600519
600348
002024
601318
601857
600591
600277
600016
600500
601628
601001
000046
600549
600859
600115
600028
600031
000539
600320
000972
600527
600439
600266
600383
000061
600188
600886
600195
601601
600331
600470
601390
000560
600546
000825
600690
000819
600001
000951
600900
600482
600688
600488
601169
600390
600067
600655
000698
000755
000616
000717
000661
600325
600547
600352
601808
000568
601398
000002
600005
600036
600030
600019
600739
600320
600016
000402
000807
000060
600835
601006
600383
000858
601390
000898
000629
600307
600649
601857
600895
601088
600675
000001
600166
600616
601318
000800
600528
000562
000623
000878
600308
600008
600169
600104
601628
000680
000926
600048
000625
000969
000839
000983
601988
600886
600423
600000
000718
600050
000024
000963
600628
600685
000825
601919
601166
600138
600963
600096
000837
600266
600867
601001
000006
000651
000039
600522
600829
600673
600997
600631
600376
601666
600824
000400
600183
000831
000723
600331
600028
600808
600547
600489
000780
600607
600022
600348
000069
600009
600638
600208
600357
600303
600309
600887
600748
600269
600010
600177
600015
000895
600491
600117
000063
600655
600508
000751
600740
600067
600717
000401
000709
000059
600089
600688
600231
000528
600438
000933
002022
600458
000527
000792
600875
600087
600257
000612
600256
600500
000929
600159
000410
000632
600820
002155
600812
600634
000910
600627
002041
000338
600900
600888
000920
600302
600837
600247
600312
000798
600262
601111
600236
000608
601600
000860
000559
600600
000997
600428
600415
600588
600100
600289
000066
600831
000937
002106
000028
000157
600416
600713
600151
000960
600026
600111
600880
601168
000876
600170
600557
600456
000538
600162
600268
600410
600195
000655
000616
600962
600125
600487
600660
600001
000545
600517
000978
600290
600150
000031
000930
600282
600570
600071
600470
600566
600426
600805
002078
600391
600215
600761
000767
600967
600855
600584
000823
002005
601601
600694
600030
600036
600900
600005
000858
600028
600019
000001
600739
000402
000623
000069
600886
000839
000800
000338
601988
600631
600037
000063
601006
600694
600009
000878
600489
600887
600808
600104
600547
600717
601166
600596
000031
600016
000002
601939
601318
600000
600748
000927
000898
600331
600383
000423
600482
600879
600050
600030
000002
600031
600036
000024
002024
000039
601318
600519
600111
600177
000651
600900
000878
600009
600489
600835
600642
600019
000001
600028
000006
600717
600015
601006
600016
601166
000063
600011
600601
600104
000768
000825
000839
600362
600879
000488
600001
600089
000910
600050
600583
000422
601111
600649
000983
000612
600795
600048
600266
600005
600382
601919
600350
600067
000088
601398
000619
000507
600161
000762
600585
000069
600612
600863
000550
000807
600463
600627
600348
600527
000792
600748
600317
000528
600754
600406
002084
600826
600839
600312
600660
002073
600307
600588
000895
002017
600176
600808
600085
600628
600100
600887
000402
600535
000060
600438
000537
600269
000685
601333
600026
000625
000758
600832
600309
000410
000680
600012
600723
600675
600521
600000
000607
600428
002050
600895
600561
002012
000858
000089
600251
600563
600497
000568
600488
000527
600029
000987
000012
000960
600500
002025
000729
600739
600596
600058
600276
601939
000837
600631
600639
600569
000951
000061
600005
000002
000568
600036
601398
600900
000001
600879
000157
600685
600019
600028
601006
600016
601600
000612
600886
601919
600761
000793
601398
600036
600005
600016
600000
000002
600030
000792
600028
002024
600549
600585
600309
600383
600009
601318
600808
600694
600519
601988
601919
600588
600037
000024
000869
600596
600352
600016
600028
601398
600472
000338
600973
000531
000060
000823
600423
600030
601111
000822
000002
600361
600005
000723
000898
600596
000039
000960
000831
600096
600307
600050
600240
000651
000839
000157
002028
000717
600000
600069
600261
600019
600761
000625
601001
600104
600586
002010
601006
600325
600058
600415
600029
600887
600809
000952
600270
600195
600569
000727
600219
600026
600529
600067
600585
000063
000978
600655
000069
000829
000815
002019
000792
600418
600517
600785
600888
000661
000001
000908
600012
000402
000652
600572
000528
600736
600015
601939
601628
002024
600019
601390
000960
000423
000002
000031
600519
000858
000761
601866
600971
000898
600266
600000
000800
600835
600028
600271
600029
000858
601111
600276
600410
600050
600598
600054
600066
600104
000755
600183
601601
600470
600585
600859
600005
601390
600030
601318
600036
000002
601628
600383
600048
600019
601111
600104
601939
600000
600009
600028
600900
600685
600029
601006
000001
600004
600519
601919
000898
600001
000625
601600
000951
600690
600655
601169
600528
600547
002024
000402
600591
601699
600096
601088
600631
601857
600309
000533
600117
000858
600031
600827
000338
000069
600320
600600
000800
600016
601001
000522
600795
000869
000528
600166
000024
000157
600007
600423
600183
601088
600009
000002
000858
600312
600016
600177
000680
000910
601006
600027
601939
000793
600000
600028
600408
600005
600019
600820
600036
600829
000837
000616
600192
600030
600631
600995
600067
600675
600740
000718
600416
600123
000501
600519
601318
600036
600030
002024
601398
000983
000898
601919
601939
000933
000625
601628
000568
000402
601857
000001
600031
000651
601088
600005
000002
600029
000878
000157
600585
000960
000825
000800
600048
600685
600547
000063
601166
600016
000858
000401
601699
600739
600028
000039
600900
000616
000562
000623
002045
600309
000927
600835
000759
000661
600009
601006
600166
600616
600000
600350
601111
600138
600859
600489
600887
600713
600600
600019
600050
600787
600795
600015
600694
600195
600675
600104
000024
600102
000069
002128
600011
600839
600192
600584
600098
000951
600036
600028
600030
000069
601398
600547
000024
600111
600383
600075
601006
600616
000568
000858
000002
600900
000060
600482
002102
600029
601939
600685
600879
600308
600005
000031
000157
000917
600649
600037
600597
002082
000401
600795
600016
000001
600088
000951
600320
600740
000515
600675
002056
600087
600050
600737
002106
600238
002018
600519
600501
000022
600230
600717
600489
601628
600859
600058
600007
600449
600019
002043
600085
000825
600031
000617
000792
000021
000012
000063
000690
600997
600596
000528
000717
600367
600253
600677
600470
601009
000538
600886
600317
600357
600585
000550
000039
600132
600527
600350
600183
600548
600027
000539
600966
600583
000762
600831
002073
600584
600202
002003
600410
000002
600143
600030
600028
000792
000157
600583
000898
600685
600005
600019
000039
000825
000410
600206
601398
600299
600675
600320
600000
000625
000983
600383
600489
600036
000402
600585
000878
600690
002037
600519
000063
600456
600009
002097
600048
600150
000528
600582
600016
600357
600428
000651
000024
601111
600508
600509
000069
600067
600467
601088
000933
600835
600717
000966
002122
000560
600991
000031
600547
600123
000717
000401
600761
600750
000821
601166
000807
600596
600331
600660
600096
600499
601001
002078
600037
600997
600050
600472
600015
601666
000800
600815
600352
600495
600022
600104
000612
000709
000729
601628
000338
002140
601318
600010
600423
000937
600216
000755
600780
600327
000568
601006
600785
600879
000858
000060
600529
600875
600309
600029
600031
000419
600887
600386
000951
000608
000616
600418
600058
601333
600973
600519
600030
000568
601600
600048
000024
600036
600031
000488
000002
600005
000983
600631
600978
600325
000792
600028
600761
600859
000895
600000
600048
600036
000983
600028
000402
002024
600331
600519
600050
600019
000778
000839
000046
000792
601699
600875
600037
000568
000869
000895
600022
601988
000917
600269
601600
601166
600489
600583
600176
601628
600663
000999
600087
600585
600285
600312
000021
600169
000572
000024
000793
601939
600694
600720
600547
600161
000930
600428
000538
600005
600100
600104
600000
600016
600028
600030
601939
600900
000898
601919
600308
600050
600971
601111
600519
600019
000402
600309
600616
600596
000829
002024
600895
600236
600694
000792
600748
000069
600348
600143
600100
601318
600511
600029
000002
600406
000617
600859
600415
601628
601006
601857
002092
600161
600269
000088
000612
000723
601600
600489
600270
000858
600795
600739
000968
601808
600085
000897
600472
600887
600189
002069
000825
600508
002080
000608
600428
000685
000960
600583
600138
600808
600436
601009
600009
600266
600123
600531
000060
600037
000063
600331
601398
600195
600383
600675
600665
000680
002202
000002
600030
600016
000060
601628
000069
600000
600005
601166
600036
000898
000895
601006
600519
600050
000937
600028
000983
000858
000807
002024
000869
600331
600015
600348
600320
000878
000402
600104
600900
600675
600031
000839
600879
600489
000063
000088
601318
000001
601398
000410
600547
600309
600153
000652
000568
000825
600029
600316
600219
600261
601699
600569
600824
600100
000562
002007
000792
600583
000612
000024
600859
600096
000538
600895
600717
600725
000625
600582
600809
600048
601600
000623
600071
000338
600456
000927
000401
000039
002067
600037
002069
600256
600383
600820
600271
600415
000157
000970
600616
600428
600352
600877
600143
