8006
000629
600036
601318
600015
600000
600068
601898
002078
600009
600028
601186
600547
002122
601390
601088
600616
600026
600030
002024
000709
601919
600030
600000
000002
600036
600586
601628
600015
600523
600547
000937
600489
601318
600028
000783
600031
000768
600635
601166
601390
600348
601601
600309
600383
600875
600428
000012
601899
600415
601398
600748
000410
600050
601168
600432
600835
600089
600718
600325
600005
600550
000001
601111
600826
000825
600195
600312
600029
601699
600704
600736
601186
600686
600331
002109
000759
600655
000006
601088
600320
600596
600048
600879
600480
600087
600582
600694
600019
600519
600221
600143
000063
000157
000878
000338
000792
600963
601857
600674
600717
600607
600030
600048
000002
000655
601628
601006
600737
600050
600557
000792
600348
000043
600176
000933
600962
600597
600510
600028
000629
600547
600150
600489
601398
601186
000402
601666
000002
600048
600005
600585
000157
000024
600900
000027
601766
601898
600030
000538
601006
600089
600971
000895
600570
600511
601857
600801
600875
601328
600694
600036
600030
601318
000002
600031
600104
000792
600309
600028
600000
000024
000983
601088
600970
000001
601898
600271
600208
000651
600660
600048
601009
601601
600895
600196
002028
000063
600426
000012
000060
600016
002024
600009
600585
600348
002073
002003
600005
600000
000002
600123
601898
600660
600005
600586
600320
000039
000983
600348
600489
600030
600066
600547
600036
000839
600170
000401
600867
000001
600036
600519
601088
600325
601808
600202
000024
600518
600428
000933
601919
601390
002024
000513
600486
601939
600016
000999
000568
000402
000629
601398
600635
600875
600019
600036
601318
600583
600141
600858
600016
601601
000792
600028
000933
600005
000063
601328
600050
600036
601318
601919
000937
600528
600517
600376
000402
600895
600675
000157
600641
600837
002024
600748
000401
600820
600064
000686
002028
000001
600880
600428
600547
600717
600000
600895
601006
600380
600030
600048
600015
600660
000937
600354
000893
601088
600997
000012
600795
600030
601390
600837
600036
600019
600309
600519
601088
000858
600858
600438
600739
000002
000937
600299
601699
601601
601318
600428
000983
000858
600900
601898
600050
600694
002024
600535
601186
600880
000002
600827
000031
601009
000001
600361
601628
600829
600269
000731
600837
000002
600030
600028
600050
000024
000937
601628
600997
601398
600585
600591
600816
600331
600690
601939
600383
000927
600312
600887
000709
600016
600036
002024
600030
600582
000651
601390
601328
000001
600022
600383
601628
600395
000568
000069
600739
000937
601988
600087
600649
600036
601318
600030
601899
600837
000069
601390
600216
601808
000002
600031
600583
600048
000001
600050
601601
600991
601919
600362
000401
000825
600720
601186
600276
600519
002001
600900
000932
000060
600348
000807
600009
002018
000024
002008
600428
600718
002024
000789
600027
601001
600588
600266
600011
600030
601398
000024
000898
600415
601166
601009
600348
601318
601919
000060
600016
600153
601006
600028
601857
600048
600089
002028
601958
600050
002202
000527
600694
600519
000850
600019
600423
600586
002024
600026
601088
600428
600269
600000
000623
600583
600596
600887
600557
000157
000792
601186
600029
600547
600236
000823
600276
600585
000525
000090
600036
002032
601088
601390
601699
601169
600030
000690
600325
601666
601808
600486
002123
000024
600016
002244
000848
600015
601919
002204
600048
600030
600123
600031
000709
600348
000063
600028
600036
600837
601009
000009
601628
601166
600050
601328
000001
600887
601318
600639
000937
600428
000858
000825
000157
600765
000999
600005
000002
601186
600026
600048
600690
600820
601168
600153
601169
600307
600642
600030
000002
600028
600837
600000
600036
601166
601318
600050
601168
600100
000878
600635
601899
000901
601766
000800
601001
600005
600252
600416
601186
600895
600348
000858
600383
600019
600312
600963
600016
600598
600089
600519
600104
600048
600161
600590
600739
600195
000937
600029
600607
000960
000046
600072
002052
000063
600426
600315
600162
600640
600973
600816
002074
600351
600258
600528
601006
002024
000001
600316
600050
601939
600812
000338
600036
601186
600000
000898
600066
601398
601601
600535
000926
600808
600795
000584
600117
002024
600201
601898
600673
000012
002202
600030
600036
000792
000538
600348
600096
000858
600150
000157
601168
600519
601169
600583
000898
600690
000060
000527
601601
600104
000983
600000
601857
601398
600030
000629
600048
600050
600089
600900
600111
600395
600005
601601
601318
600016
600519
000895
600550
000768
600739
601939
601088
000027
000623
600635
600271
000400
000717
600895
000538
601918
000063
601808
601919
600118
000839
600329
000059
000878
000028
600880
600581
002244
600449
600269
600096
600546
600031
600348
600435
600406
000917
000630
600019
600005
601628
000002
600036
000157
600583
000729
600219
600030
000001
600009
600271
600795
600588
600361
600880
600000
600048
002183
600011
600227
601390
600511
600016
600050
600644
600010
002154
600966
000858
600031
600717
601333
002038
600636
601088
601166
000527
600383
600897
000811
600102
600028
600600
600418
600688
000937
000651
601898
601699
000528
600236
601919
601328
600102
000568
601318
601168
002089
600312
600030
600282
600639
600015
600001
601699
600741
000060
600517
600590
600060
000630
600000
600289
601088
600036
600050
600694
601390
600028
600519
601318
600089
601006
002024
600352
600048
000488
600348
600660
600153
000006
000001
601333
600395
600028
000898
601318
002024
600030
600048
600549
601001
000878
600383
601601
600000
601899
000937
600585
601111
600481
600111
600036
600030
600028
600050
601398
600616
000951
600016
000059
000917
000422
000698
000069
600690
000878
000623
600036
600015
600019
600900
600895
000002
600028
600309
600642
601186
600001
600096
600030
601766
600660
601398
601088
601169
601318
000402
600027
600016
601006
601898
000061
600036
600050
601111
000157
601166
601001
600016
600030
601186
600550
600880
600741
000513
000630
600837
600026
000825
600166
002146
002148
000898
600019
601398
600016
600028
600031
601988
000568
600005
600030
600036
600010
600426
000002
600690
600299
601857
600050
600837
000527
600808
000425
000659
000761
600581
601919
600383
600050
600761
601857
000063
600596
600748
600426
601318
000002
600036
601328
600028
600026
000825
000898
600030
600117
601001
600489
601318
600415
600036
600030
600022
600050
601601
601166
002155
000001
000060
601088
600886
601169
000709
000061
600739
000875
600011
600795
600036
000878
000060
600585
601390
600153
002202
600875
600030
600837
601318
000933
601600
600519
600000
600550
600362
000001
000680
000002
600050
600100
000069
600015
000917
600309
600089
601186
600880
002251
000024
600748
000501
600489
000800
600895
600547
600900
600549
000550
600426
000858
000012
600026
600801
601088
002147
601766
000629
600019
600016
601168
600000
600030
601318
600028
600036
600050
600660
600176
601766
600703
000488
601666
601899
601088
600383
601898
600804
600100
600436
600138
600256
600050
002140
002084
600527
002063
000983
000001
600348
600963
600000
002232
600867
002022
000651
600015
000937
000001
000983
601166
601186
601601
600030
600519
000895
600585
000829
600019
000402
600050
600267
600449
600289
600485
600271
600036
000063
600166
601318
600880
000001
600009
601398
600586
000933
600875
600030
600550
600331
000009
600527
600162
600362
000012
601766
000826
601006
600519
000651
600005
600741
000423
600036
600050
601318
600031
600030
600089
000937
600028
600036
600000
600048
000983
000651
000069
600449
000024
600875
600432
002266
601169
000012
000550
600104
000726
000800
000060
600837
000157
600258
600664
600067
002128
600138
600269
600166
000877
001696
000422
600886
000002
600879
600309
000623
600428
000528
600739
600500
601168
000581
600900
000792
600425
600498
000793
601699
002115
000428
600331
600027
601666
600642
000839
600521
600550
601918
002215
600995
600261
000690
000088
600216
600660
000860
002004
000917
000768
600196
000970
000625
600581
601628
000559
600141
000539
600098
600839
600289
600516
600639
000755
000932
601006
000959
600685
000901
601600
600060
000758
600780
600150
600686
601919
600050
600518
600549
000758
000826
000514
600151
000933
600550
000009
600739
000031
002025
601899
600309
600100
600000
000568
002241
002155
600456
600391
600895
000969
600219
600438
600966
600879
000623
000869
600963
000680
600547
600489
601006
601111
000878
600269
000024
600557
600011
600267
000983
600050
600383
600299
600000
000027
600323
000069
000539
600029
600036
600123
600820
600050
600795
000860
002212
002208
601600
600016
000027
600498
000157
000063
600966
601318
600495
000822
601857
600202
601857
000650
600162
000850
000537
601766
000024
601318
601168
002202
000960
000898
601166
000887
601009
601088
000338
002223
600337
000799
600830
000090
601727
002267
601939
000878
600875
601601
000068
601958
002172
600161
002266
600104
002211
600688
601169
601600
600122
000800
000060
600309
000567
002238
000002
600102
601898
000686
002142
600675
000823
600028
600600
601699
600036
600693
000629
600048
601666
600383
002024
600519
600030
002038
000951
000651
002123
600005
600169
000157
000002
600867
601857
600035
601186
600195
000569
600031
600717
601919
600027
000069
600019
601766
000568
600000
600858
601808
000515
601919
000002
600000
600036
600837
600028
601939
600005
600019
600030
600812
600016
601398
600050
600900
601111
601169
000063
600029
601601
601318
600030
600000
000001
601166
601009
601601
600428
600837
601666
600026
601169
601001
600048
601699
000002
600123
601328
601168
000063
000933
600383
000878
601857
600432
000800
600348
000709
000012
000060
600748
600102
000825
600425
600497
600888
600581
600456
600251
000024
600660
000898
600005
600019
000581
000951
600117
000877
000651
600231
600028
600725
000157
600395
601919
600031
600050
600050
000024
600432
002128
000792
601318
601166
600875
002024
600030
600000
600036
002056
600660
601857
000878
601939
000926
000932
600309
600804
600596
600808
600428
600009
000651
000968
000800
601001
000718
002131
000937
600005
600028
600808
600015
600048
000002
600026
601166
600348
600895
600867
600635
000157
600478
600872
000839
600030
600585
601398
600030
600005
600050
600491
000651
002152
000400
600098
600300
000933
000973
000987
000157
601168
000069
600887
600309
600331
601899
000059
000157
600036
000825
600900
601766
601088
600050
600519
601006
600583
600028
601186
600529
000522
000680
601390
002122
600161
000968
600030
600036
000002
000001
600585
600016
000983
600089
600489
600428
601699
600087
000839
600015
000792
000338
600026
600426
600050
601168
000825
000528
600550
600029
000031
600030
000001
000002
600050
600383
600026
000012
600456
601318
601390
600000
600036
600028
600812
600019
600169
600029
601939
601666
601166
600737
600739
000623
600000
600022
600837
600748
601699
600050
000937
600835
600030
601866
600015
600028
600085
600058
600832
601666
000709
600269
600016
600631
600325
601628
601111
600029
000905
600675
000540
600383
000685
000046
600150
600607
600655
600033
600005
600028
000983
600383
600000
000002
601318
600325
601328
600089
002122
600104
000877
600426
600276
000338
000069
002024
002073
600600
600030
000002
600050
000012
600309
601398
601939
601169
601988
000001
601318
000951
000917
600362
600251
601328
601088
000063
600048
600000
601166
601009
600547
000024
601899
600596
600089
000629
600761
000792
600875
000800
600096
601898
600132
600009
000933
000060
600011
600795
000898
600456
600837
002067
600426
600312
601006
600489
002202
600550
000422
600019
600036
600096
600111
600062
600547
002191
000858
601006
600169
600598
000001
600239
600739
600123
600585
600000
600348
600026
601318
600550
600030
600123
601699
000157
600016
600875
000009
600895
600031
600089
600383
002194
600395
600325
000983
601601
600547
000937
600036
600970
002073
000623
600048
600518
000629
601666
601919
000538
600585
002028
000060
000651
600428
600741
600100
601328
002065
600312
600189
601186
600963
600664
601169
000541
601166
002154
600887
000898
601001
000002
000012
600628
600748
600900
002038
000024
600161
600820
600583
000402
000759
000822
000608
000663
600000
002060
002003
601628
000858
601318
601607
601088
601398
600036
600016
600761
002179
601857
600282
600325
600271
600031
600895
600050
600406
600519
601699
002083
002063
601390
002227
600426
000063
601006
600879
000423
002024
600068
000002
600694
600102
600036
600837
000002
601088
600005
002024
600019
600089
600000
600030
000402
000651
601328
601398
000157
601699
000983
600795
000063
000792
601390
000001
600362
600547
000878
000969
600030
600236
601919
600036
600585
601169
000983
601318
600583
600337
601808
000060
600009
601088
000768
600331
600123
600050
600804
600256
600436
002140
600997
600100
600161
600036
600252
600150
000001
002084
600050
601186
600138
600547
600887
002063
002022
600028
000157
600266
600527
600826
600048
600015
601318
600030
600031
600089
600000
601601
601398
601166
600383
000001
600547
002202
000060
000932
600036
600309
000983
601186
600348
601168
000425
600028
000937
601001
000002
600276
600600
600550
601169
000016
600519
601628
000024
600586
600644
002007
600201
600428
600449
000960
000616
000157
000063
600635
600432
601666
600195
002065
601088
601899
600100
600352
000800
601607
000069
600875
600607
000999
000792
600348
600015
002073
601088
600031
600096
002269
600489
002252
600048
000877
000983
601699
600251
600009
000401
600325
600586
600660
600123
601398
600000
000937
000623
600739
600050
601088
601939
600015
600239
600028
601666
600216
600820
000527
600704
600694
000159
000422
600352
600383
601168
600030
601318
000937
000651
600050
600016
601898
600100
600019
000726
000800
600009
600028
601328
600585
601601
601390
600036
000157
601186
601168
601318
600104
601939
000983
600089
600312
601088
000001
000800
600036
600872
600048
601666
000878
600031
000002
600997
601166
600029
600739
600498
601919
600428
600307
002202
600720
600690
600019
600011
600016
000157
600050
601899
000651
600348
600109
000401
002073
601002
600837
600166
600316
000006
600309
600153
600331
000903
600026
601001
000799
600178
600425
600966
000059
000858
600068
600765
000422
000625
000815
600547
600266
600426
600038
000768
000009
000159
600517
600737
000683
600557
002028
002241
600900
600000
600030
600036
600837
000024
600048
601166
601857
000402
601318
601939
000878
000792
600331
000063
000069
601328
601088
000001
600586
601318
600036
600030
600016
000937
000024
000999
002024
000069
600309
600837
601166
601169
000157
000059
000425
600511
600143
002202
601939
601601
600831
600479
600469
600859
600739
601898
600694
600201
600415
000783
000063
000060
600449
600048
600809
600598
601111
601328
600000
600383
601186
600258
600026
000887
000401
000651
600697
600887
600580
600362
600178
000002
002146
601002
000630
000012
600616
600519
600015
000599
600622
601998
000878
601001
600096
000066
600635
600316
600118
600582
600880
000528
002003
600639
600966
600550
600547
000792
600029
601390
000895
002063
002232
002042
601333
600005
600325
600456
000402
002073
002161
600395
601919
600343
000899
002214
000516
600019
600037
600027
600110
002041
600011
600795
600376
000338
600184
600028
002037
000001
002028
000410
000027
600496
601699
000983
000550
000815
000800
600518
600348
002264
002017
601628
000898
600406
600348
600089
000002
601186
600036
600031
000933
601088
000680
600028
600001
600895
601939
600271
002028
600221
002024
601168
600598
600875
600000
000826
601601
600104
600048
600236
000060
600196
601006
600831
600050
600482
000878
600030
600030
600050
000878
600015
000983
600348
600325
601699
000623
601919
601186
600739
600383
600737
600895
000729
600269
000002
000709
600748
600037
600519
600832
000001
601398
600030
000630
601939
601628
601006
000792
000402
600963
000983
600795
600019
000001
600036
600089
000002
601001
601318
000778
600547
600717
000060
601601
600395
600489
601168
600900
600895
000568
600456
600519
601318
000878
600837
601168
600030
600000
000002
000060
000623
600036
600028
600089
601398
600362
601088
600143
600048
601898
600309
600050
601899
600416
600528
000937
601186
601766
600607
601857
000677
000651
601601
000001
002110
601166
600741
002028
600252
000401
600456
600720
600598
000933
600102
000157
000778
000951
002179
000630
000895
600581
000755
600844
000807
600867
000402
601939
600100
000960
000869
000912
600970
600031
600519
600391
600737
600489
600600
600195
002052
600663
600276
600489
000060
600030
000983
000002
601318
600031
000063
601699
600289
600487
600547
600362
000024
600410
000758
601168
002261
600546
600522
600884
600432
600048
600900
600498
600123
600837
600256
600598
601628
600383
000876
000541
601857
600089
600875
000960
601666
000514
600456
600312
600497
600737
601398
600000
600550
600030
600048
600019
600036
600050
601006
000402
600000
600005
000425
600875
000059
600600
600325
600426
600887
000829
600143
600449
601166
600030
600547
000983
600028
600036
601398
601318
600048
601166
600089
000792
000063
600312
600031
601628
000001
601699
000568
000401
600352
600289
600348
000061
002244
600005
601666
600123
600362
600449
000878
600900
000800
601939
600036
601601
601398
600048
600029
000825
600000
600169
601628
000001
600050
000002
000983
601006
601390
601088
600138
601318
600030
600036
000002
601628
002202
601398
600837
600048
600016
000839
000898
600019
600028
000012
600005
600000
601006
600383
002024
000983
601766
600109
000709
601919
600026
000651
600031
600348
601899
600674
600100
601390
601666
601958
600104
600331
600096
601186
000800
600635
000527
600312
600166
600005
600328
600806
600686
600690
000629
000024
600000
600631
600547
000488
002029
600269
000951
000970
600690
600694
601088
601006
600271
600100
601111
000423
600036
600299
601898
000878
000568
000960
600674
600829
000060
600252
600383
600016
000002
600048
600019
600779
601398
000630
000898
600432
600005
600028
000043
000581
601390
000046
600016
601899
600685
600050
600308
601166
000402
600109
600240
000060
000789
600276
600426
601168
000667
002097
002142
600150
600325
600030
600549
000968
601169
600392
600010
000932
600322
000825
000792
600015
600036
002024
000568
600547
000012
000933
600000
601318
600519
600030
000792
000983
600089
000069
600048
000937
600017
600750
601899
600029
000001
600030
600036
600050
601588
600791
601628
000099
601088
600519
600626
000858
600649
600019
000059
601390
000001
000096
000538
600108
601998
600758
601601
601857
000767
601318
002064
000837
601333
600029
000563
000533
601001
600100
600150
600547
000001
000983
600997
600153
600436
600383
600138
600005
000024
600048
600000
600804
600256
000060
600030
000069
000001
600016
600880
601166
600050
601318
601390
600060
600309
600383
600036
000651
600030
601666
000933
600900
600739
002024
600887
600997
000016
600809
000002
601766
600380
600058
600354
600660
000898
600570
600585
601398
600068
000528
000987
002003
600717
600361
600227
600261
000157
600795
600219
000001
600031
600111
600636
601398
600600
601088
000527
600000
600271
000024
601939
600030
601328
000937
000680
601186
601333
000898
600000
600835
600015
600036
600005
002073
600089
600201
600521
600050
600583
000550
000581
002028
601169
600362
601088
600697
000002
600030
600550
600028
600019
601318
600029
600808
600837
000825
601899
600739
600675
600900
601111
000623
002007
600895
000759
600598
600068
600570
002038
600010
601699
600089
600028
000002
600031
000983
000157
600547
600582
002123
600030
600048
600104
601166
600875
601666
000932
600808
600449
000024
600720
000069
600005
600383
601808
601390
600585
002165
601318
600153
601899
000937
600580
002202
000951
600118
000968
600362
600188
600550
600221
600391
000006
600596
601088
000425
002088
600486
600739
600978
000792
000911
600844
600166
600271
001696
000009
600331
000885
601186
600826
000488
600872
002018
000683
002091
000789
600308
600348
000990
000401
600432
600006
002068
000650
600231
600583
600690
600966
002065
600256
601398
600005
600997
600058
000012
600000
000024
600036
600015
601088
000898
600886
600219
601666
000983
000157
600362
600675
600795
601939
600028
600348
600644
600030
600089
000012
600036
000968
600118
601628
600016
000800
000157
601919
600031
600674
000877
600000
000983
600804
600030
000983
600570
600089
601186
600348
000739
601919
601318
002022
600739
600893
600048
600694
600276
002056
601088
600036
002024
000063
000839
601390
000825
600289
000629
601628
000895
600519
600795
600096
600028
600312
000888
600677
000069
002106
600986
000790
600178
600323
600015
600485
000002
601607
002080
600337
600500
600280
600050
000911
600600
000488
000568
002008
002156
600016
600011
600655
600236
000987
600118
601939
600166
600054
600030
600383
600519
601166
600837
601398
601318
600000
600005
600352
600036
000933
600050
000898
601699
601628
000792
600019
600585
600031
600036
601328
600383
601318
600583
000800
601601
600067
000002
600269
600016
000959
000531
000659
600500
600858
601398
600664
600535
000629
600030
600362
000898
600887
000157
600383
600029
600585
600267
600388
600456
600718
600060
600516
000878
600048
601006
002122
600837
600026
000933
601318
600000
600036
600519
601088
601628
600005
002024
000002
600202
600050
600028
000987
601186
600875
000550
000568
600900
600009
600022
601390
600649
000568
600016
600068
600036
000651
600087
000999
600816
000937
600808
600325
601009
600030
000911
601766
600820
601333
601628
600030
601628
601318
000002
600104
000402
600675
600050
600631
000046
600586
601899
600748
600827
600655
600832
601919
600383
600674
600428
600754
600048
600415
600438
000983
600000
600415
601601
000001
600036
000969
601699
000686
600015
002202
000060
002123
000878
601808
601899
600583
600030
600607
000623
601001
600997
002254
600031
000951
600432
000157
000960
600078
600887
000655
600703
600325
600779
000933
000937
000425
002028
600352
600048
002147
000562
600694
000608
000028
000963
002215
600017
000629
601390
600018
600739
600050
000623
000898
600031
600388
600196
600642
000759
600019
600162
002109
600859
600415
600511
002038
600016
600030
600585
600015
600739
601666
000401
000157
600000
601699
600089
000792
601318
000024
000937
601186
601169
601628
600895
600887
000060
600016
600309
000063
600600
600663
000933
600166
600410
601166
601898
002028
000012
600048
002024
600348
000012
000983
600395
601186
000858
000768
600639
601002
601006
000157
600518
600406
000709
600674
600808
600246
600141
600717
601628
000917
601699
600009
600900
600030
600036
601318
000651
600048
000800
000792
002202
600123
600050
600519
600028
600089
601808
601390
000063
600720
600031
000401
000157
600271
600153
000002
600276
601166
600037
600741
600844
000937
000568
600806
600312
600596
601088
600005
600582
600875
002115
600583
000069
002065
000543
002269
002123
600000
600029
002024
601918
600030
600036
600309
601088
000002
600519
601939
601398
600089
600028
000983
601699
600000
600858
600048
601601
600439
601899
002022
600426
600030
000792
600519
600036
000999
601919
002022
600089
000651
000680
600050
600325
600837
000069
000568
600015
601166
601988
600858
601866
600030
000157
601088
601398
000983
601628
600547
000002
600428
601186
002024
600036
600635
600426
600005
000933
601699
000527
601006
000792
600269
600835
601186
000002
601006
000726
600880
601169
000089
600717
600323
000823
600033
000731
002025
600176
600030
000629
600837
000566
000063
600011
601939
600325
000024
600519
600031
000425
600050
601699
600153
000001
600009
600612
601808
000623
600748
600582
600485
601088
000983
002147
000568
000527
000402
601899
600489
600439
000685
002003
600655
000878
600030
600837
000623
000792
600739
601939
000858
600325
000999
600048
000685
600383
600031
600050
000629
601866
600598
601601
600816
600089
600009
601318
600415
601328
600837
600089
601939
600395
601088
601166
600835
600795
600028
000002
600825
000911
601857
600050
000001
600663
000983
601666
000002
000898
000488
600963
600030
600026
000895
000932
600050
600308
600104
000748
000888
002029
000407
002106
002003
002214
600030
600050
000027
600089
000792
601628
600383
600900
600028
000002
601088
601166
601186
000402
000012
600005
000917
000562
600995
000898
601318
601398
000568
000063
601601
000792
000024
600089
601628
000002
600030
601939
600547
002202
600588
600585
601166
600276
002024
600000
600631
000933
600519
000001
600550
000157
000895
601390
600859
600048
600036
000538
600312
600348
600276
600000
000898
000423
600050
601186
600519
000002
601898
000895
601088
600031
600030
600271
000960
600396
601939
601857
601988
600900
600050
000917
600026
600428
601006
000951
600030
000063
601919
000800
600011
600231
600519
600348
600102
601168
000878
600497
601333
601666
600432
000792
600117
000983
600028
000060
600425
600309
600660
000825
600581
000933
600331
601186
000709
601318
600395
601328
000581
600000
000012
000839
600456
601009
601699
601166
601169
601628
600036
000001
600132
600362
600761
600888
002054
601001
600256
600085
600089
600837
600426
000877
000630
600141
600251
000651
000635
002106
600350
000629
600596
600036
600030
601398
600196
000792
002024
000625
000063
000895
000402
002202
600309
600009
601601
000538
601006
000012
600271
600550
000002
000157
600028
600325
000568
600036
600050
600320
000651
600660
600029
000063
600016
601186
600089
600005
000527
601666
601328
600048
600309
600837
600900
600660
000983
600348
000792
600718
600011
600102
000039
600887
600418
600694
600426
600028
600066
000157
601390
601006
002008
600331
600030
000858
000792
000002
600015
000937
600837
600583
601766
600089
601006
000568
000063
601808
600177
600900
600050
600383
000983
600690
600875
601088
000001
600718
000002
600639
600104
600009
600900
601006
600642
000917
600350
600795
601169
601808
601857
000800
600030
002267
600100
600000
600804
600963
600138
002022
600606
600383
600036
600289
601186
600895
601166
601088
600389
002122
600509
600549
600826
600547
601318
000629
600030
601601
002073
600383
601166
600837
600580
600485
000933
600202
002261
600005
000157
000009
600089
600496
600291
600388
600030
600048
600000
600015
601169
600739
600485
600804
601088
000739
601919
601186
000063
601398
601628
000825
002106
600289
002056
000983
600050
600089
002080
600028
000698
000792
000790
600519
000895
601318
002236
600795
600312
000987
600657
600729
600511
000061
000800
002024
000425
600036
600029
600221
600570
600096
600501
600557
002022
600663
000002
002024
600123
000069
600309
600348
601628
600685
601166
600048
600030
600019
601006
601666
600037
000983
600000
600383
600143
000001
600518
600030
600036
601318
600315
600000
601398
601600
600547
002024
600516
600519
601939
000568
600550
601919
600050
000983
600016
000623
000002
600100
000933
600009
600089
600166
600312
600550
600425
000877
000933
000400
000762
600720
600498
000983
600015
002129
000423
600518
002204
000060
601601
000968
600559
002028
600590
000028
600809
000778
600997
600496
600475
002073
000407
000425
000401
600068
600521
600549
600478
600268
600415
600331
600674
002155
600030
000063
600123
600031
000709
600348
600028
600036
000009
601009
600837
000001
000999
601628
601166
600820
601318
600153
600765
601328
601169
600642
600428
600887
600050
601666
601186
600026
000157
600639
600585
600649
000858
000937
600019
000157
601899
000002
000680
600104
601186
600028
600058
601398
600026
601857
600005
600050
600428
600997
600016
601628
600875
000009
601390
000898
600201
600383
601988
600030
000800
600598
600132
600176
601398
601601
600089
600030
002202
000792
600519
600879
600489
601168
601186
601766
601006
000423
000800
000729
000568
600517
000983
600031
600030
000001
600549
600331
000960
600111
600478
600050
600895
000680
600872
600837
000839
600150
600109
000686
000903
600037
000636
600036
600030
000002
601186
600015
600348
600519
601628
600383
601318
600016
600837
601390
601166
601006
600036
601899
600011
600739
600000
600028
000568
600519
002038
600517
600026
600693
600383
002024
601186
600000
600309
601666
002048
600970
600143
000759
600858
000878
000898
000001
601398
600028
600837
601988
601628
600036
601088
600030
600900
000002
601939
000402
600019
601699
600000
601318
000629
600050
601857
600519
601898
000898
600089
600016
600036
000002
601318
600875
600428
000792
600000
000858
000680
002128
600383
600089
600048
600456
600096
000983
601898
000926
600031
600169
000002
600050
600596
601186
600015
601088
600030
000401
600036
601169
000157
601628
600150
600585
600660
000581
000680
601898
000527
600685
000157
002024
000987
000651
600366
600256
600005
002269
600880
600019
000759
600858
600331
002179
600066
000550
600123
600660
000898
601699
600550
000568
600036
000012
601318
600519
000001
600016
002024
600030
000538
600690
600000
601601
000983
600169
000423
601628
600100
600316
000024
600383
600048
000157
000878
601318
600031
600104
000060
600859
600694
002024
000933
600837
000792
000568
600009
600519
600005
600030
600028
601169
600030
600005
600808
600036
600009
600050
000002
600309
600583
600456
000898
601398
000800
002269
002110
601958
000568
601919
600030
600519
600050
601628
600016
600596
600309
600831
600583
600036
000651
600383
601318
000829
600011
000597
600690
002024
002001
600837
000800
601166
600036
600104
601601
600048
600100
600325
002204
600583
002266
600030
600518
000983
601398
600395
600089
000425
000528
600016
600875
600585
002202
600717
600000
002065
600521
002073
600196
600256
002081
000001
000895
600970
600963
002024
600015
600880
601328
600690
002051
002269
000927
601168
601628
600219
002091
600486
000792
000566
000157
601919
600694
600315
000002
600030
600837
600000
601088
601318
000983
000001
601166
600050
600528
000937
601398
601168
600276
600031
000878
601898
601601
600089
000933
601628
600019
002223
601186
000630
600123
601600
000538
600550
601699
000623
600395
601328
600362
600348
601001
601899
600011
000858
601666
600392
600586
600997
600600
600549
000012
600188
000060
600268
002038
601919
000024
000009
600151
000031
600598
600170
002238
600383
000800
000338
600331
600585
000652
600236
000400
000401
600161
600863
600867
600143
600475
600694
600635
000951
600018
000960
601988
600005
600639
000758
600027
601958
000826
600664
601766
000728
600221
000407
000686
000839
000690
601390
600517
000059
600185
600036
600048
000651
600066
600312
600320
600166
600380
600321
600547
600582
600803
600795
600675
600104
601872
600346
600804
600432
600900
600880
600039
600029
600396
600649
600875
000527
600741
600895
000948
600120
000157
000069
002015
002267
000969
000911
600405
600316
600068
600059
600050
600089
600900
600030
000402
000858
600963
601009
600000
600406
600019
600511
600100
600016
600010
600383
600176
000028
600048
600028
600166
600859
601088
601398
600030
000001
600309
000983
000792
600036
600649
002024
601318
600028
600900
600428
600426
600737
600016
600000
600271
600887
600026
601601
600169
600000
000651
601988
000527
600383
600649
600015
002024
601398
601088
600664
600048
600050
601169
600036
600216
600271
000690
600309
000623
600628
000157
600639
600052
601601
600824
000001
600449
600895
000024
000568
000898
000718
002022
600016
600060
600030
000629
600089
600837
000983
600036
600050
601766
000061
600410
000792
600795
600690
600875
601088
600550
601166
000002
600739
600486
600030
600320
601628
600348
601328
600015
000709
600050
000792
600048
600028
000983
000024
000060
000002
000001
601166
002056
600096
601857
000858
000898
000878
600000
601111
601318
002106
600489
601398
000960
600428
600019
000726
600117
600016
600089
002024
601328
601186
601939
600036
600583
600837
601318
000002
600000
600030
601390
000157
601898
000983
000402
600016
000001
601666
601168
000528
600031
000002
600048
000021
601939
600550
600383
600755
000024
600533
601998
600036
600683
000001
601111
600030
600432
601166
600724
600386
000562
600900
600036
601006
600009
601318
600583
600118
601390
601628
600795
600195
000024
600332
600519
600588
600015
601808
000895
600547
000858
600030
600837
000623
000792
600739
601939
000858
000999
600048
600325
600585
600050
000157
000629
600031
601866
600816
600809
000895
601628
000937
600031
600015
600089
601166
000768
601318
601398
000001
600309
601601
600048
601168
000063
600348
002202
601607
600383
601088
000932
002091
600550
600195
601186
601628
601899
600089
002202
601166
601919
601607
600030
600000
600036
601186
600880
600015
600585
600100
000528
600635
601328
000651
000895
600050
600808
000401
600550
600895
601398
600030
601766
601939
600050
600875
000063
601628
000983
601088
600583
601186
600089
002092
600748
600820
000568
000060
600596
600026
601111
600036
600251
600000
000002
600030
000709
601318
600581
600739
000623
600550
600178
600478
000898
000800
000024
000069
600005
600125
600879
601398
600028
600050
600607
600690
600348
600900
601318
601006
000027
600307
000683
600016
600267
600748
600717
600037
600117
600664
600266
600456
601958
600010
601899
000898
600269
600406
600000
601398
000983
000629
000683
600395
600741
601601
600900
601857
600963
600030
600048
600016
600089
000895
000768
601318
600006
000623
600050
600271
000635
000059
601808
600118
601088
601919
000767
000878
600549
600550
600895
601939
600546
000027
601588
600519
600329
600111
600739
000983
600030
600000
600519
601318
600348
600005
600048
600900
601166
600395
601939
601601
601808
600089
600026
002244
600500
600050
600028
600837
600196
600325
600096
601186
600449
600100
000028
601600
600549
000400
600266
600880
000059
600111
000157
000839
600208
600488
000893
000965
002041
600089
000795
600468
600016
600840
600236
600030
601898
600221
600880
600649
000410
000932
600837
601168
600835
600028
600052
600036
600125
000031
600050
600741
601186
600109
601857
600031
600795
000063
000012
000860
000793
600037
600289
000566
600219
600581
601766
601318
000839
600583
600428
600664
600388
600415
601006
600600
000698
601919
600038
000960
600325
600589
601988
600535
600111
000338
002152
600110
000820
600516
601601
000933
601009
600138
000897
600068
002006
601398
000623
600482
600027
600805
600785
600088
601808
600900
600895
000861
600239
600019
601333
601939
600030
601699
601166
601318
600031
600104
601899
600016
000063
000001
600519
000157
600362
600036
002202
600050
600331
601601
601111
600720
000960
600837
000002
601666
000401
000538
002024
000800
600153
600089
601390
601808
000069
000425
600325
600583
000651
601857
600048
002007
600478
600739
000012
000338
000792
000402
600037
600000
601318
600036
601398
600859
000024
600016
000568
600519
601601
601607
601899
000858
600348
601166
601699
000983
600804
600030
601919
601186
000825
600050
000739
601939
600089
000792
601398
002109
600195
600641
601088
600598
600009
600519
600607
000895
600406
000002
600089
600036
600428
600030
000651
600153
600525
600325
002024
000159
600739
600015
600837
601088
600886
601601
601006
000528
600016
600000
000933
600795
600585
600031
601318
002092
002254
000983
000157
600686
600383
002223
600348
601699
002028
600995
000402
600439
600048
002056
000338
600005
600582
600219
600717
600963
601699
600428
000069
600694
600718
000039
600426
601088
600271
600418
000060
600050
600887
000983
600456
600011
600320
000002
600036
600326
601088
000069
000816
600475
000937
000755
600050
600030
000630
601628
600516
600063
002028
600037
000917
600622
601766
000937
601318
600547
600000
600030
600015
600031
601899
000800
601166
601628
600048
000002
600586
000024
600348
601398
601168
600005
000969
600100
000001
600415
600550
600036
000630
600028
600649
000898
000816
600309
000878
000425
000839
600089
600675
600352
600383
600325
600239
600195
600432
600631
600449
000680
000006
600312
601169
000858
601001
601857
600644
601866
600202
600458
601666
600166
600388
000707
600276
600635
601186
600887
002202
600816
600875
601601
000527
000623
600694
601766
601006
600030
600963
600195
601939
600004
600036
000002
601857
000568
601601
600688
600308
601088
600582
600066
600439
600026
000690
600009
600550
601318
600030
600036
600583
600000
000983
000792
000623
002024
600739
600519
601166
601628
600276
600900
000422
600251
600837
600123
000538
600030
601186
601398
000768
000860
600009
601088
600028
600050
600005
600456
000786
600089
600631
000651
600036
601699
002024
002187
601766
600585
601390
600036
600153
600875
000878
002202
000060
600030
600837
601600
000933
601318
600880
600519
600015
002251
600550
000680
600309
000501
000917
000550
000069
600089
600100
600895
600000
601166
600748
000001
000800
000024
600489
601186
600547
000858
600900
000012
600426
600276
000002
600026
600549
601009
600449
600550
002202
600036
600030
000895
600517
002008
600202
601186
600016
601857
002122
600557
601628
600028
000826
600590
000021
600644
600048
000973
600395
600739
601318
600050
601601
000001
000629
600895
000683
000917
600005
600030
000828
000059
601009
000862
600028
601939
000402
000630
600690
600196
000698
600300
600635
000762
000002
600195
000651
600816
600068
601918
000898
002244
600015
000063
600880
600426
600016
600607
600097
601166
000877
000636
000785
600884
601919
000912
600231
601958
600383
600271
000060
600741
600519
600516
600549
600037
600256
000962
600456
600879
600089
600192
000100
000418
600423
000839
600251
600348
000400
600859
600125
000897
000758
000860
600100
000069
600415
600267
601333
600329
002258
600547
600309
600425
000568
600963
002048
600598
600064
002121
600036
600030
600016
600690
600550
600089
601318
600859
600271
000937
600050
000021
600660
600256
600694
601939
000024
601601
600449
000877
600028
600391
000002
600425
600812
600015
600528
601166
601666
600383
000983
600050
600309
000402
000063
600005
600276
601186
600030
600511
601390
601899
600426
600875
601088
601699
000002
600598
000001
600062
600030
600000
601318
000983
600031
000002
000001
601398
002024
600028
600348
601628
601006
600036
600016
600547
601186
000069
600519
000527
600887
601601
000568
002232
600997
600804
600100
600836
600256
600299
600612
600153
601001
600655
600252
600527
600900
600754
600663
600644
600366
600436
600826
600036
600000
600030
600383
000024
600837
601318
000002
600795
002024
600005
000063
600048
600019
000402
600050
000001
601168
601006
600350
600325
000717
600030
600050
600616
000858
601186
600867
600100
600177
601919
000422
000562
600808
600096
600685
600900
000895
600859
600195
600016
601111
600089
002024
601328
601186
600036
601939
600837
600583
601318
600000
600030
000002
601390
000157
601898
000983
000402
000001
600016
601168
000528
600031
601666
601318
000001
000839
600383
600030
600331
600036
600000
000878
600739
000800
000002
601166
600048
600104
000651
600050
600058
600837
000983
000024
600060
600900
601628
600118
000016
600016
600547
601666
002024
600362
600428
000069
600456
600519
600737
000933
600812
600880
601899
600694
601919
600166
600196
600585
600748
600029
601006
000402
000401
601958
600690
000063
002261
000422
601699
601808
600816
000623
600303
000031
600557
600570
600005
600516
600067
000063
600202
601328
600360
600406
000589
601919
600674
600875
601166
601628
601318
600037
002048
601988
000599
000839
600000
600123
600837
000839
601398
000002
601006
000024
000001
000063
600268
600348
600312
601939
600028
600201
601766
601186
002024
601001
600060
002024
000792
600271
601006
600036
600050
601628
601398
600585
600066
600761
600456
600019
000063
601939
002177
600096
000709
600596
600005
000795
600208
600468
000893
000839
000965
600488
000410
000875
600644
002041
600840
000548
600880
601666
000933
000939
600741
000917
601808
600221
601699
600125
600662
601898
600635
000616
600649
601333
600863
600239
600535
600236
600333
600106
600058
000793
000698
600050
000623
000820
000690
601168
600028
000897
600030
601318
600050
600383
600489
000002
600000
600143
600048
600547
600036
600519
601919
601628
601169
600879
000792
600096
600027
601166
600100
601001
600383
601607
000069
600019
600252
600748
600299
600997
600268
000960
000560
000800
600031
600436
000400
600256
600132
600550
600000
600036
600276
000001
601318
600062
002202
600478
601939
600030
600005
601628
600583
000002
601328
601899
000792
600547
600267
000898
600029
601186
000839
600050
002001
000762
600089
600036
601088
002202
600739
000001
000568
600309
601006
601766
601398
601186
601666
600596
000623
600216
600585
000951
600664
600881
601857
600000
002024
601939
000001
000762
600005
600872
000401
600177
600660
000685
600050
600239
000679
600642
600031
600028
600351
000568
000024
000792
000933
000895
600383
000597
600030
002122
000825
002038
000069
600812
601666
600050
000002
600312
000937
600195
601939
600271
600030
600005
600050
600016
601390
002202
600036
600007
601186
600415
600845
600529
601009
000063
000597
600351
600000
601601
600439
601328
002024
601318
600588
002088
600900
000869
601088
600970
002001
600528
600030
600028
600015
601169
600050
000562
600518
000968
600016
000009
600519
601009
600348
600089
600655
000858
600720
000935
000792
000568
600031
000800
600881
600298
600266
000937
002192
002228
600991
600835
000550
600642
601001
600000
000629
600383
601666
600036
601318
600005
601001
600030
000983
600348
600586
000839
601699
600019
600123
600016
000002
601628
601919
600519
000792
601009
000858
601186
000402
000063
000527
600030
600068
601006
600837
600325
601168
600583
600739
000425
600050
601766
000568
000001
600030
600596
601166
000792
600519
000983
000423
000024
600036
600019
000937
600276
600479
002155
000002
600755
601328
600739
601601
600030
601318
000002
600028
600000
600808
600005
601919
600036
000001
600837
601186
600586
601166
600089
601088
600383
600048
601601
000709
600739
000825
000063
600016
002024
600029
000402
000898
600331
600966
000933
601166
601318
000002
600000
600030
600050
000024
000800
000157
601919
601398
600036
600028
601666
600015
601328
600550
600068
000898
601168
000425
600048
002202
600029
000858
000878
600585
600482
002122
000822
000927
000933
000528
600312
000488
601628
600607
600005
600423
000619
000969
000683
600383
601186
600143
000001
600282
600100
601607
600887
000983
600523
600511
600880
600801
000768
600038
600693
002204
000912
002080
002147
601166
600309
601398
600050
000401
000898
600801
000709
600009
600585
000001
600005
600016
600867
600037
000651
600004
600019
600660
600000
000629
601939
601766
600028
600350
600036
601988
600585
601169
601899
600547
000024
000012
000983
000001
000042
000792
600269
601088
000401
600000
601398
600837
601628
600028
000002
601318
600036
600019
000402
600089
000629
600585
601088
000729
600005
000651
600519
601166
601857
600036
000001
600030
601006
601318
601628
600489
600519
600000
600050
600900
600028
600009
000002
601857
600089
000538
601088
601808
600837
601899
600717
600543
000568
600202
601398
000912
601186
002055
600808
600557
000581
000014
600729
600900
600239
600995
600005
000858
000155
000786
600050
600475
000001
601601
600223
600028
601166
600582
600586
002024
600820
600030
000530
601168
600284
601398
600499
600561
600000
002017
600001
600089
600525
000425
600036
601186
000063
600519
600030
601699
600089
000983
600997
601919
600547
000792
600050
601328
601857
600585
000898
002008
600026
600036
600739
002024
600015
601006
600029
000568
601866
601318
600519
000651
600415
000690
600697
601601
000800
601628
600030
601169
000987
600026
601111
600785
600362
600361
600795
000543
601699
600153
000869
000425
600327
600309
600428
600269
600048
600498
002115
601166
002038
600557
600720
000848
600837
600016
600101
600741
000825
600432
600000
600104
000024
601666
601808
000759
600897
601333
601390
600425
000911
000600
601919
600858
601088
601166
600030
000002
600048
601186
000402
600859
000718
600348
000761
000792
600307
601601
002133
600188
600795
600581
600000
600015
600598
600674
600900
002202
600816
600050
600582
600517
000400
600109
600649
600111
600528
600236
600312
600831
600406
000623
002039
000425
600252
000009
600031
600030
600050
600872
000823
600312
601766
600016
601186
601166
000060
600058
601857
600048
601939
600418
601919
000002
600170
601333
600895
600379
000792
600299
601088
601600
601169
002024
600973
600028
600586
000543
601318
600268
600739
600585
000898
600236
600737
600177
000024
000911
600348
000063
600000
600415
000625
000338
002215
600331
600748
600639
601601
002214
000159
002243
600583
600820
600547
600519
600535
600030
000402
601166
600016
000002
600859
601666
601168
000761
000063
600693
600795
000759
000651
000527
000338
000792
600048
600188
600280
600997
600036
601088
600015
601939
601166
000898
002024
600030
600005
600900
000651
600026
600383
000157
601601
000001
600269
600550
002007
600000
600837
601919
000839
002179
600030
002152
000709
601169
600675
600517
000024
601318
600089
601939
002147
600001
600190
600000
600038
600867
000758
000006
600893
000623
002083
600428
000965
000568
000009
600663
002151
600028
600068
000816
600832
600837
000671
600900
000999
002244
000063
600879
600050
600118
600015
600482
600685
000402
002024
000718
600582
600048
000027
600383
600519
600606
600315
002267
601766
600585
002207
600271
600550
000550
002123
600059
000521
600639
600588
600021
600316
600357
600549
600126
002032
600036
600017
000001
600060
600880
601166
601318
600585
600887
600050
000016
600030
600016
600000
601666
601766
600809
000933
600036
601390
000651
600997
600068
002024
000898
600380
000932
600031
601001
600383
600028
600153
600971
000418
600570
600739
600354
601699
600519
601009
600015
601398
600449
600812
000792
000157
600410
002037
000002
000028
600048
000012
600005
600266
600875
000858
000983
600826
000877
601899
000937
600058
601006
601186
600985
600423
000968
000401
600642
600030
600739
600837
600143
601857
601166
601699
000825
600028
000001
600005
600000
600325
601009
000937
601398
600048
600231
601919
600031
600117
601939
000002
002133
000566
000501
600963
000983
600395
000933
600348
000599
600589
600558
600052
600830
601318
600153
600516
600858
600636
000589
600089
000860
000949
600428
002202
601169
000419
600741
600196
600971
601006
600555
000629
000739
000157
000059
000012
000612
000683
600269
600068
600896
600816
000338
600808
600351
600331
601766
600517
600467
000060
002109
600001
000422
000525
002187
600651
000800
600375
600016
600881
002191
601390
600015
002003
600256
600872
000016
600067
600145
002038
002046
002122
002183
002233
600050
002244
600087
002011
600060
000876
002068
600983
000584
000951
000568
600720
600795
600583
600585
000987
002024
600439
600162
000727
000667
600848
002152
000709
601958
000415
600590
000715
600707
000595
000919
600742
601186
000616
002028
600367
600069
000671
601328
000911
600804
600036
000830
600415
600802
000792
000960
002147
600966
002088
000024
000522
000990
600886
000812
000006
002204
002129
600188
601008
600859
000602
600750
601808
000726
600487
000823
002110
600004
600029
000789
600027
600694
600062
000417
600063
002083
000887
600466
000690
600737
601628
600036
600048
000568
000651
600519
000157
000898
000001
600000
600030
600031
000792
000002
600546
000759
000527
601601
601318
600029
000629
000630
601168
600030
600036
601318
600550
600426
002007
600547
601088
600016
600309
002024
600406
600331
600586
000002
000009
600000
000718
000012
601666
600518
601001
600141
002109
000983
600497
600005
601699
601628
601166
002202
601898
600881
601186
000919
000157
600089
000997
600641
600196
600717
000839
600123
000522
000046
600549
600475
600787
600973
600770
600348
600983
000601
600456
600660
600895
000762
600267
000006
601857
000527
000878
600739
000422
600496
600875
600581
600316
600893
000960
000530
000932
600703
600432
600271
601899
000777
600048
600258
600500
600019
600266
600664
002091
000708
600388
000402
600321
000876
600295
000898
000002
000630
000937
600348
601168
600005
600547
600649
000024
600383
002202
600307
601088
600102
600231
600675
600395
600586
000677
600550
600547
601001
600997
600100
600150
600804
600266
600036
600019
600138
600000
000001
000060
600256
000623
600596
600415
600316
600231
002024
600000
601111
600966
000407
000001
600104
000401
600031
002152
600741
600331
000800
600029
600720
601168
600153
600426
002202
600307
600837
600178
600348
600383
000024
600997
600016
600583
600309
601899
600581
002132
600518
600479
600111
600425
600674
601169
600141
000937
600376
600306
000878
002146
600062
600693
000568
000903
600801
002078
601328
600428
000968
601699
000060
600100
600739
000951
601318
002025
600036
600195
000612
002191
600416
000625
000042
600582
002038
600875
600082
601002
600795
600028
600635
600068
000899
000006
600636
600075
601919
601958
000043
002244
000799
600068
600015
600748
601328
600016
000001
600036
601166
601666
601390
600309
000951
600000
600585
600153
600266
601919
600026
600030
600489
600547
601628
600089
600886
600598
600694
600432
600362
600837
601601
000869
601186
600276
601600
000001
600030
600000
600837
600050
000002
601898
601857
600036
000878
600166
000983
600872
000060
000009
000839
600478
600550
600884
600549
600050
600284
600000
002202
000014
600729
000063
000027
000651
600585
600519
000568
000786
600036
600048
000002
600016
600030
601628
601088
600030
000060
000002
600050
600837
600028
600231
601318
601390
600036
000680
600585
000983
000839
000001
000009
600031
600895
000898
000652
600100
601939
600872
000069
601766
000401
600635
000400
600316
000566
600111
000962
000878
600166
000897
600005
601958
000937
000568
000422
600642
600048
600000
600141
600685
000960
000807
000783
002183
000825
600150
601006
600795
601009
601186
600739
000800
601088
600019
000917
600161
601857
600631
600600
600196
600030
000002
600050
601088
002001
601628
600019
601390
601186
601318
600550
600426
601899
600005
000402
600383
000063
600598
600739
600518
002001
000877
600354
600456
600005
000970
000060
000418
000001
002003
600303
600266
600569
600383
600380
000792
600519
600550
002024
600736
601918
600016
600036
000597
601166
600030
601808
600208
600050
601766
000002
000024
600812
002244
002065
600808
600000
600693
000933
601006
000402
601169
601866
600005
000709
600115
600028
600001
600736
600153
601318
000839
601088
600649
600683
600030
600089
000425
600031
000983
000858
002202
601328
600036
600395
600519
600585
000063
601166
601318
000002
601628
600216
600547
601699
000895
600518
601088
000069
600517
600900
600582
600005
002007
600348
601857
601939
601166
600050
600000
601186
601088
000002
000024
600030
601318
600036
600895
600031
601600
601333
600312
000009
600058
000800
600177
000887
000159
600583
000858
000898
601390
600795
601766
600489
600019
600586
601398
600887
600547
600104
601006
000063
601699
600028
000898
600000
000960
600585
600875
601899
600309
000686
000527
601766
000800
600970
600048
600028
600005
601186
601939
601628
600030
601006
000568
000063
600383
000983
000002
600001
600150
601166
000651
600089
000001
600900
600000
601166
600036
000568
601186
600309
601939
600519
600547
601398
000069
601628
000001
600028
002001
601766
000527
000792
000858
000002
000157
600596
600489
600031
600030
601390
000012
600048
600005
600748
600153
000338
601318
601169
600060
600895
600216
002029
600690
600016
000581
000002
600487
600036
600030
000876
600693
600861
600019
000629
000538
600221
601939
000623
601166
000709
601006
600185
601919
000729
600770
000679
002109
600001
000525
600000
600284
600518
601328
000951
600269
000501
600859
600887
601898
000932
600005
002269
600597
000402
601766
600583
600622
600048
600386
600569
600498
000014
002073
600037
600016
601169
600418
002250
600029
600456
600190
600426
600423
601088
002052
600900
600858
600150
600595
600729
600062
000759
600380
000652
600787
601628
600631
600196
600588
000636
601390
600208
600048
600872
600030
000002
601088
601318
600016
002005
000001
600519
600997
600499
000402
600079
600586
600875
600887
600816
600489
600036
000157
000829
600123
002073
600518
600969
600000
601628
601601
601166
000537
000983
600416
601001
000024
600415
600376
601699
002202
000825
002123
000059
000969
000012
000792
600195
600694
600089
600509
600383
002191
600251
601009
000937
600031
000599
000501
600348
000990
000762
601766
600426
600543
600880
600649
600550
601169
600739
600028
000538
002163
600239
600176
600590
002024
000069
002206
600159
000559
000959
600615
600585
600096
600100
600482
600161
600787
600809
600546
600201
600867
600785
002078
600005
600810
600760
600720
000611
600900
600435
000661
000623
600490
600612
600276
000651
000936
600246
600111
000715
000540
600153
000768
600729
601003
000009
600258
600104
000400
000600
600196
600475
600828
600339
600741
600386
600470
600704
600791
002063
600616
000799
600109
000063
000952
600281
600638
000793
000060
000903
000926
600320
600966
600503
600015
002146
000901
600547
600697
000760
600857
600048
000012
000069
600019
601318
600737
600395
600000
600642
002078
601088
600309
601808
600036
600030
600050
600551
000932
600664
600350
600030
601699
601666
600089
000002
601111
600739
000063
601601
600031
600036
000157
600048
000800
000983
600104
600050
002024
600547
000792
600519
601390
601808
600808
000060
601006
600153
600583
601628
601318
600015
000001
601186
600362
601766
600271
600029
600309
000338
600550
000401
600391
000543
600348
600005
600449
601866
000932
002018
000898
000807
600143
600872
601919
600415
000069
000024
000651
600428
000878
600030
600015
601699
000983
600348
600123
600019
600036
601666
000937
000002
000060
600016
601166
601766
601001
601318
601168
600395
000629
600362
600588
600583
000024
000630
600428
000825
601328
000001
600519
000932
600837
601601
600895
000792
601088
600963
600675
000629
000024
000709
600812
600016
600036
601186
601088
002038
600028
002065
600518
600325
600005
000002
600519
600050
600489
600383
601166
600036
600030
600048
600000
000800
000401
600050
601186
000932
601318
601666
601006
600089
600547
000024
601390
601628
000422
600348
600005
000898
600900
600550
600019
600028
600000
600030
600036
600550
002056
600348
601318
600837
600050
601601
600331
000901
600111
002099
600255
600900
600875
000562
600754
600748
600316
601169
600150
601166
002091
600611
600489
000016
600643
600378
601666
000024
600048
601005
600547
600011
601766
600575
601398
000046
000911
600508
000985
000069
000792
600432
600362
601899
601333
601998
002267
000983
601186
600117
601628
000728
600832
600872
601001
000712
600309
600675
000568
000686
000009
000858
600893
601088
600690
002202
600583
002261
600739
600621
000617
000697
600795
600663
000877
600779
000709
600655
000563
600325
000973
000001
601919
601601
601628
601666
000012
600519
000568
600030
000423
002244
600016
600550
000990
000063
600050
601318
600690
002024
600028
601398
601857
000002
000501
600511
002024
600036
600016
600439
600315
600028
000895
002007
600030
000069
600491
600887
601601
000028
601918
002202
601766
000002
600005
600900
600383
600331
600100
600036
600519
600050
600048
600309
000538
600586
600030
600000
601318
000157
000878
601699
000024
601601
600997
000983
600348
000968
000001
600432
600887
000960
000937
600030
601318
600036
600395
600048
600331
002202
600550
600111
601001
000983
000024
601899
600028
601939
000623
000001
600276
600348
002024
600009
600050
000898
600089
000157
000792
600031
000926
601166
600030
600271
601318
000012
000063
600050
600596
600519
002028
000024
600585
000061
600031
600320
000002
000402
600000
002007
002024
600027
002242
600009
600415
600028
600011
600030
600050
600837
000063
600547
600739
601939
600031
600748
000568
600489
600519
600011
601088
600325
601808
000566
600655
600598
601390
600755
600675
600036
601398
600026
000792
000623
600307
000400
600663
601166
600030
601006
600897
000001
600028
600586
600050
601168
600100
600036
600227
600048
600688
600166
601318
600820
600031
000002
600550
601088
600036
601899
600489
600030
601318
601166
600048
000933
600585
600016
600717
600000
600150
600019
601088
000792
600432
000969
600169
600031
600050
600456
000917
601666
600428
601939
601988
000002
002008
600036
000823
000858
000402
000069
000527
000686
600631
600048
601088
600664
600030
601601
600016
600048
601328
000024
601166
600028
600015
600050
002202
002007
600616
600161
600635
600895
000933
601186
002088
601390
600740
600143
601919
000402
600808
000060
601318
600406
000002
000778
000709
601988
600376
600000
600581
601398
600649
600582
600886
000826
601088
601111
002266
600219
601006
600531
600036
600031
601318
600089
600739
600519
600585
000792
600030
600895
600808
600970
600583
600309
002032
600005
601186
601328
000651
000063
000623
002024
601939
002202
600016
600415
600276
600026
600111
000002
600522
601169
000157
601166
000538
600048
000425
601088
600720
600886
000888
002106
600600
