7174
000002
600030
600028
600583
600143
000039
000825
000157
600005
000792
600685
600019
600299
000898
000410
600320
600000
600585
600383
600690
600519
600009
600048
002037
600206
000528
000625
600428
000024
600456
600675
600467
000063
000966
002122
000402
600123
600036
600489
600750
000821
601166
000807
600331
600660
600096
600717
601001
600037
600997
600472
601666
600547
600352
600495
600022
600104
000612
601628
000338
601318
000401
600067
000709
600761
600780
601006
600879
000060
600529
600875
600309
601111
600582
601398
600031
000419
000069
000878
600887
600150
600386
000983
600509
000616
600991
600015
601333
000560
600036
601398
600016
000002
600005
600000
600549
002024
000792
600383
600028
600009
600585
600694
601988
600588
600519
000024
600596
600309
600036
000002
600111
600030
600028
002082
600482
000401
600016
000951
000515
601006
000024
002056
000858
600005
600050
600737
002018
600519
600501
600230
600717
601628
600859
000157
600058
600308
600007
600879
600449
600087
600019
600740
000825
600031
600900
000617
000792
000021
000012
000063
000690
600997
600596
000528
000717
600367
600470
000538
600886
600317
600357
000039
600677
600132
600383
600037
600183
600548
600027
000917
002102
000539
600966
600583
000069
600547
000762
600831
000022
002073
000568
600584
600036
000002
600383
000012
600895
000759
600028
600033
600195
000822
600030
600031
600000
000709
600533
600350
002024
600596
600761
600361
600028
000895
002108
000151
600782
000716
000567
002097
600461
600547
002052
002121
600029
000024
600736
600976
600206
600233
600325
600750
600348
600016
600005
000027
000402
600028
601600
600748
600019
000895
600739
600383
600432
000002
600183
600037
000898
600527
000550
600033
601398
601998
600348
601328
002134
002135
002136
002137
002138
600050
600036
600900
601398
000828
000568
600317
601628
000930
002024
600016
600210
600409
000848
600074
000024
600019
600973
600519
000002
600547
000061
600748
000629
600780
600694
600601
600309
600583
600829
600189
600651
600880
000983
001696
600015
600600
600628
600642
600161
000951
000997
600786
600000
000869
000069
600276
600693
600439
600030
600028
000002
600019
600036
600016
000063
600000
601006
000858
000800
000933
600005
600009
600096
600628
600050
600519
600900
600717
002024
600299
000825
600111
600177
600100
600104
600428
000758
600583
000528
000402
600219
600887
600570
601398
600396
600325
600809
600309
600031
000039
600037
000568
601628
000623
000538
600271
600320
600489
000625
600832
600456
600303
600361
002008
600761
000792
600585
601001
600415
000869
000657
600694
600027
600973
600867
600028
600192
000527
600900
600118
000858
600111
600162
600790
600596
600630
000759
600016
600636
600469
600009
600114
002031
000970
000876
600380
600240
000619
600348
000751
600327
600432
600655
000792
600694
600597
600072
000400
600198
600416
600360
600748
000839
000785
600320
600169
000793
002021
600690
000625
000012
000988
000768
000598
600005
600586
002037
600238
600978
001696
000822
000828
000663
601398
600005
600685
600900
600879
600016
000568
601006
000612
600019
000726
000793
000157
000001
600583
601111
000999
600886
601600
000063
600005
600019
000002
600036
600519
600739
600030
600900
600325
600016
600037
000623
601398
000069
000839
600028
600795
000898
600236
002024
601006
601600
600808
600500
600428
000021
601333
600000
600415
600036
600016
600000
601318
000001
600019
600015
000039
601166
000898
600997
600195
600005
002024
000792
000937
000002
000623
600050
000063
600717
600166
600360
600383
600030
600583
000933
000088
600177
600028
000952
000422
600236
600739
000402
600519
600780
000807
000616
600348
000951
000060
000651
600123
000858
600785
000709
002038
000157
600037
000612
000878
600022
600282
000089
600118
600307
600331
600075
600887
600663
600685
000825
600675
600309
000400
000006
600438
600150
600963
000927
600201
600143
600469
600017
600971
600054
600007
000707
600299
600639
600642
000528
600096
000932
600595
600012
000869
600459
600590
600129
600834
000755
600351
000850
600206
000410
600269
000761
000619
601001
600262
600067
002106
002022
000900
600266
601699
600161
000042
600831
000024
600810
600325
000708
000983
600867
000919
600748
000717
000401
000939
000963
600033
600098
600900
000630
000562
002010
600026
002080
600122
601872
601006
000960
000625
600418
002065
600828
000062
600160
000636
600786
600456
002045
601988
600489
600481
600028
601628
600016
000858
600111
600009
600192
600900
600320
600636
600019
600380
600607
600030
600432
000792
600007
000768
000970
600886
000898
600019
600028
600348
600795
600694
600036
000069
000983
600269
600016
000002
600675
600009
600596
600037
600350
000792
600123
000063
600649
600361
000089
000619
600005
600900
600472
600511
600660
600012
000039
600561
600166
600016
000002
600036
600030
600015
600000
002024
600808
600739
600005
600031
600143
000629
600519
600585
600009
000623
000858
600649
600008
600177
600331
600383
600196
600309
600269
600685
600895
600740
000001
600072
600531
000537
000758
600675
600408
000878
601628
600123
600642
600963
600428
600028
600717
600688
600050
600704
000919
000060
000839
000898
600884
600067
000869
600362
000876
002041
000698
600863
000927
000031
000069
600352
600900
600348
600755
600107
600795
000748
600219
600518
600236
000568
600001
000401
000562
600978
000829
600104
600019
600390
000731
600415
000598
000960
000522
600004
000009
600598
600488
000006
000510
600694
600166
600357
600832
601398
000951
600960
000680
600677
000428
000063
600859
600087
000983
000024
000625
600583
000157
600874
600176
000900
600660
600161
600663
000539
600271
600621
600109
600210
600115
600497
600867
600037
601318
000612
600066
000959
600809
000976
600500
600887
601111
000933
000755
600217
600432
600064
600470
600230
600594
600100
600600
002071
600299
600563
600312
600546
601166
600549
600547
600048
002098
600416
600085
000807
600033
600030
600016
000002
600028
000898
000825
600036
000568
600859
601006
000012
000951
002024
000625
000039
000410
600111
600000
600361
600019
000869
600900
600050
000402
600037
600519
000024
600059
600795
600161
600036
600011
000858
600829
000898
000661
600009
000793
600016
600350
600050
600012
600761
600717
600886
600030
000002
601166
000027
600138
600690
000516
600026
600875
600028
600754
601628
000539
000061
000616
600616
600500
601398
600030
601988
600050
600019
000002
000898
600005
000825
600519
000793
002024
000778
600717
600549
600583
000869
601919
000039
600316
000031
600030
600688
600875
600036
000651
600230
000338
000777
000541
600748
600000
600549
600320
600005
600861
600208
600887
600370
600675
600030
000002
000718
000568
600036
600739
000001
600169
000031
600600
600895
600161
002038
601006
000839
000917
600416
600458
000858
600535
600528
600315
601628
600519
600750
600859
600269
600028
600331
600000
002018
600489
600350
600962
600029
600383
600115
000522
600320
600048
600596
600675
600887
000425
000657
000793
600312
600270
000046
000807
000063
600601
002046
600521
601002
600476
600828
000933
000758
600266
600809
600016
000429
000537
600780
000920
000024
601111
000922
600391
000793
000825
600036
600550
600016
601628
600028
600309
600886
600718
601006
000625
600797
600009
600519
600717
601398
600030
600583
600383
000527
000501
600195
600641
600240
002028
600036
600016
600028
600030
000039
000402
000898
601600
000983
600309
600895
000858
600150
600415
000792
600000
600005
600009
000709
601318
000970
601628
000069
000157
600717
600423
000002
000024
600269
600677
600456
600096
600153
600500
000063
600519
600312
600331
601006
600877
600100
600886
601699
000568
600900
600660
600835
601166
600350
600408
002078
002069
600616
600048
000823
000001
600011
600410
000807
000937
600970
600879
002106
000088
600050
600694
600511
000811
002032
600426
002008
600219
000559
600479
000759
000410
000790
600859
002028
600282
002084
600675
600525
600004
600428
600495
600132
600489
600031
600352
000528
002031
600655
000338
600528
600596
600104
600129
002009
000623
600184
600588
600240
600636
600973
600583
000837
600122
600582
600685
000927
600887
600584
000014
600085
600888
600533
600820
601398
600316
600858
000002
600005
601006
600028
600016
600269
000825
000402
601318
600900
600030
000400
000839
600007
000623
000562
000625
600150
600582
600037
601628
000528
600383
000829
600809
600019
600036
000858
600206
600458
002024
600761
600867
600596
600584
600739
600000
600123
000927
600519
600616
000869
600829
600831
000999
600309
000987
000410
600161
600859
002037
600694
000401
000157
600685
600029
600583
000039
002007
600428
000792
000069
600195
000917
000888
000063
600298
600585
600276
600036
601398
600030
600028
000825
000002
600037
600000
600019
600016
600005
600009
000822
600519
600022
600694
601006
600308
600718
600795
600675
000987
600583
000612
600331
000926
000001
600100
600887
600509
000541
002024
600456
000768
000800
600832
601166
600396
000039
600054
600688
000933
600631
600316
600861
600717
600050
000793
600383
600438
000063
600030
600036
600000
000858
000157
000039
000651
600426
601006
601318
000828
600320
600019
600230
000792
600858
000709
000006
000623
600028
601628
600009
002073
000002
600011
600280
600978
600439
600900
002120
600596
600050
000999
600016
600037
002116
600104
600693
601166
000027
000609
000726
000402
600717
600785
600309
600348
600269
600628
600887
600761
600529
000876
600511
601333
000488
000024
000528
000063
600638
000538
600886
000910
600406
000584
000978
600739
600005
000043
002070
000338
600085
600030
000039
000002
000063
600016
000869
600631
000538
600011
600519
000651
600036
600795
600628
600859
000898
000629
000768
600583
000031
000987
600028
600000
600276
000410
000562
600858
600005
000550
601003
600616
000402
600827
000157
000927
600511
600585
000778
000002
600036
600000
600016
000778
600900
600219
601166
600050
600005
600895
600064
600123
600015
600028
600348
000039
600196
000969
600886
600016
000858
600030
000623
000002
000652
600036
600019
600519
000898
600050
600739
600031
600017
600717
600005
600900
600808
600015
600028
601328
000528
600058
000089
601166
000060
600153
600015
601006
600642
000709
000748
600122
600009
000910
600748
600000
000402
600111
600160
600030
002037
000858
600104
600036
600660
600125
600820
600177
600829
600737
600009
600019
000848
000402
000898
000021
000061
601001
000970
600305
600028
600064
600900
600036
601628
000001
600050
601111
000402
600030
000012
600143
000069
601318
000761
000709
601006
600569
600631
000002
000793
600690
002078
000088
600535
600087
000024
600161
000822
600028
000819
000063
000090
000869
600887
600978
600189
600962
600085
600236
600583
000608
600406
002111
600971
600004
000997
600591
600005
000031
600831
600309
600308
600015
600519
600764
002021
000792
600880
600303
600322
600694
000998
000825
600500
600888
600102
000839
600016
600050
000402
000539
600887
600832
601006
600005
000983
600030
600028
600438
000060
601318
600428
601666
600362
600662
601333
600009
601398
600467
600900
600036
601628
600820
600628
600884
002022
600096
000709
600598
002095
600649
000937
000616
600048
000581
601005
000069
000559
000001
000002
600219
600266
000837
600895
000089
600748
600482
600725
002106
600075
000039
600563
600322
000729
000960
600426
600006
600316
000972
600597
600886
002025
002001
000831
000878
600835
600169
000401
600188
600098
000800
002046
600001
600022
600177
600470
000973
600012
600640
000488
000912
600675
600795
600713
600665
601002
000767
600072
601111
000807
600584
601998
000933
600469
600183
600000
600561
600257
600030
000625
600036
600019
600048
600104
601398
600016
600900
000002
601006
000898
600050
600887
600005
600028
600009
600000
000039
601988
000100
600528
600519
600649
000024
601111
600320
600548
000651
600125
000157
000528
000001
601318
600001
600835
600100
600089
600717
000410
000063
600029
002024
600031
600690
600325
600660
000858
600518
600058
600761
000568
600383
600685
000951
000400
600770
600007
600879
601628
000581
600591
600085
000088
600694
601699
600642
000027
600886
000425
000527
600050
600028
000402
601600
600036
600900
600019
600309
600005
000792
002024
600583
000046
600009
600383
600694
600037
601988
600585
601006
600050
600016
600036
600887
600015
600005
600717
600019
000088
600000
000089
000410
600118
600360
000402
600017
600309
601988
002038
600867
000401
600037
600004
600497
000898
002065
600438
600143
601318
600086
600030
600000
600048
000002
601318
601006
601600
600036
600104
600028
000625
600019
000951
600009
601001
600016
600900
000858
000528
000024
000157
600031
600309
600423
600016
600028
600036
000419
000069
000709
600432
600100
600607
600067
600320
000860
000002
600380
600379
600050
002132
600816
600717
600015
002036
600823
600331
000562
601628
000888
600118
600005
600036
600019
000002
601988
601398
601318
600383
000625
600030
600000
000089
000898
600009
600050
600028
601006
000063
000927
600102
600011
600432
600016
600000
600028
600005
000829
600138
600019
600236
000858
000898
601988
600270
601600
601166
601006
000729
000839
002052
600426
000031
600717
600317
600697
600584
600616
600519
600887
000402
600050
600100
600511
600875
600690
600009
600436
600688
600406
000685
002004
000527
000538
000089
600271
600859
601628
600019
600036
600320
600655
600741
600016
000002
600835
600022
600062
000559
600282
601166
600028
600015
600739
600030
002083
000538
000878
601318
600639
000709
000768
600519
600177
000898
600887
600050
600085
601111
600557
000629
000651
600048
000687
600196
600662
000623
600529
601398
600640
600585
000063
600201
600257
600456
000100
000830
000338
600649
600528
600071
601002
000778
600183
600717
000423
600467
600808
600100
600160
600432
000850
600587
600000
600886
600299
000501
600675
000623
601628
600748
000858
000002
600005
002024
000898
600016
000895
600739
000423
600309
600596
600030
600202
600880
000792
600019
000510
600028
600000
000002
600016
600015
600019
600036
600150
600030
600383
600005
000157
600067
000858
002024
600694
000623
000528
600028
600596
600309
000069
600519
000402
601166
000024
600307
000792
600312
600887
600050
600026
600780
000898
000001
600673
600583
600761
600739
601398
600809
600858
000538
600031
600166
600685
600569
600415
000825
600867
000063
000625
600029
000568
000612
600037
600582
600348
000709
601628
600177
600875
600266
600595
000951
601600
000027
600688
000001
000402
600050
000002
600900
601398
600325
000807
000401
600048
000708
000778
600548
600428
600028
000022
600895
600016
600900
000002
600005
600030
600739
600000
000562
600028
601628
600036
600019
600037
600887
600309
000039
600050
000858
000759
000623
000001
600009
601318
600030
600036
600000
600028
000002
601988
600016
000623
601166
600219
600009
600352
000039
600019
000402
000562
600519
600717
600895
000933
600030
000858
601006
000793
601398
000625
600016
000002
600717
600000
600037
600028
000651
600036
601166
600270
600123
600019
601699
600005
600835
600583
000983
600886
000528
600501
600312
600528
600509
600125
600195
600616
000825
600240
600895
600639
000012
600215
000538
600879
000527
600859
600690
600348
000777
000157
600787
000927
600258
600511
600236
600084
000759
600797
000501
600697
601318
000024
600875
600795
600631
600428
600050
601988
000002
000876
601398
600005
600030
600795
600000
600026
600482
600717
600028
000625
600206
000858
600569
601628
000932
000951
600028
600009
000002
600320
000027
600019
600717
000402
600026
601318
601398
600050
000878
000898
600685
600000
600098
000060
600015
600331
600583
600169
600900
000625
000680
600005
601398
601988
600050
000825
600028
600036
600016
600000
000001
000709
600320
000002
600030
600269
600019
000402
600022
600694
600037
600028
600009
000793
600036
600641
600011
600795
600886
000157
000825
601006
000012
600312
601398
600309
600533
000777
600183
000539
600019
600309
600000
600016
000039
600028
600030
600426
600009
600019
002075
601628
600066
600809
000063
600269
600308
600037
000157
600383
600583
600298
600026
600717
600269
600011
600015
000063
600236
600020
000022
600028
600428
600900
601628
601398
600896
600012
000429
600035
000900
600050
600350
600795
600008
600121
000548
600831
600037
000027
600874
600548
000828
600377
600886
600879
000917
600021
000858
600649
000930
600323
600460
600995
600004
600033
600141
601166
000531
600519
600028
600019
600900
000623
600036
000002
600030
600050
601006
600016
601398
000525
002024
000063
600123
000568
600809
600005
600279
600030
000625
600900
600019
601111
600591
000024
600028
600050
600104
600001
000898
600036
600029
000539
000983
600048
600378
600383
600717
600037
600835
600887
600282
601398
000002
601001
601006
000933
000917
000875
600268
000800
000910
002008
000027
600085
000022
600007
600481
000400
600096
600016
600428
600123
601699
600675
600748
600016
600030
000623
600675
000858
600879
600428
600019
600015
000002
000876
600036
000157
600809
000898
000825
601988
600801
600881
000528
600739
002054
002024
000983
000031
600011
600895
000060
600199
600263
601628
000063
600303
600586
600005
600022
600572
600785
600829
600348
600694
600117
600028
000709
600320
600066
600825
600993
600875
600900
000572
000910
600201
600104
600978
600085
000039
600125
002045
600519
600004
600990
601398
000501
000807
600000
600761
000677
600660
000024
600007
000878
600639
600438
600230
600616
002001
601111
000061
000402
600196
000625
000419
601166
000959
000001
600663
600258
000708
000758
600059
600631
000932
600810
000792
600835
600016
000623
000822
000002
000652
600501
600030
600739
000039
600588
601628
600104
600005
600900
600808
600549
600478
600026
000709
000860
600212
000939
000046
000978
000839
000063
600156
000960
000425
600138
600208
002056
600871
600000
600198
600591
601988
000027
600821
600015
000612
000733
002078
600860
000876
600992
600458
600755
600371
600859
000717
601398
000012
600879
002039
600221
000917
600050
600058
600085
600019
600418
000858
600036
600685
600309
600585
600320
600028
002024
600085
000568
600016
000848
600519
601318
000069
600026
600019
000401
600208
000792
600050
600717
600887
600015
600325
000002
000729
600030
600337
600867
600675
600000
600030
600036
000858
600616
000410
000063
000501
600019
600104
600015
601166
600100
600176
600195
000759
600028
600118
600031
600309
600831
600299
601398
600685
600900
000507
600832
601318
600219
000960
000562
000768
000709
600258
600008
000800
000625
000002
002007
000528
601988
600166
600879
000825
600677
600188
000717
600426
600307
600485
000778
600415
600570
600547
600675
600694
600066
600050
000927
600257
000559
600001
000748
600416
000151
600808
600316
600472
601666
000910
600550
000790
600697
600655
600162
600343
600887
600036
600028
600030
600219
600383
000917
000002
600489
600428
601006
000039
600416
600104
600649
000629
000001
600521
000510
000718
000522
601628
000748
600004
000539
600000
600282
600663
600052
600016
000657
600331
600166
000860
600607
600601
601002
600026
600809
600378
002009
600406
000895
000852
600143
600895
002074
600655
600009
600855
002022
600050
600585
000568
600161
000858
000636
600797
600008
000758
600694
000839
000401
002038
600519
600900
000869
600522
600547
002123
000014
600299
000623
600879
600309
600162
000933
601318
600019
000063
000792
002069
600376
600066
000807
600048
600458
600059
600528
600887
000920
600858
600005
600072
600316
600597
002007
600408
600481
600675
600269
600456
600685
600582
601111
600312
000069
000410
600169
002037
000755
000157
600423
600118
600563
600320
600426
600276
600016
000858
600019
600036
601166
000063
000002
600693
000562
600037
000625
600563
600028
600831
600176
000410
000157
000709
600371
600299
600697
000825
600258
600031
601318
600015
601628
600383
600343
600439
600050
000501
600426
600316
600011
000917
600067
600188
600100
600118
600416
600219
600675
000089
600663
000528
600104
600547
000533
000630
600832
601001
600269
600872
600485
600087
600655
600642
000063
000778
000825
000402
600031
000876
002070
600085
600169
601328
600098
000024
600835
000488
601699
000933
600312
600036
600000
600030
600016
600809
000898
601166
600005
000825
000039
000069
000623
000709
000002
600309
000063
600900
000807
000876
000858
002024
000024
600739
000792
600415
600219
600887
600028
601318
601628
601006
600048
600132
000933
600316
600009
600423
600416
600282
600858
600519
600261
000568
600456
000402
002084
000625
600290
600276
002069
600582
600153
600697
600299
601398
000759
000878
000793
000002
600582
600809
600036
600037
600030
600694
000157
600143
000069
600685
000768
002025
600519
600583
600028
600383
000402
000858
000792
600312
600019
600717
000002
600808
601328
600005
600739
600036
600266
000410
600639
600028
000009
600007
000001
000825
600655
000046
600675
600895
600110
600000
600015
601318
600030
000748
600094
600050
601398
601628
600795
000001
000089
600018
600585
601166
002024
000716
601988
600320
000002
000069
000651
600739
600037
600309
600104
600642
601111
600383
600688
000623
600583
000528
601328
600001
600026
600717
000652
600811
600675
600008
600660
000024
600177
000825
000792
600886
000527
600832
000401
000751
600601
600028
600761
000932
600208
000709
600048
600143
000027
000793
000060
600100
600331
601006
600655
600694
600497
600631
600887
600011
000562
000625
601998
600859
000839
600690
600569
600068
600879
600005
000630
000758
600066
600547
000538
000039
600808
600027
600839
600868
600741
000088
600663
000031
000800
600009
600895
600085
000410
000933
600596
600653
000778
600500
000729
000829
600649
600322
000839
600361
002028
000652
600195
600973
600895
600028
600005
600210
600591
000550
000062
600795
000727
600859
600887
000778
600030
600258
600208
601006
600030
600036
000825
000002
600000
600016
002024
600005
000858
000625
600900
600019
601398
600028
600519
000063
600685
601628
600309
000869
600583
000157
600331
600383
000690
000410
600050
601318
000623
000858
600009
000002
000793
600408
600016
600027
600028
000837
000616
600067
600675
600829
600123
600832
601006
000680
600030
600416
000778
600036
600030
000002
000858
600028
000001
600016
600809
600000
000878
600685
000623
600050
601111
000031
600161
601398
600729
600616
600177
000951
600219
000758
601628
600104
600015
600415
000063
600611
600138
600495
002022
000612
600761
600887
000401
600519
000709
000869
601006
600859
600026
000625
601166
601600
600739
600518
002007
600533
600054
002031
600269
601318
600881
000069
600416
000978
600016
601398
600000
000002
600005
600036
000898
600900
600309
002024
600028
600019
600009
000568
000069
600631
600030
600037
000063
600519
600583
600549
601006
600887
000402
600019
600162
600302
600582
600737
600036
600406
600886
600122
601166
000887
002080
600786
600048
600675
000815
600855
600118
000852
600030
600879
601001
601006
600011
600028
002081
002021
000758
000629
600125
600343
000069
000983
600612
000024
600087
600600
600717
600299
600519
000559
600790
600009
600831
000963
600050
600995
000828
000850
600880
600016
000800
000917
600104
000539
600268
600273
600511
000612
600350
600230
600690
600266
000155
600630
600035
600109
000100
601398
600016
600973
600030
600028
002028
600361
600005
600261
000002
000822
002010
600000
600325
600058
600596
601006
000823
600887
600809
600761
601111
000952
600195
000839
000960
000157
000727
601001
600219
000063
000039
000978
000069
000815
000625
002019
600026
600418
600888
000402
000898
000528
002024
600519
600048
600143
600009
600036
000568
600246
600525
600000
600016
000002
000839
000829
600005
601699
600030
000858
600236
600305
600886
600161
000869
000559
600269
600718
600500
000623
600028
002097
600887
000936
002028
000024
600096
600900
002111
002098
000528
600809
600150
601166
600028
600000
600900
600019
601398
600016
000898
000839
600009
600320
000822
601988
600030
600026
600004
601628
600104
600309
000002
600685
600005
600001
600019
000063
600875
000677
000031
600362
600519
600022
000629
600016
600585
600028
000400
600050
000831
600406
002032
600685
600030
600000
601318
600050
600031
000898
600177
000792
000063
600717
601001
600011
600005
000858
600019
600415
000807
601333
600028
600037
000061
600036
600086
600016
600000
600519
600059
600383
600161
600028
600030
600276
000002
600315
600052
600713
000001
600019
600005
600858
601166
600600
600325
600428
000960
000888
000825
600036
000858
000063
600685
600031
600022
600488
000800
600694
600962
000528
601006
600432
000839
601318
600016
000759
600415
600900
000698
000550
000090
600665
600718
000983
600067
600785
600030
600350
000410
000625
600459
600423
600872
000402
600726
000709
600859
600887
600118
000755
000978
000031
600007
002010
600066
600810
000972
600616
000751
600829
002084
600258
000501
600479
000562
600570
600257
600831
600000
600316
601398
600005
600019
600030
600016
600795
600036
600739
600900
000402
600009
600808
600102
601006
600028
600037
600748
000002
600000
600022
601111
600428
000069
600583
600519
600350
000858
600026
600325
600236
000623
601166
600012
000839
600686
000001
600303
000539
601003
600469
000568
600675
600067
600879
000709
600183
002004
600963
000800
600104
600361
601318
002024
000625
600383
600019
600050
600588
600900
000039
600009
600000
600096
600028
600596
600686
600327
600423
002022
600298
000978
600549
600663
600236
600271
002029
000428
600036
000089
601628
600383
000612
600900
000157
600019
600642
600312
000829
000651
600331
600649
000878
601166
600028
000422
600009
601998
600266
000709
002094
600019
600036
000858
600104
600496
600125
600308
600325
000157
600631
000651
601006
600535
000837
000022
600005
600686
600795
600009
000528
000089
600993
600436
001696
600016
601398
600123
600518
600978
600897
600970
600309
600521
000428
000039
600570
000917
600030
000002
600320
000623
600739
600900
600005
600309
000858
600016
000001
600549
000157
600748
000751
600009
600795
600100
600835
600019
600518
600879
601628
000651
000917
600585
000920
600059
600380
000652
000972
600616
000069
601166
000039
600886
600809
600011
600323
600036
600348
600718
600000
600031
601318
000898
600694
000825
600299
600022
000060
600316
600037
600183
000629
000888
600607
600415
601666
000063
600195
600806
002007
000600
600811
600750
600880
600519
600713
600026
600529
600858
000428
600016
600000
600005
600036
000825
000002
600030
601006
600028
000822
000001
600022
000538
600019
000792
000926
600583
000768
600861
600694
600509
600030
600016
600000
000858
600005
601628
600036
000898
000002
600150
600177
600309
002024
600028
600739
600675
600096
000829
600219
000652
600500
000825
000063
601006
600886
600693
600037
000157
000878
000402
600859
000935
000039
000090
600970
600717
000520
600997
000024
600550
600325
000927
000729
600054
600685
600123
600489
000069
000625
600616
600066
000666
000568
600036
600150
600028
000002
600010
000858
600631
000895
600887
000897
600458
600006
600270
600030
000410
600017
000520
600001
600863
000932
601006
000768
600050
600495
600104
000959
601398
600176
600685
600500
600121
600100
600019
600269
600377
000039
002031
002046
000059
600320
600018
600072
000930
601002
600350
600528
600026
600030
600016
000858
600019
600050
000623
000002
600900
600000
000652
000898
600028
600005
600739
600015
600036
000001
000897
600717
600837
600320
000039
600887
600058
000562
000629
000839
600519
000088
600085
600808
601006
601628
600879
000951
601166
000157
000060
600631
600685
000528
600031
000501
600064
002069
600009
000630
000999
000917
600331
600000
600036
000623
600028
000002
600030
600031
000807
600016
601166
000898
000825
600900
600064
000562
000568
600022
600037
000001
600005
000002
600000
600036
600030
601628
600005
000895
601006
600016
600519
002024
000088
000063
000069
601166
000652
000410
000402
000825
000858
000869
000807
600100
000898
000562
000792
600309
601318
600028
600331
600717
000625
000839
600048
600859
000612
601600
000060
000623
600096
000983
000927
600583
600316
000039
600879
002067
600037
600809
600383
600820
600104
600219
600415
000538
000157
000970
600456
600352
600877
600143
600000
000612
600036
600426
600230
000002
000999
600309
000623
000828
600263
600690
600887
600361
000401
000402
600011
600978
600028
000597
600122
600825
601006
000726
600835
002116
600590
600055
000501
600343
600240
600280
600638
000584
600266
600555
000001
000952
000900
600616
600635
600016
000651
600363
600348
600378
000562
601628
002073
000598
000755
600085
000839
600331
000822
000063
000858
600216
600832
600517
000823
601398
600320
600009
000978
000831
600300
600005
600823
000541
000422
601166
000878
600365
000039
600104
601699
600362
600798
600549
601318
600015
600050
600177
600197
600858
002120
600713
600030
600596
600210
600535
600600
600627
600269
000400
600585
000061
600578
000522
600511
600162
600066
600037
000717
000852
002082
002007
600754
600685
600519
600824
600867
600900
000792
000910
600802
600219
600026
600033
600418
600785
600720
000657
600639
000836
000625
600584
600019
600031
600036
601006
600030
600642
000858
600406
000623
000063
600011
600009
000024
000800
600000
600519
600655
600900
600019
600028
002083
000666
000538
002024
600100
601398
600396
000898
000933
000039
600970
600266
000338
000625
000069
600386
600325
002069
600607
600489
000792
600036
600000
600016
600005
600694
600030
000825
000002
600022
601398
000612
600019
000538
600887
600037
000001
600456
000822
600269
600383
601600
600019
601166
000623
600456
600031
000063
600036
000539
600808
000793
000002
600028
600219
000425
000651
600685
601398
000999
600600
601111
600005
600000
600016
600900
000829
600236
600348
600309
600694
600019
600028
600596
600030
600895
600519
002024
600308
600616
000402
000612
600143
601600
600270
600859
600748
600085
600472
600887
600795
600428
600415
000685
600406
000088
000792
600138
601628
600100
600161
600009
600266
600123
600511
600531
000060
000002
600436
000063
600331
600195
600383
600675
000822
600428
600166
600261
601398
600675
600067
000157
600030
000410
000652
000807
600050
000825
600005
600028
600104
000069
600201
600697
600361
600269
000565
000876
600875
000917
600036
600456
600258
600973
002028
000612
000952
600058
600208
000531
600550
600418
600069
000933
000001
000762
600596
600563
600887
600880
601001
600426
600717
000858
601006
600785
600795
000815
000960
600019
600026
600895
600015
600219
600476
000680
000727
000960
600030
000623
600000
600489
600331
000625
600036
000898
600028
600016
600104
600795
601006
600428
002078
600739
600547
600497
600050
600739
600005
000895
002024
600036
600028
601398
601600
600016
600019
000001
600064
000623
000858
601318
600456
000751
000778
600887
000039
600325
600037
000792
600000
600675
600585
600315
600519
600415
600015
000777
600309
000917
600694
000869
600583
600331
000002
600639
600271
000157
600900
600058
000046
000717
002109
002111
002107
002108
600028
600482
600030
600016
600036
000002
600230
000039
000063
601001
000951
600019
600631
600111
000069
600050
000792
600584
601991
600519
600803
600276
002102
000983
600317
002070
002082
600495
600132
600616
600104
600900
000538
000027
600287
600030
600428
601006
600195
600036
600000
002024
600795
600269
600009
600016
600900
600859
600897
601628
600519
600809
600350
000488
000069
600717
600361
600978
600500
600371
000001
601318
000063
000623
600694
600123
600035
600143
600086
600426
000039
000410
600236
600219
600467
000848
601398
601988
600004
000900
002025
600029
000829
000792
600005
601001
600887
600750
601166
000860
601111
600697
600583
600201
000560
000031
600785
600790
600298
600432
600016
600000
600028
600005
000829
600138
600019
600236
000858
000898
601988
600270
601600
601166
601006
000729
000839
002052
600426
000031
600717
600317
600697
600584
600616
600519
600887
000402
600050
600100
600511
600875
600690
600009
600436
600688
600406
000685
002004
000527
000538
000089
600271
600859
600067
000951
600325
600806
000987
601003
000755
600533
600765
600075
000837
002007
600206
600511
600332
000002
600169
600582
002032
600138
600005
002064
600016
000970
600660
000858
600585
600271
600206
601006
600085
600009
600036
000039
600787
600662
600000
600690
600028
000657
600688
002021
600835
600809
600572
000677
600717
000709
600887
600879
600900
600978
000090
000881
600839
600266
000828
600030
000027
600096
000825
000423
000949
000768
600019
600406
600050
600499
600030
600111
600036
600016
600005
600031
000002
601006
600019
601166
600037
000063
600600
000157
000625
000927
601398
600143
600028
600718
000951
600208
600009
600628
600309
600011
600161
600059
600521
600809
600887
600584
600104
600808
600685
600639
601318
000425
600183
600266
000410
600312
000718
600166
600739
600963
600290
600360
000021
000402
601628
002024
000568
600900
000983
000024
000858
600027
600169
600527
000616
000800
600036
000063
600000
000709
601628
000898
600415
601318
601166
600886
600439
600009
600019
600642
600718
600050
000717
600900
000410
000970
600016
600036
600000
600694
600030
600005
000825
000002
000709
601628
600383
600269
600519
600022
000423
600050
600887
600028
600438
601398
600036
601628
600016
600028
600030
000002
600900
600019
600005
000898
601006
000063
000562
600000
600050
601398
000680
600808
000069
600879
000829
600019
600739
600005
000895
600519
601398
600686
600808
000625
600315
000951
000629
000539
601003
601628
601872
000807
601318
000002
600900
600030
600019
000895
600900
600016
000568
000878
600028
000612
600000
000983
600005
601006
600048
000831
000858
600036
601666
000039
600282
000401
601628
000972
000410
600786
000709
600489
000625
600432
600096
600459
600675
600320
601001
000063
600887
600795
600050
600481
000539
600111
600875
000001
600104
600499
000807
600595
600895
000876
000061
601166
600383
000562
600616
600064
600835
600596
600736
000537
600631
600219
600276
002045
600511
600729
600854
600717
000651
601002
600737
600102
002095
000001
000972
600230
002025
600584
600482
000837
600161
600861
600533
600022
002046
600268
600535
601006
600428
600561
002010
002106
000046
600607
600330
600383
600900
600469
600050
600467
600183
600580
002076
000973
000662
600000
600012
600754
000069
000488
000960
600785
002128
002001
000661
601398
600432
600106
601628
600820
002041
600520
600810
600036
600028
000002
601398
600519
601006
002024
600016
600019
600005
000088
000983
600795
000825
600808
600236
600887
600030
601333
600900
600030
600739
000825
600761
600036
600519
000951
600271
000402
000623
600583
600456
000024
000869
600028
600309
600019
600308
600428
000157
600005
600019
600177
000898
600016
601166
600739
600000
000825
601006
600036
000793
600616
600519
600153
000039
000527
600829
000623
000002
600628
600031
000069
600104
000568
600037
000024
000819
600694
000837
000860
000823
600547
002007
600028
000417
600591
600169
000927
600888
000858
600426
600312
000572
600123
600750
600161
600550
600588
600240
000792
000709
600859
000088
601628
000528
000680
601111
002025
600143
600639
600035
600529
600269
600325
002054
600320
000400
600489
000755
600456
000869
600495
600895
600029
000800
600009
600717
600585
600880
000562
600655
000651
000895
600675
600316
600289
600176
000619
600028
000063
000002
600000
601166
600019
600143
600808
600030
600037
600527
600016
000157
600519
600269
600015
600005
002024
000024
600266
600011
600886
600026
601398
000625
600036
600729
600111
601006
600685
600104
601001
600616
000021
600690
600415
600322
600020
600688
000629
600600
000793
600004
600208
600426
600639
600110
000616
600827
600887
600166
600096
000983
600276
600837
601006
600030
000562
600019
600016
000625
600036
600000
601166
000063
600100
600835
000898
600005
600877
000900
600028
000807
600584
000825
601111
002045
600386
600790
600963
600655
600350
600436
600410
600010
600138
600110
600607
600269
000002
000858
000039
600066
000759
000709
600258
600616
600361
600754
600332
000729
000661
600123
600104
600415
600122
000157
000401
600500
600261
000768
600383
600161
600642
600511
600210
600469
000983
000069
600195
600426
002022
600009
600405
600438
000758
600238
600598
000402
600460
000488
600348
600535
600360
600694
000024
002008
002024
600280
000651
600861
600650
000666
000751
600611
600662
600809
000550
600151
600970
002024
600519
600036
600739
000869
000069
000423
600415
600005
000825
600828
600030
600026
000039
600549
600019
600331
000539
600886
000157
000063
600309
600036
600009
600276
600361
600000
600761
600050
600583
600519
600439
600718
600686
000869
600085
600161
600900
600406
600887
000063
600036
601628
600361
600588
601318
600583
600125
600415
600009
000069
600309
600718
600859
600519
000869
600887
600183
000970
600694
600884
600219
000858
600028
600755
600036
600675
600684
600900
600787
601006
600896
600019
600016
600887
000825
600000
600795
601628
600570
000598
600748
000759
000690
600030
000002
002128
600125
000655
600963
000089
600828
000755
002010
000960
000933
600009
000709
000039
600810
600426
000619
600269
600585
600879
000973
600087
601333
600428
600258
000926
002111
000999
600123
000837
000822
600393
600607
000024
600415
600535
000793
002069
000919
000061
600416
600005
600122
000623
600589
600325
000768
600177
000531
600436
000522
600993
600519
600066
600029
000513
600307
600230
000006
000559
601398
000961
600028
600900
600456
000538
600497
600050
600269
601398
600787
600009
600125
600662
000157
600271
000548
600100
600309
600131
600428
000619
000829
000922
600000
600875
000039
000807
000778
600059
002018
000983
002007
600268
600887
000402
000422
002050
600786
000530
000933
600016
600036
600005
601398
600900
601628
600028
000898
600019
600000
600050
601318
000800
000401
000822
000612
601166
000063
000778
000927
601666
600325
000039
600887
000027
000541
000825
600690
600015
000002
000869
600718
000933
600331
600022
000538
000666
600030
000001
600266
600583
600456
000839
600694
000792
000963
600832
000926
600028
601398
600030
000858
600519
000063
600016
600325
600820
600102
600835
000755
600582
600161
600183
000898
600456
600009
000488
000612
600030
000793
601006
600036
600016
601398
000858
600028
000625
000002
000157
601699
600019
600900
600616
600835
600428
000528
600050
600383
600195
600879
600240
000417
600639
600030
000002
600036
600000
000012
000568
600028
600519
600309
600016
000898
000527
600361
000825
601006
000039
600031
600195
600693
600900
000792
601398
600322
600795
600022
600607
600806
002024
000793
000951
000625
600019
600383
000157
000910
600380
600831
000680
000024
000419
600104
000528
600428
600631
000619
600037
601699
000829
600761
000651
600895
600005
600548
600859
600797
600033
600161
000069
600026
600585
000581
000402
600276
600685
600824
600066
000869
601111
600879
000759
000882
000522
600596
600036
600028
600016
601628
600030
000063
600050
000002
000858
000623
000612
601006
600104
600000
000039
600518
600361
600754
600685
600019
600439
601166
000001
600835
600269
600456
600879
600118
600900
600809
000031
600138
600997
600150
600015
600309
000800
600519
600183
600886
000528
600616
000401
600428
600415
600600
600009
600189
600596
000983
000539
000792
000709
600054
000667
000839
600642
000157
000652
600396
600585
601111
600438
600491
600662
000815
600266
600016
600050
600036
600900
000002
600028
600000
601006
600795
000858
600009
600005
600030
600694
601988
000157
600631
600019
000898
600098
000983
600348
600383
600309
600085
601398
000619
600519
000528
600001
000792
600887
000807
600059
601318
600549
600011
600037
000402
600997
600406
000027
600208
600861
600729
600004
600325
000917
600583
600104
000061
600970
000960
000888
600718
000876
601988
600005
600050
600016
000562
600028
000002
600900
600036
600030
000825
600000
000951
600019
601006
601318
000001
600309
002024
000063
000401
000039
000898
000088
600690
600675
000059
600195
601166
601628
600616
600058
601111
000024
600022
600198
000709
600887
000759
600470
000792
000402
000751
600031
600787
000623
600015
600809
600052
000069
000661
000061
000629
600639
000839
600383
000858
600583
000565
600521
000568
600655
600858
000410
002007
600525
002052
000022
601328
000560
601398
600030
600900
000972
600028
600019
000825
000089
600519
600497
600177
000002
600036
000680
000012
000157
000860
600320
600596
600887
000562
600639
000061
600138
600299
600009
600016
600600
600636
601628
600694
600202
600642
000623
000009
000402
600096
600005
000895
600100
600325
600169
000528
600739
600879
000401
000807
600010
000717
600718
600631
000617
600027
600015
600467
600050
600276
600005
600036
000002
600019
600037
600030
600809
000039
000898
000063
600583
600028
601628
600016
000157
600519
000069
600900
002024
000001
600361
600761
600780
600000
601006
000528
000858
600859
000410
600717
600206
600694
000623
600270
000821
601398
000422
600183
600685
002025
600309
600887
600048
600970
601001
600004
600031
600511
002024
600519
600009
600585
600143
600028
600030
000538
601398
600016
002069
600036
000792
000039
600879
600875
600583
000869
002028
600048
600036
601398
600005
600019
600030
601006
600037
600028
000002
601628
600016
600519
600900
600000
000858
000825
000063
600585
600583
600809
600361
600009
600887
600694
000825
600030
000002
600016
002024
600005
600036
600150
600000
600037
600519
601006
000858
600585
600383
000400
000157
600019
601628
000839
600030
600739
000562
600019
601006
600900
600005
600036
000825
000709
000002
600835
600104
600649
000623
000858
600183
600009
600177
600607
600000
600008
600050
600627
000969
000039
600307
000069
000400
000612
600138
600166
600639
600100
600895
600236
600299
600867
600028
600308
000651
600015
000528
600820
600331
600631
000089
002080
600416
600206
600067
600406
600438
601333
600312
600376
601991
600118
000837
000652
600616
600585
600022
000800
600348
000031
000793
000860
000920
600887
601628
600231
600001
600010
000063
600528
600276
000402
600268
600660
600685
600675
000929
000963
600557
600655
600439
600495
600500
600415
600269
000401
601398
600169
000021
600834
600755
000060
600151
600257
600303
000680
600325
600491
600192
600461
000059
000933
600690
000798
600829
002041
600832
600824
600519
000987
002024
600188
600642
000930
600535
600176
600323
000006
600352
600547
000983
000629
002024
600000
600694
000630
601600
600900
600348
600028
600030
000839
600005
601628
600456
000060
600519
600583
000792
000895
600383
600875
000878
600309
000063
000807
600064
600030
601398
000002
600036
600016
600309
000858
000039
000402
600150
600028
600583
600519
600011
000651
000825
000951
600308
600331
601111
002024
600030
600009
000002
600519
600585
601628
600383
000063
600036
600309
600143
600660
600694
000039
000012
000400
600315
000402
600312
000538
002028
600028
600161
002069
002076
000869
601166
600000
600887
600298
600423
600415
600962
000978
600588
002022
600426
600361
600582
600028
600150
000807
002007
000629
000157
000423
600312
600426
600886
600410
600177
600096
600016
601600
600000
000527
600970
000852
000960
600428
600299
600104
600036
601006
600000
000927
600456
600269
002078
000900
000898
600050
600547
600026
600331
000400
600995
600497
600739
601628
000758
600030
000060
000069
000625
600795
600383
600519
000623
000002
600177
600195
000792
600677
600058
600240
000522
000768
600489
000039
600549
600016
000027
000024
600308
600052
000807
600316
600029
600276
600019
600971
000089
600067
002047
600309
600583
000046
002024
002073
600282
000878
601111
000402
000786
000538
600037
600406
600100
600028
000028
600019
601398
000002
600036
600030
600005
000625
600028
600029
600016
600886
600026
600050
000927
600009
601628
600011
000898
600832
600519
600000
000089
600963
601006
600383
600717
000001
600795
600547
000839
600900
601318
600282
600320
601111
000933
600030
600628
600028
600279
600499
600580
600486
000910
600325
000623
600015
600549
600327
600048
600096
000667
000898
600258
600236
000978
600997
000748
600000
600240
000652
600832
600050
600960
600016
000031
600001
600036
000027
600308
600436
600261
600831
600011
600631
600879
600100
000625
002069
000800
000002
000063
000777
000839
600895
600299
600547
000061
002022
002084
600380
000972
600966
600337
000338
000858
600325
600016
000822
601398
600900
600675
600000
600005
600350
600028
600748
600036
000402
000959
600655
600409
600050
000063
600030
600016
600009
000002
600036
000858
600000
002024
600519
601006
600005
000157
600675
601628
000039
600383
600004
600809
000528
000501
601398
600036
601166
600900
600000
600048
601600
000069
600717
000061
000568
600879
000792
600331
000807
000002
000709
600009
000039
000001
600755
000970
601628
601398
600005
600030
600739
600649
600019
600320
600307
000800
601006
000623
600008
600835
000858
600895
600166
600036
600169
000562
601988
000060
000839
000969
600616
000837
600308
000002
000825
000402
600628
000006
000651
000039
600867
600824
600331
600016
600607
600022
601628
000629
600303
600010
600208
600177
600015
600348
600423
600528
600491
600117
600685
600508
600104
000709
000059
600829
600231
600438
000807
000528
600028
600257
000612
600500
600887
000929
000963
600820
000400
600634
600627
002041
600096
000920
600302
000625
600183
600247
600837
000798
600262
600067
601111
600236
600675
000559
000997
600269
600415
600009
600100
600888
000937
000028
600416
600151
600963
600655
600831
600111
000069
000876
600631
600170
600456
600162
000157
600268
600808
600410
600195
000860
000063
600138
600312
600487
600001
600517
000978
600290
600150
000031
000930
600282
600570
600071
000401
000616
600470
600566
600426
600805
002078
600391
600215
000608
600967
600855
600584
600880
002022
000823
002005
600694
600005
600456
601001
601398
601166
600036
600019
600016
600886
600219
601600
600299
000707
000002
000898
600694
000425
000623
600631
000069
600036
600900
600019
600050
600591
600096
600588
000933
600348
000089
600309
000039
600009
000839
002029
600663
600596
600549
600809
000878
000895
600686
600867
600327
601628
600085
000888
600271
002022
600028
000898
000978
600486
600028
000002
000825
601988
600036
600500
600309
600016
600030
000402
000768
600583
600628
600879
600048
600000
000039
600616
600737
600320
000895
600322
000823
600019
002024
600028
600050
600036
600887
000012
000807
600016
600655
600900
000761
600005
600459
600406
000623
000777
000069
000858
000401
000729
600067
600675
000709
600694
600325
600238
000507
000625
002073
600827
600183
000026
000062
600005
600016
600028
600019
000002
600030
600037
600519
600428
600900
000839
600739
600036
000623
000069
601398
600808
600009
601600
000063
600030
000001
000625
600016
000063
600005
600028
000898
000039
600900
000858
002045
000927
000825
000562
600519
601398
000661
600009
601006
600166
601628
600000
002024
000002
600036
600350
601111
600138
600489
600887
000568
600713
600019
600050
600787
601166
600795
600015
600195
600104
600029
600739
000024
000759
600011
600309
600835
600839
600192
600584
000651
600098
000951
000623
600688
600000
600036
600739
600028
600019
000898
601006
000002
600005
000800
601318
600030
600887
000069
000858
600320
600900
600015
600036
600309
600028
600016
600030
000157
000898
000002
000755
000792
600879
600887
000069
000623
600316
000878
600761
600900
600596
600750
600048
000858
000759
600519
000895
601006
600371
600000
002069
600582
601628
000729
600005
600973
600331
600276
600415
000063
600064
600809
600533
600230
600859
000024
600009
000402
600058
600677
601398
000623
600499
000024
600104
000625
600016
600019
600030
600486
600970
600832
600795
000933
600001
600570
600754
600258
600900
600458
600694
601166
000858
601318
002084
000657
600289
600028
600960
600279
600327
000777
600005
002063
000402
600519
000898
000006
600166
600628
600406
000002
601628
600580
000972
600675
000800
002069
000069
600348
600036
600096
000063
600031
600019
600005
600028
600016
600009
000063
600808
000002
000858
600456
000623
601398
600036
600900
600748
600685
600761
600001
600299
600028
600036
000002
600030
600795
600050
601988
600016
600019
601398
601318
000825
000625
600350
600007
600005
000792
000858
000402
600997
600030
600036
600000
600739
000623
000002
600016
600309
600037
000001
600005
601628
000069
600028
600519
600031
601318
600195
000024
600470
002024
000046
000402
600546
600690
600019
600900
600675
600482
600688
600390
600527
600067
600655
000698
000755
000616
000661
600325
000560
000401
600352
000972
600900
600028
600030
000690
600675
000507
000973
600570
600787
600795
600016
600000
600896
600993
601006
600428
600325
600269
600500
600323
600026
000027
600036
601628
600990
600087
000520
600688
000510
000667
600748
000858
000089
600879
000623
600290
600219
000002
600230
000006
600872
000785
600810
600131
600393
000929
000999
000960
600011
600301
002082
000975
600029
600016
601318
600859
000006
600786
000024
600755
600195
600325
600438
601628
000625
000876
600509
600071
000917
000819
600961
600015
000402
600835
000550
002013
600458
600472
000962
600036
600028
600019
600739
600900
000402
600005
000623
000858
600631
000063
600694
000069
600808
600037
600030
600009
600104
601988
600717
000898
600383
000423
600050
600030
600519
000039
600642
600019
600717
000002
601006
600177
600900
600031
600028
600036
000825
000063
600111
600016
000768
600050
601318
600030
600019
000565
000825
600739
600016
600266
600192
600675
000652
600713
600307
000002
600639
000878
000024
000661
601001
600585
600350
600005
600019
600016
601398
600028
000793
000002
600064
600177
600550
601166
000039
600690
600037
600096
000898
000562
601628
600036
600219
600028
601003
600030
600886
600009
601005
600795
600026
600048
000539
000858
600808
000157
600000
600016
600331
600717
601318
601988
000063
600016
600084
600036
000826
600000
000828
600611
000060
600030
000858
600200
600082
000793
600535
000612
000002
000157
002024
600895
600887
000933
600675
002008
000069
000539
601628
600331
600323
600089
000878
600529
600312
000987
600583
000983
600428
600519
601600
000024
600036
600031
000488
000002
600631
600030
600325
000792
600005
600028
600859
000895
600383
000898
002008
600663
000046
000568
600276
000869
000402
600161
000012
600585
000024
601006
600859
000002
600050
000822
600895
000625
600383
600900
600030
000825
000793
600028
600019
600036
000046
601699
600037
000983
000402
000792
002024
600519
601600
601166
600331
600176
601628
600585
000895
600312
600022
000021
600048
000572
000024
000793
600269
600000
000778
600694
600547
600161
600428
000930
600663
000538
600005
600100
600104
600028
601600
600050
000933
000718
000960
600037
600198
600787
000860
000917
600271
000617
000777
600177
000807
002023
600022
600029
000563
600663
600100
000661
600016
600640
600005
600135
000410
000906
000751
600811
600740
000796
600406
600894
600607
600725
600383
600169
600110
600428
002028
002033
002128
600019
000920
600480
600528
000778
600378
600970
000709
600518
000158
600267
600764
600090
600102
000663
002005
600036
600641
