3120
600028
600036
000002
600973
600000
600016
002024
600627
600320
000970
600583
000917
600489
000651
600060
000031
600322
000021
600815
600289
000088
000157
600718
600694
600596
600162
000069
600582
000858
000930
000829
000608
600330
600832
600002
600677
600312
600811
600588
000402
600835
600472
600521
600792
600637
000758
000619
600030
600015
600019
000708
600639
002029
600775
600740
000568
000983
000898
000001
600660
600438
600426
600195
600893
600900
600150
000612
600183
600028
600036
600879
600015
000063
600533
600594
600009
600628
600694
600547
600050
000402
600327
600031
600271
600832
600269
600519
600583
600616
000866
600406
600202
000895
000060
002025
600764
600596
000002
600016
600028
600050
000898
600887
600005
000002
600795
600037
600036
600088
600831
600598
000617
000858
600029
002024
000089
000630
600011
600595
002046
600153
600875
600296
000729
000758
600018
600327
600016
600028
600360
000895
600050
000858
600305
600900
600832
000612
600205
600029
600312
600002
600296
600628
000866
000956
600220
000069
600019
600855
600015
000662
600598
000800
000157
000878
600460
600320
600009
600011
600895
600018
600036
600219
600775
000960
000002
600036
600037
600028
600900
000088
600596
000063
600585
600085
000858
600258
600308
600489
000069
600362
600808
000024
600331
000758
000898
600547
600418
600584
000060
600694
002008
000528
600320
002024
600018
600361
600005
600383
600616
000538
000568
600016
600028
600900
600019
000002
600005
600832
000012
600037
600396
600688
000970
600596
000069
000410
600585
600549
600320
600348
600831
600879
600036
600010
000932
600001
600196
000027
600219
600900
000858
600690
600325
600000
600033
000898
600600
600330
600366
600016
600019
600205
000911
600549
000063
000012
600269
600331
000970
000625
600015
000060
600519
600317
000528
000680
600309
600432
000024
600628
600900
000050
600436
000619
600456
600022
600472
600271
600535
600059
600418
600740
600875
600361
600585
600729
000157
600118
000629
000831
600497
000002
600316
600832
600114
600282
600616
000021
000822
600420
600028
000063
600018
600320
600583
600000
600900
000866
600009
600037
600309
600016
000069
002041
600879
600036
600030
600177
000768
000951
000402
600028
000002
600549
000060
000069
600309
600320
600583
000898
600205
600037
600688
600456
600596
600271
000538
600312
000063
000825
600406
600694
600362
000157
600177
000761
600636
600010
000709
600970
600519
600102
600150
600002
600262
600096
600835
600426
000708
000866
600104
000792
600533
600761
000983
000488
600036
600331
000069
000002
600547
600000
600616
600694
000063
000616
600362
600497
002024
600325
000960
000997
600383
000060
600183
600583
000933
000709
600809
000937
600519
600330
000858
000006
000024
600489
002025
000031
000568
600009
600887
600269
600016
600123
600348
600005
600037
600533
000911
600832
600036
000002
000792
600028
600036
600688
000060
600005
600694
600009
600585
600050
600331
600583
000869
600000
000538
000898
600296
600019
000875
600009
000002
600036
600377
600037
600016
000630
600028
600900
600415
000623
600019
600361
000876
000581
600547
000878
600089
600739
000402
600028
000002
600016
000063
600320
000069
600583
600183
002024
600694
000402
000060
600037
600362
600009
600331
600036
600000
600519
600330
000900
600879
600809
600547
600160
600489
600887
600636
600309
600831
600271
600596
000031
600348
000811
600123
000061
000157
600764
600660
600383
000768
600418
000423
000024
002027
600316
000858
600811
600616
000733
600270
000839
600718
000970
600594
600685
000895
000831
600150
600761
000088
000488
000528
000616
000933
600050
600331
600271
600616
000402
000960
000826
600008
600688
000617
600855
000662
600269
000758
600096
600196
000157
000598
600256
600825
600270
000612
600320
600028
600036
000063
000069
600037
600309
600879
600030
600348
000866
000970
000024
000951
600900
600085
600428
600050
600016
000768
600125
600008
600018
000063
600030
600642
000895
600118
600019
000866
600029
000538
600535
600377
000568
600583
600875
600597
000410
600221
600028
600900
600019
600050
000898
000089
600795
600591
600030
000031
600009
600118
600036
000090
000878
002008
600717
000926
600660
000423
600028
000002
600009
600519
600036
600030
600348
600050
600000
000839
600887
600694
000898
600900
000402
600583
600688
600832
000063
600177
600547
600596
000858
600085
600269
600660
000807
600717
002024
000612
600296
600331
600015
000001
600320
600386
600900
600019
600320
000402
000002
000063
600036
600009
600694
600276
600585
600309
600583
600717
600002
000858
000970
600795
000866
000617
600028
000758
000002
600009
002024
000612
600050
600096
600177
600151
000911
600786
000036
002029
600363
600787
600037
600688
600062
600296
000652
600472
600002
600160
000917
600741
600584
600011
000878
600832
600029
000024
600331
600249
600282
600814
000930
600970
000400
600337
600497
000012
600812
600309
600677
000960
000866
600418
000625
600161
600271
000707
000069
600572
600481
600270
000997
600790
600089
600205
600809
002045
000099
000806
000869
600521
000969
600016
600217
600006
600583
000858
600008
600519
600037
600598
600688
000792
600028
600309
600662
600886
600550
600717
600205
600900
600521
600316
000898
600406
600028
000002
600900
600549
600036
600675
600016
600519
600309
600383
000729
600000
600688
000825
600639
600348
600596
000063
600054
600050
600009
600900
600028
600688
600519
600019
600583
600012
000022
000002
000581
600331
600050
000858
600320
600000
600033
600887
600085
000423
000617
000061
000708
600028
600415
600795
600811
600316
600009
000002
600649
000876
600019
600016
600150
600831
600886
000511
002032
600963
600050
600879
600019
000402
000031
000807
600900
000528
600050
600502
600016
600717
000630
000839
600331
600895
002027
000900
000569
600018
600009
000002
600000
600036
600549
600019
600058
600596
600028
600066
600188
600426
600309
600018
600296
600002
600588
600050
600592
600718
000825
600005
600729
600270
000927
000625
000983
000539
000513
600438
600030
000402
000060
600050
600019
000063
600009
000839
600328
600900
600085
600628
600037
000951
600033
600519
600761
600533
600588
000869
600547
600970
600019
600028
600050
600066
000729
000919
000088
600085
600015
000527
000429
000541
600009
002031
000402
600104
000800
600686
600002
000866
600016
600050
000063
000402
000069
600009
600037
600000
000002
600085
600519
600426
600887
600033
600348
600583
000858
600177
600688
600028
600270
600900
600415
600547
600028
600037
000911
600406
600000
600018
600015
000063
600205
000024
600533
600420
000002
600143
600296
002041
600519
600016
600299
000568
600004
600361
600036
000956
002024
600583
600761
600010
000402
600468
600312
600900
000651
600308
000089
600000
600519
600879
600009
600028
600271
600050
600337
600016
600033
000729
600054
600015
600269
600642
600316
600019
000002
000069
600256
600011
600005
000402
000983
600188
000024
600642
600018
600569
600755
000001
600348
600123
000767
002027
000539
600456
000792
600309
000538
000002
600000
600261
000970
600489
600348
000983
600583
600008
002041
002025
600438
000869
000933
600153
600123
600361
000911
600519
600900
600362
002024
002025
600005
600761
000088
600016
600320
600597
600150
000970
600036
000858
600019
000960
000528
600000
600030
600879
600030
600320
000858
600050
600460
000063
000002
002001
600485
600078
600104
600739
600183
600216
600879
600205
600016
600019
000039
600309
000911
600028
600060
600036
000422
600583
600058
600010
000655
600011
600009
600125
600177
600498
000157
600308
600855
600348
600973
000927
600418
600316
000528
600066
600221
600331
600289
600779
600750
002027
000027
000829
600456
600685
600005
000800
000767
600318
600330
600001
000012
000898
600688
600036
600028
600019
600320
000063
600085
000758
600009
600015
000651
002024
600900
000729
600596
600875
600519
600832
600050
000541
600016
000069
600019
600900
000063
000895
600809
000031
600533
000528
600018
600316
000983
600036
600269
600697
600009
600795
000039
600879
000402
600037
002024
600383
000002
000807
002020
600316
600009
600887
000402
000709
600642
600391
002051
600377
600993
600331
000807
000002
600489
000063
600497
600000
600299
000767
600563
000619
002028
002024
600383
600596
600406
600161
600547
600855
600118
600016
000568
600205
000069
600037
600875
600832
600125
000839
000625
600636
600439
000983
600879
600002
000837
000581
600018
600036
600230
600628
000930
600028
600741
600289
600675
600009
600900
600019
600028
000002
600688
600033
600050
600331
600012
000060
000423
600519
000858
600269
600808
600583
600320
000022
000630
600019
600028
600009
000002
600000
600036
600050
600900
000651
000063
600600
600001
600010
600362
600361
600688
000088
600694
600269
000612
000002
600036
600050
000063
600900
600028
600000
600009
600037
600832
600019
600489
600205
600018
600583
600361
600089
600183
000625
000866
000858
000538
600519
600016
000528
600694
000069
600585
600050
600584
000002
600887
600018
000831
600033
600636
000063
000402
600583
600000
600085
600383
600529
600299
600348
000898
600675
600811
000960
600123
000568
600410
600125
600009
600036
000983
600900
600460
000002
002024
600879
600030
600037
600361
000069
600600
600535
600085
600089
000063
000528
600739
600177
600596
000619
600824
600855
600125
000598
600582
600900
600216
600571
600036
600016
600406
600030
000852
600205
600028
600642
600089
600019
600036
600028
600900
000063
600348
000002
600879
000898
600050
600016
000069
000729
600011
000024
600030
600694
000061
000001
000027
600887
600004
600547
600761
600519
600660
000088
000987
000759
600418
600009
600058
600005
000858
000651
000956
600688
000625
600827
600361
000906
002024
000623
600549
600007
600600
600030
600320
600549
000069
600000
600009
002024
600028
600563
000060
000002
000402
600312
600418
600415
600519
600050
600694
000927
600688
000400
600628
600895
600037
600036
000538
600406
000895
600636
600036
600596
600410
600519
000069
600028
600271
600037
000541
000060
600066
600489
600415
600900
000926
000932
600123
600348
600824
600423
000410
600036
000911
600660
600879
600028
600489
000402
600475
600150
600188
600000
600202
000002
002007
600236
600688
000021
000630
000063
600037
000022
600050
600308
600900
600011
600004
600030
000423
000963
000762
600019
600535
600035
600631
600549
000839
600118
600050
000858
000932
000063
600011
600028
600348
000002
600688
000027
000839
600004
600600
600019
000618
000024
600309
000039
002001
000869
000061
600460
600628
600018
600309
600900
600547
600028
600761
600550
600361
000063
600519
600036
000002
600276
600835
000866
600031
600585
600009
600557
600019
000651
600205
600535
000792
600348
600028
600320
000002
600016
600694
000069
600348
000402
600887
600675
600584
600361
600383
600900
600123
000630
600270
600688
000617
600308
000061
600177
000060
000069
600418
000898
600066
000063
600276
600717
600809
600036
600690
000792
600583
600549
600010
600887
000651
600881
000852
600348
000983
600036
600028
600415
600176
600887
600050
000063
002039
600078
600132
600535
600019
600628
600795
600858
600016
600270
000581
600075
600547
600009
600863
600675
600035
600900
600832
600205
000858
600026
000406
002025
000625
000088
600627
600688
600900
000002
600028
600019
600030
600016
600050
600123
000488
600033
000898
000900
600269
000060
000768
600415
600423
000651
000866
600348
600900
600036
600028
000002
000651
600519
600033
600348
000069
000983
600497
600123
600549
600308
000630
600276
600000
600016
600271
600887
600028
600143
000402
600596
000063
600628
600308
600858
600795
600256
600177
600036
600271
600050
600811
600037
600688
000625
600348
600270
600309
600366
000021
600219
600009
600761
600880
600176
600508
000050
600418
000898
600415
600660
600600
600627
600598
002033
600426
000423
000568
600062
600636
000541
600900
002014
600320
600449
600018
600172
600337
600717
600688
000002
600010
600811
600601
600036
600468
600423
600001
600837
600616
600050
002010
000060
000513
000021
600331
600016
600060
000898
600028
000002
000930
000024
600331
600519
600220
600036
600309
600887
000792
600016
600029
000911
600316
000568
600547
600858
600900
600030
000858
000987
002008
600005
000629
600050
600361
600832
000538
000623
600879
600019
000069
600117
600688
600001
000063
600010
600151
600739
000825
600694
000839
600150
600585
600550
000761
000050
600009
600258
600362
000709
000410
600795
600276
600664
000997
000917
600583
600900
600050
600362
600583
600028
600009
600519
600012
600019
000858
600066
600808
600015
000423
000630
600688
000960
000538
600033
000932
600900
600009
600050
600123
600036
000527
600519
000792
600309
600033
000839
600316
600176
000898
000630
600383
600489
600900
600028
600331
600724
600423
600036
600050
600887
600085
600183
000680
600302
600009
000002
600418
600717
600660
000987
000021
000581
600036
600028
000063
000997
000060
600456
600320
600172
600592
600596
000651
000528
000069
000792
600331
600438
600497
600415
600557
600309
600183
600016
002037
600271
600439
600211
600761
600879
600151
600405
000538
002041
000157
600348
600216
000825
600036
600438
000933
000792
600973
600153
600050
600028
002037
600580
002023
600710
002025
600583
002045
600875
600309
600475
600372
600123
600512
600660
000898
000858
002021
000927
600302
600900
600795
600036
600028
000869
000002
000063
600694
600000
600037
600583
600887
000568
600004
600009
000024
000970
600316
600183
000792
000625
002025
600348
600016
600361
000099
600028
000690
600036
000027
600350
600717
000063
600787
000758
600009
600795
000900
600900
600026
600033
600323
600834
600084
000069
600415
600547
600236
002024
600036
600694
600009
600035
000069
600269
600016
600030
600887
000088
600616
000402
600795
000826
600327
000619
600350
600900
002041
600438
000729
600717
600755
600809
600138
600779
600519
000533
600858
600236
600859
000063
000538
600386
000998
600485
600000
000900
600018
000060
600418
000002
600050
600308
000528
600000
600018
600598
600009
600001
600160
600592
600886
600087
600183
600316
600436
600219
600367
600900
600036
600519
600331
000002
600009
000970
600000
600348
600309
000061
000063
000969
600362
000630
600028
600016
600123
000060
000960
002024
600118
600320
000069
000792
000012
600535
600472
600132
600879
600597
000858
600262
000895
000538
000852
600064
600330
600583
000157
600439
000869
600636
000900
000983
600172
000402
600855
000956
000022
600269
600160
600811
600383
000823
600406
600360
000027
002038
600036
000983
600028
000002
600309
000538
000069
600519
000402
600009
600000
002025
600016
600426
000869
600600
600153
600001
600271
600811
600036
600030
600028
000002
600009
600583
600717
600000
600348
000069
000039
600631
000063
600688
600050
600205
000839
000898
600015
000792
600831
600643
600029
600900
600519
000568
600489
600718
600320
600547
000001
600500
000911
600585
600651
600887
002024
600016
600151
600694
600006
000858
000807
000800
000617
000024
000858
000002
600050
000063
000932
600008
600011
000039
600030
600010
600001
600058
000088
000001
600004
600900
600036
600019
000839
600018
600028
600660
600361
600970
600761
600270
600549
600900
600035
600809
000423
600036
600016
600410
600887
600592
000002
600050
600009
600859
600009
000002
600519
600125
600795
600739
600900
000069
600887
600269
600863
000800
000983
600138
000900
000423
600460
000402
600030
600037
600296
600028
600019
600900
000541
600600
600104
600315
600123
600307
600642
600036
000024
600887
600012
600415
000039
600050
000063
600717
600028
600036
000402
000060
000898
600456
600547
000063
000002
600030
000630
600348
600033
600104
600060
600837
600205
000983
600016
600089
600256
600320
000651
600050
002027
002041
600132
600887
000100
600308
000063
600028
600016
000002
600362
600151
000852
600887
600583
600519
600694
000538
000402
600900
000869
000024
600030
600009
600015
600879
600269
600497
600348
600660
600000
600019
600895
600761
600320
600036
600000
600028
600420
600549
600009
600362
600900
600015
000983
600642
002024
600348
000063
600317
600332
000792
000002
600008
000069
600296
600832
600588
600205
000060
600219
600016
000878
600118
600489
600583
000630
600717
000625
600331
600183
600809
600123
600557
000522
000869
002039
600150
000629
600050
600472
600580
000538
600271
600859
000759
600018
600600
600202
600718
600089
600596
600879
000024
600519
600584
600871
600350
000002
000060
600028
600009
000792
600688
600331
600036
600050
600005
000858
000027
600900
600015
000932
600320
600694
600018
600585
600795
600519
000063
600050
000858
600016
600018
600900
600028
600030
600033
600000
000402
600688
600026
000538
600019
000069
600521
600886
600089
600050
600900
600717
600028
600642
600033
000089
600016
000063
600018
600009
600008
600502
600330
600037
600708
600795
600125
600026
600188
000069
002024
600320
600016
600583
600875
600009
600036
002025
000619
600418
000895
000063
600000
600085
600415
600717
600030
000962
600879
600036
000983
600009
000002
600900
600030
000402
000069
600519
000528
600016
600879
000063
600406
600031
600205
600460
600420
600331
600475
000927
000786
000100
000401
600482
600050
000063
600585
600900
600028
600685
600030
600036
000550
000651
000839
600472
000725
600009
600150
600582
600118
600855
000063
600316
600150
600688
600588
000911
600475
600028
600563
600863
600036
600260
600202
002031
600536
000039
000839
000762
000938
600416
000983
600677
600660
600900
600289
000988
000958
600037
002023
600397
000927
000898
600436
600009
600036
600028
000012
600016
600900
000063
000970
000069
600472
600030
600050
000002
000060
600037
000024
600150
000858
600694
600596
000617
600269
000061
600584
000898
600415
600694
000002
600000
600016
600218
600331
000060
600887
600438
002001
600143
600491
600761
600035
600855
600410
600710
600811
600036
600489
000002
600547
000069
600694
600028
600050
600271
600583
000063
000402
600456
600036
600015
600205
000869
600320
600009
600832
600269
600550
600764
000858
600519
600331
600000
000538
600316
600309
600895
600582
600299
600328
002024
600887
000060
600416
000833
600563
600202
000155
600596
600879
600489
600030
000970
600031
000956
600533
600008
600887
600002
600270
000002
600428
000898
000866
600018
600019
600037
600104
600825
000825
600418
600050
600005
600010
000629
600036
600717
600028
000069
600549
600331
600205
000869
600436
600872
600519
000099
600009
600415
600547
000758
600787
600811
000402
600036
000895
000690
600000
000061
600489
000900
600054
600585
600323
600085
600535
000657
000762
600855
600900
600009
000002
600016
600900
600636
600269
600036
600028
000069
000063
600000
000402
600018
600151
000792
600795
600096
000900
600583
600085
600016
600183
600410
600028
600832
000063
600636
600581
600036
600736
600037
002025
600015
600033
000002
000410
600489
000900
600597
600205
000928
600362
600299
000400
600005
600886
000089
000402
600879
600585
600710
600269
600030
600416
002038
600777
600089
600383
600694
600309
000619
000822
000024
600331
000069
000686
600330
600296
600806
000758
000157
000951
002024
600348
000612
600378
600360
600456
600123
600887
000569
600596
600064
600811
600497
600219
600260
600010
600881
600495
600900
600028
600761
600320
000063
600420
600309
000951
600900
000088
600019
600099
000956
000629
600963
600835
000792
002051
600262
000063
600519
000858
600016
600900
600028
600018
600033
600688
600196
600026
000002
600177
600089
600521
600000
600030
600886
000488
000538
600016
600036
600583
600269
600050
000063
600900
600549
000792
600125
002024
600320
000069
600033
000933
600009
000060
600085
600584
000651
600028
600036
000060
000063
000002
600050
000970
600694
600269
000402
600271
600583
600320
000069
600009
600755
600220
600030
000768
600037
600019
600549
000852
600675
000898
600016
600150
600000
600688
000581
600299
600859
600361
000423
000488
000858
600900
600331
600887
600019
600616
600811
000423
600035
600688
000898
600005
600089
600066
000400
000568
600718
600795
600595
600009
600583
600331
600016
600019
600009
000402
600125
600887
600748
000630
000002
600694
000895
600050
002045
600150
000063
600900
600809
600270
002025
000063
600879
600299
600028
600089
000792
600036
600308
000002
600519
600037
600312
600183
600970
600271
600636
600585
600423
600456
000002
600519
600000
600009
000538
600761
000858
600628
600348
600550
600028
600016
600787
600123
600583
600406
600033
600256
000900
600008
000528
600276
600361
600811
600161
600754
600900
600688
000997
000024
002001
000060
600331
600549
600497
600583
600348
600276
600028
000063
600456
000002
600143
002024
600016
000027
600299
000792
600036
600009
000900
600596
600123
600547
600320
600160
000069
000488
000858
600050
600628
600594
600533
600832
600151
002007
000715
600460
600642
600009
600764
600202
600416
000895
600030
600028
600320
600016
600050
600296
600550
000402
600596
600588
600895
600963
600583
600028
000063
600000
600519
000002
000069
600009
600036
600348
600015
600050
000792
000039
600583
600029
600320
600269
600675
000960
000930
000063
002024
000002
600000
600028
600320
000069
600636
600016
600489
600009
600331
600160
600688
600348
000858
000060
600183
600694
600362
000031
000402
600015
600809
600685
600456
600900
600028
600036
000060
600320
600205
000012
000069
600309
000625
600009
600015
000911
000807
000680
000063
600000
600331
000900
600489
600123
600037
600472
000792
000002
600420
600497
600036
600549
000063
600900
002024
600016
600688
000069
000630
600584
600050
600309
000088
600033
000002
000932
600636
600028
000898
600497
600009
600036
600519
600000
000069
600489
600196
600010
000063
000002
600497
600269
600331
600547
000060
000625
600037
600809
000729
600415
600009
600036
600000
600900
000069
600383
600549
600420
000060
600269
600331
000002
000792
000895
002024
600616
000157
000063
000911
600519
600036
600331
600009
000002
600519
600016
600028
600030
600549
000060
000983
000858
600900
600037
000729
600761
000402
600031
000063
600600
600089
600316
600269
000911
600036
600050
600028
000002
000858
600016
600030
000932
600011
600019
600600
600183
600004
600879
000027
000528
600058
600900
000024
600761
