5889
600320
600519
601398
000402
600016
600028
000002
600694
000951
600195
600048
000039
000069
000537
600631
600330
600675
600348
000063
000400
600123
000157
600887
600880
600030
600036
600009
002024
600519
601398
000983
000069
600900
600879
600196
600028
600037
600460
000729
000002
600694
600418
000039
601333
600030
000061
601006
600361
000970
600600
600535
600050
600085
600050
000063
000858
600900
600016
600028
000002
600036
600717
000001
600019
000069
600030
601006
600000
000027
000652
000898
600009
000060
600900
600028
600519
000651
600383
600050
600887
600000
600016
600036
600009
000858
600308
600879
600271
000089
600500
600880
000002
000729
600316
000069
600631
600309
600269
600037
000768
000927
000786
000100
000401
000063
600050
600900
600482
600036
600685
600030
600028
000002
600009
000550
600029
000001
600585
600019
000651
000562
600150
000625
600026
601988
000039
600016
600104
600236
600078
000839
600519
600330
000402
600472
600269
601398
600015
600183
000089
000725
000973
600011
600469
600642
600870
600036
600016
600000
000002
600009
600583
600037
000792
600030
600887
000063
600519
002024
600316
600320
600900
600879
600383
600694
600028
600415
000768
600547
600636
000858
000031
600269
600266
000568
000069
000900
600970
000400
600331
000680
600050
600809
600276
000402
600018
600151
000839
600028
600036
600019
601398
600050
600000
000002
000063
600009
601006
600016
601588
600887
600320
000768
000898
600312
600685
601111
600410
600028
600497
000792
600900
000060
600309
600694
600036
600887
600015
600316
600489
600320
600016
600456
000402
600205
600583
000069
000031
600519
000002
000063
600143
000012
000538
600000
600312
600383
002024
600037
000869
600410
000088
000898
000625
600420
600675
600009
600549
600118
600183
600033
000911
000807
000157
000400
000839
000680
600050
601006
600331
600428
600048
000900
600809
600123
600030
600472
002025
600740
600432
600585
600533
000024
600415
600150
600030
002024
600028
600519
600036
600320
600016
002025
600331
000069
600694
600123
600583
600000
000927
600009
600585
600875
600261
000792
000983
600563
000619
600418
000895
600406
600050
000063
600415
600879
002028
000402
600308
600085
600717
600028
000002
600036
600887
600348
600519
600030
000858
600694
600009
600491
600050
600000
000402
600900
000538
000839
600832
000898
600331
000400
600597
600296
600583
600016
600688
000063
600177
600547
600596
000060
000807
000039
600631
600085
600005
600269
600660
002024
600717
000978
600598
000612
600015
600011
000001
600019
600320
600386
600050
600009
600028
600642
600900
000089
600026
600269
600717
000839
600428
000917
600795
000900
600787
600000
000933
002039
000767
600030
600018
600033
600125
600019
600036
000001
600350
002059
000400
600236
601398
600088
600452
600016
000063
000060
600037
000858
600008
600502
600317
600330
000027
600104
600320
600036
600028
000869
000002
000063
600694
000568
600316
600583
600000
600276
000970
600037
000792
000024
600879
600016
600887
600050
600004
600009
600161
000768
000837
600183
600519
600585
600348
000402
000410
002025
600410
600269
000625
600361
600594
600628
600533
600832
600460
600642
600036
600151
600202
600030
600764
600320
600028
600009
600050
600016
000715
002007
600547
000006
000402
600583
600296
600588
600895
600963
600330
600416
000895
600269
000917
600630
000060
000063
600500
600550
000069
600596
000002
600519
600351
600517
000878
000623
600048
600016
600028
600895
000858
000825
600887
601398
600036
000069
600005
600500
601006
000528
600050
600026
601988
000402
600048
600009
600880
601398
000825
600000
600005
600015
600887
601006
600660
601699
600642
600050
600325
600028
000793
600026
600029
600900
000625
000900
600011
600005
600026
600348
600008
000898
600019
600028
600330
600832
600016
600777
600036
600123
000932
600470
600535
600331
600829
600475
600717
600642
600016
601006
000039
600030
600028
600519
600219
600631
600879
600019
600271
600357
600050
600325
600596
600085
002075
000538
002037
600009
600519
000039
000002
600460
600863
000157
000869
600125
000970
600795
600739
000069
600879
000423
600030
600900
601006
000983
600036
000837
600423
600887
600269
000800
600138
600549
000900
000063
600028
000002
600320
600036
002024
600016
600583
600000
600519
600809
000069
000402
600037
600694
600030
600183
600685
000839
600887
000825
600761
600312
000792
600383
000768
600019
600150
000400
000060
000410
600596
600831
600309
600495
600348
600467
600582
600616
000858
600362
600123
000528
600489
600585
600009
000568
000807
600879
600331
600271
600439
600547
000869
600675
600888
000031
600693
600330
000900
600316
600410
600160
600636
600973
000423
002061
600161
600050
600406
600557
000538
600299
601588
000039
002009
000157
600867
600118
600219
000852
600485
600048
000024
002084
600511
000811
000061
600965
600084
600764
600660
600828
600584
600418
600456
600276
600269
600262
002027
600361
600005
600811
000733
000970
600270
600458
600089
600718
600594
000089
000895
600673
000581
000831
000088
002031
000488
600859
000616
000623
000933
600887
600550
600016
600050
600591
600636
600973
000402
600331
600028
600269
600456
600195
600970
600596
000027
600694
000568
000987
000157
601398
600022
601988
000709
000768
600036
600030
600019
600026
000858
600028
600547
000898
000970
600739
600050
600009
600196
600489
600631
600028
000002
000402
600320
000060
600583
000157
600549
600685
000792
600312
600456
000069
600309
600406
000063
600596
000825
600299
600383
600694
000898
600205
600019
600582
600037
600970
600688
600000
600271
000538
600005
600016
600875
600036
000550
600015
600315
600104
600467
600362
000568
600177
600808
000528
000761
600636
600010
000709
600529
600686
600519
600588
600102
600143
600150
600002
600026
600262
600096
600835
600426
000778
000616
000651
000708
600007
000866
600533
600030
600761
000983
000848
000488
600050
600900
600036
600009
600123
000792
000527
600519
000839
600309
600033
600316
000630
600383
600176
000898
600028
600489
000002
600677
600110
600563
600348
600183
000866
600019
600787
600000
002025
600016
600183
000063
600028
600299
600410
600036
600636
600832
600037
000400
600383
600581
000002
600015
002025
600736
000410
600033
600030
600005
600362
000858
600489
000900
600597
600879
000402
600205
600900
000928
600416
600886
000089
600309
600104
600710
000680
000157
600067
600585
600269
600631
002038
600331
600580
600348
600598
600795
600050
600777
600089
600694
000612
000619
000822
000024
000060
000069
000686
600330
601006
601398
600296
600806
000758
000951
600511
000910
002024
600456
000012
601988
600468
600888
600378
600360
600198
600123
600887
600835
000569
000930
600596
600811
600064
000987
600497
002037
600312
600219
600260
000709
000617
600595
600010
600881
600012
000970
600418
600717
002008
600495
000562
600755
000983
000061
600138
000911
000027
600117
600125
000629
000837
000988
600855
000528
600406
600673
000066
600831
600839
600970
600547
000060
600320
600183
000528
600588
600418
000002
600050
600308
000927
000402
600219
600123
600000
600018
600598
600028
600009
600001
600160
600309
600592
600886
600406
600087
600887
000729
600028
600036
600787
600547
000002
600084
000069
000690
600549
600009
000869
600331
600415
600000
000758
000099
600205
600436
601006
600887
600269
000657
600872
600572
600519
000410
002056
600585
600811
000024
000006
000402
600005
600085
600533
000888
600717
000762
600258
000895
000900
000031
600016
000061
600489
600054
600497
600219
000729
600323
600900
600299
600019
601398
000039
600535
000090
600855
000619
000629
000858
000709
600423
600360
600050
600327
000858
600312
600832
600717
600028
000878
600900
600016
600628
000063
000895
600305
000612
600018
600011
600205
002048
600029
600260
000024
600036
600298
600002
600296
600331
600585
600075
000866
000956
000069
600009
600220
600563
600019
600895
600775
600855
600015
600790
600631
000662
000088
600000
600598
000800
000157
600386
600460
600320
600350
600436
000768
600219
000657
600320
000002
000060
000792
600028
600151
600009
600036
600688
600331
600050
600150
600739
600005
000024
600383
000039
600519
000858
600550
002024
000869
000027
600900
600015
600583
000932
600887
600694
600018
600585
600795
600166
600050
600036
600028
600519
600019
600900
600649
600009
000002
600183
600596
000898
600330
000063
600550
600887
600348
000090
000024
600016
600320
600519
600036
600583
000002
600028
600009
600000
000825
000869
600900
000001
600887
600019
600688
600050
600016
600383
002032
600012
600033
600269
600030
000022
600022
600416
000538
000792
000039
000581
600331
600005
000858
000970
000852
600085
000423
000617
600036
600028
000983
600309
600519
000002
000538
000402
000069
000061
600016
600000
600009
000869
601398
002025
600583
601988
000768
600600
600050
000933
000617
600887
600426
600153
600001
600660
600631
600019
600048
600271
600811
600809
000157
601006
601398
600123
600795
600595
600616
000539
000157
600694
000807
600900
600098
000970
600835
000061
600219
600011
600132
000428
000550
600036
600030
600331
000002
600009
002024
000983
600900
000069
600694
600879
000063
600519
000157
600549
000970
000039
600361
000917
600016
000402
600205
600050
600309
600269
600028
600460
600125
000061
000528
600089
000997
000858
000001
600406
600761
000089
600475
600031
000759
000060
600420
000839
600900
600028
600036
600383
600000
600519
000002
000651
600016
000069
600348
600887
000858
000063
000768
600033
600688
600497
600009
600030
000983
600276
600050
600549
000729
600123
600583
600717
600879
600308
600320
600036
000898
600019
600028
601006
600009
600900
000400
600050
000002
600519
600795
000060
600030
600011
000063
600500
600717
600016
600900
600028
600030
600019
600050
000002
600316
000900
600123
600016
000768
600036
600033
000983
600104
000488
000898
000623
000006
600415
600269
000060
600519
000063
000402
600050
000858
600276
600028
600016
600018
600900
600361
600030
600033
600000
600583
600271
600688
600415
600019
600005
000060
000550
600026
000538
600521
000006
000069
000617
000829
600050
600000
600028
000001
600900
601988
601006
600009
600016
600320
600269
000039
000898
600036
600309
000024
600183
600019
600030
601111
600000
600036
600016
600028
600583
000039
600320
002024
600795
600694
000792
600009
600019
600675
000807
600150
601006
000069
600829
601699
600900
600428
000063
000895
000987
600406
000758
601588
000060
600809
000858
600276
000031
600879
600595
600826
600547
600533
000528
000731
600033
000729
600018
600362
600316
000562
000983
600269
600697
000402
600087
600438
600737
600037
600383
000002
002020
600036
002024
000002
600320
600028
000063
600489
600000
600887
600016
600456
000069
000402
600037
000792
600694
600519
600030
600636
600183
600809
600009
600583
600299
600348
600685
000839
600331
600160
000157
600688
600219
000060
000858
600718
600879
600970
601398
600150
000933
600362
000423
600616
000031
600019
600015
600511
600271
600337
600831
601111
000807
600547
600795
000024
600036
000002
600028
601588
601398
000898
600005
000063
600900
600011
600019
600030
600016
600050
601111
600685
600519
600350
600219
601006
600036
600309
600028
600018
600031
000002
600900
600870
000063
600639
600361
600547
600761
000792
600085
600418
000024
600009
600030
600270
600550
600019
600519
600050
600337
600535
600557
600886
600029
600276
600423
600835
000866
600585
000837
000651
600205
000858
600458
600012
600348
600236
600000
601988
600028
000063
601006
600050
600900
600036
000933
000619
600085
600000
600795
601398
600016
000858
600030
600048
000400
600011
600639
600036
000063
600050
000002
600028
600900
600009
600887
600519
600000
600832
600019
600037
000538
600104
600879
600489
000858
600018
600694
600591
600089
600183
600205
600583
600361
000061
600331
002028
000625
000792
000866
600636
600118
600855
600582
600316
000063
600150
600475
600202
600588
000762
600688
600536
000911
600036
600563
600289
600028
600863
000839
600260
002031
000039
000972
000938
600416
000983
600677
600660
600900
000006
600718
000759
000988
000958
000698
600037
002023
600161
000616
600533
600397
000768
600795
000927
600495
000898
000565
600436
600028
600036
000002
002024
600685
600677
600019
600973
600030
000039
000063
600016
600489
600000
600162
000402
600519
600289
600320
000069
000568
600009
600330
000031
600811
600879
000021
600472
600627
000930
600438
000970
600583
600887
000917
000792
600900
600495
000651
000777
600060
600500
600197
000768
600521
600322
600815
600360
600426
000878
600184
600151
000060
600649
000088
000157
601006
600694
600718
600596
600792
600582
600639
000858
000608
000829
600585
600832
000024
600002
000400
600312
600269
600436
600588
002041
600835
600036
600009
600028
000568
000063
600761
600183
600026
600269
600900
600685
000858
600089
600639
600019
600000
600150
600616
000402
601398
600418
600037
600887
600809
000927
601006
600078
000002
600066
600426
000825
600030
000423
600331
600016
600289
600795
600410
600595
600675
600563
600276
600308
600307
600208
000792
600583
600718
600005
000898
600888
000550
000768
600861
600348
600143
600827
600867
000410
002023
000899
601988
600811
000537
000951
601111
600557
002022
600125
600350
600035
600688
600497
000063
600809
000012
600549
600456
600316
600428
000911
000807
600675
600015
000031
600019
600472
600533
000869
600320
600383
600269
600361
600150
601006
000060
600616
600331
600761
000970
600016
600183
600511
600489
000768
000625
600312
600410
600317
601588
600519
600050
600114
000619
600118
600535
000528
600978
000680
600309
600432
000024
600219
600022
600089
600628
600547
600694
600028
600307
600900
000050
000402
000028
600085
600835
600436
600435
600289
000777
600685
600859
600360
600677
000715
000822
600525
600271
601398
600059
600418
002041
600033
600523
002027
600740
600372
600875
002024
600585
600597
600729
000157
600817
600458
600197
000629
000831
000002
000733
600832
600282
000021
600420
600036
600010
600196
000932
600001
000027
600016
600219
600143
600900
600325
000768
600019
600030
000936
000858
600000
600690
600500
000039
600050
600028
000089
000402
601398
600900
600309
600456
600642
600636
000157
600886
000538
600497
600761
600269
600087
600268
000792
000039
600519
600009
600030
600269
600036
600019
601398
000002
000717
600296
600795
000060
600327
000869
000069
000157
600104
000858
600028
000625
600597
600026
600005
000680
000970
600418
600031
600879
600420
000983
600900
600600
000729
000825
600717
000039
000629
000839
600309
000528
000927
000917
000581
600636
600686
002024
600415
600036
600028
000898
600519
600029
000002
600887
600016
601398
000930
600005
000024
600009
600331
600547
600309
600900
000063
600220
600316
000568
000538
000709
000792
000858
600739
600832
000839
000987
600550
600858
000911
000623
600050
600150
600030
000423
000069
000768
000629
600019
600867
600117
000869
600361
002008
600797
600879
601006
600054
000878
600296
600688
600001
600010
600258
000807
000888
600583
600031
000550
600151
600491
600718
000825
000050
600694
000917
000617
600489
000061
000012
600585
600211
600535
000761
000978
000549
600303
600533
600088
600269
600037
600048
000758
002053
600754
000729
000951
600307
600362
000410
600795
002024
600675
600276
600438
000027
600011
600026
600664
600439
000997
600143
600748
600000
600028
000002
000063
000039
600519
600348
600383
000069
600009
000792
600036
600015
600050
000423
600583
000623
600331
000768
600029
600269
600320
600887
000858
600016
600497
600084
600309
600019
000581
001696
000400
600675
000960
000839
000930
002024
000549
600050
600030
600320
000858
600183
000002
600104
600485
000063
600460
601398
600036
600739
002001
600016
600078
600028
000060
600216
600879
600205
000039
600588
600019
000970
600583
600330
000652
000655
600309
002039
000157
000528
600066
000930
000027
000911
600060
000422
600058
600331
600010
600779
600005
600585
600011
600009
600125
600177
600498
600685
600308
600855
600001
600348
600973
000927
600138
000012
600418
600352
600169
600316
600221
600325
600840
600289
600750
002027
600497
600963
000829
000623
000776
000926
600688
000024
600456
000031
000800
000906
000767
600318
000680
000898
600887
000002
600104
600270
600002
600037
000024
600428
600050
000898
600019
000866
000625
600418
000629
600018
000525
600825
601111
600029
000002
600547
600694
600036
600271
600028
000869
000069
000538
600320
600299
600887
600519
000792
002024
600316
000402
600030
600456
000063
600583
000858
600050
600582
600415
000060
600309
600832
600031
600895
600315
000568
600764
000898
600009
600015
600205
000157
600202
600423
600269
600550
600331
600406
000970
600000
600019
000667
600328
600489
600416
000833
600563
000039
000155
002056
600859
600855
600596
600616
601006
600011
600879
000729
600132
000956
600296
600533
600008
600005
601333
601991
601872
601666
002078
002099
002083
002084
002085
002087
002092
002100
002077
002081
002086
002088
002091
002094
002095
600036
000852
600050
600887
600019
600348
600176
000983
600028
600535
600867
600415
601398
600132
000063
002039
600078
000157
600858
600628
600009
600795
600000
000858
600675
002061
600016
000839
600270
600026
000581
600075
600547
600015
600863
000625
600832
600219
601006
600030
600035
600900
000428
600627
600033
000612
600205
000031
000623
600005
000406
600051
002025
000815
000088
600308
000898
600688
600583
000002
600519
000858
600036
600123
600406
600787
600754
000538
600019
000024
600125
600000
600009
600761
000528
600628
600028
000602
000837
600348
600550
600016
002007
600435
600639
600161
600875
600811
600327
600256
000402
600729
600033
000900
600008
600276
600361
600616
600030
600037
600900
600688
600717
000997
000501
000099
601988
601006
600050
600036
000002
600016
600675
000898
600028
000063
000088
000089
600428
600489
600900
601588
000400
000858
600511
000060
600028
600050
600009
600900
600717
600036
600331
600519
600795
600016
600973
600887
600517
600183
000528
000063
000927
600201
600820
000157
000680
600809
600827
000402
600019
600104
000568
600660
000002
600636
002028
600307
600596
600724
600527
000898
000410
600361
600423
000987
600697
000423
600879
600005
600138
600547
600888
600718
000825
600085
600030
600563
600261
600037
600036
002024
600809
600016
600350
600009
600030
600694
600519
600269
600000
600887
000069
600026
600467
600795
600327
600859
600438
600616
600035
000063
600361
000848
600122
600485
000088
000402
000858
600195
000826
000619
601006
600037
600900
601398
002041
600296
600428
000729
600236
600717
600755
600582
600138
000531
000768
600779
000533
600858
600886
600410
000560
002049
000538
600386
000998
601111
600628
000900
600018
600028
000568
600900
600316
600879
600019
600036
601006
000002
600583
600050
600694
600320
000970
600161
600030
600005
601111
600688
600887
000012
600519
000063
600037
000629
601398
600050
600019
600004
600009
600016
600005
601588
600010
600694
600012
600808
600887
601988
600001
000002
600011
002022
600795
600028
000410
600036
000911
600660
600900
600475
600050
600879
000002
000839
000768
000021
000878
600030
600489
600236
600019
000402
600150
000930
600188
600037
600000
600202
600460
002007
600688
000630
600795
000063
600316
600428
000022
600183
600308
600011
600004
000423
000963
000001
000039
000762
600717
600535
600035
600631
601006
600549
600161
600118
600549
600456
600276
000060
600497
600583
002001
600299
000792
600331
002024
600028
600547
600320
600348
000063
600309
600519
000027
000002
600525
600143
600016
000869
600036
000538
600887
000900
600809
600009
600596
600406
000878
601398
600123
600160
000069
600033
000488
000858
600030
600050
000024
600036
600050
600104
600000
600900
600012
600028
600519
600315
000063
600296
000825
000429
600019
600887
000410
600018
000616
000651
601398
600415
000089
000539
000541
600600
600325
000157
600123
601699
000848
000625
600048
000039
600307
600642
600886
600591
000581
000402
600350
600026
600519
002024
600030
600009
600320
000538
000402
600036
600028
000400
600415
600549
000069
600312
600000
600694
000927
000039
600660
000002
600585
600563
600309
600406
600383
000060
600219
600315
600963
600418
600271
600628
600123
600050
600688
000063
000729
600037
000792
600895
000895
600636
600299
000063
002025
600879
000792
600036
600089
600028
600519
600183
000002
600308
600037
600970
600312
600030
600271
600067
000410
600636
600423
600831
600000
601988
600009
600028
600019
600036
600050
000061
000898
600423
600016
000002
000568
600900
600535
600331
000709
600011
000063
600005
000538
000933
600456
000869
000983
600309
000792
002021
600694
002025
600887
000970
600009
000002
600000
600348
600036
600261
600489
600583
600028
600153
000402
600008
600415
002041
600438
600361
600519
600123
600600
000911
000987
000157
600028
000031
000063
600900
600895
600583
000402
600019
600036
600016
000930
000528
000898
000858
600296
000400
600879
601006
000807
600685
002024
000839
600406
600050
600737
000900
600694
000792
600037
600320
600502
600859
000768
000983
600717
600362
600697
600518
600202
000630
600893
600269
600795
601988
002027
600401
600089
600331
600033
000733
600316
000569
600018
000419
002052
600009
000002
600809
600016
600031
600859
600028
600887
600970
600036
600361
600660
000069
600761
600270
600549
600050
600900
000063
600035
600809
000759
000423
600761
600028
000951
600320
600309
000063
600420
600900
000088
600688
600019
000001
600739
000709
601988
000898
600590
000629
601006
000933
000825
000878
600036
600030
600028
600019
600000
600900
000858
600009
000002
601398
600694
600005
000423
600583
000039
000063
600631
600887
600497
600717
000060
600016
000069
601006
000792
600348
600547
000839
600050
000538
000402
600831
600320
600688
600895
600089
002024
000758
000898
600269
600037
600205
600643
000680
000568
000157
600316
600832
000869
002008
600026
600150
600015
600739
600500
600296
600489
000562
600585
600307
000028
600029
600456
601699
600519
600797
600675
600718
600879
600475
000031
000001
000911
600795
600693
600809
600258
600271
600651
600151
600787
600616
600888
000960
600006
600327
000410
000807
000800
000617
600550
000024
000623
600019
600028
600009
000002
600036
600000
600050
000063
000651
600900
600031
600383
601398
600361
600085
600600
000612
600016
000858
600001
600010
600362
600688
600887
600269
600694
600348
000900
000088
000970
000538
600036
600000
600016
600320
600497
000069
000792
600583
000063
000858
600739
600348
600084
600331
002024
000549
600030
600022
600089
000960
000912
600005
601398
600438
000060
000768
600383
600009
600547
600580
000617
600015
000970
600269
000039
000930
600489
600266
000900
600271
600616
000630
600415
600694
600675
000568
600028
600000
000002
600036
600143
600519
600037
600406
000063
600970
600547
600030
002024
600050
600583
600533
000911
600879
000024
600015
600468
600312
600688
600089
600018
000718
600673
600761
600205
601988
600973
600420
601398
600887
000869
002038
600497
600458
600296
000402
600150
002041
601006
600489
600016
600795
600739
000400
000410
600299
000623
600262
600316
600677
600004
600320
000927
600361
600432
000956
000039
600010
600000
600016
601398
600036
600900
600005
600019
000402
601988
600015
600050
000157
000410
601111
600583
000951
000858
600029
600887
600438
600036
600028
600879
600015
600547
000063
600594
600533
600009
600694
600299
600628
600050
000402
600031
600202
600327
000157
600383
600583
600271
000060
600406
600269
600900
600832
000538
600519
000951
600616
000866
600415
600895
600320
000895
000423
002025
000002
600296
600764
600596
600886
600036
600900
000002
600331
600016
600519
000060
600009
600879
000970
601988
000858
600000
000157
600028
600348
600309
601398
000061
000063
600123
000969
600362
000630
600489
600118
000960
002024
600583
600320
000069
000792
600829
600262
600019
600050
000012
000039
600037
600547
600005
600535
600472
600132
002046
600597
000895
600029
000538
600015
000410
000852
600064
600330
600439
600887
000869
601111
600004
000400
600636
000900
000951
000983
600172
000997
000402
600855
000956
000022
002038
600360
600269
600428
600160
000837
600811
600383
000823
600406
002033
600750
000027
600030
000002
600000
600519
600036
600016
600005
600320
600030
000858
600309
600028
000039
002024
600019
600383
600015
600879
600809
000410
000680
000402
000157
000069
600331
600438
000568
600887
000970
000088
600360
600150
600183
600325
600900
600829
000024
000983
600583
600050
000400
600761
600855
600362
600685
000898
600973
002025
600031
600029
600312
600432
600597
000951
600616
000060
000927
600557
600118
000768
000625
600694
600348
000063
000538
600028
600030
600036
000063
000898
600900
000410
600717
600887
600019
600125
000402
600737
600050
600060
000089
000839
600584
002008
600123
000927
000090
600426
600777
600795
600118
002007
000401
600315
600591
600886
600009
000423
000031
600016
600219
600036
600000
000002
600028
600320
600009
600016
600420
600549
600362
600900
000878
000792
600015
600332
600887
600809
000759
000983
600642
600183
600583
002039
600519
002024
600348
000063
600219
600050
600317
600489
600761
000060
600008
000869
600472
000069
600296
600832
600588
600205
000538
600456
600584
600879
600118
000630
600717
000625
600331
000410
000024
600439
600497
600415
600031
600276
600123
600557
600729
000522
002029
600150
000629
600580
600271
600859
600018
600600
600875
600202
600718
000807
600026
600089
600596
600054
000031
600088
600871
600547
000912
000039
600361
600350
000800
000002
600019
601006
601398
600016
600583
600037
600005
600050
000839
000024
000898
000858
600036
600125
600123
600497
600511
600754
000807
000099
600028
000690
600036
000027
600717
600009
600787
600084
000758
600795
000900
600350
000063
600033
600900
600547
600026
600323
600834
600236
600011
000069
600415
600016
600028
000063
600320
600309
600016
600036
601398
600037
600000
000069
000001
000616
600312
000768
600583
600642
600018
600739
600832
601111
000951
600005
600268
600900
600406
600183
000866
600855
600009
600030
000400
600048
000410
000002
002041
000402
600879
000039
600718
600177
600361
600616
600855
600050
000157
000612
600616
600331
600271
600084
000598
000826
000402
000960
600000
600742
000758
600688
600651
600270
601588
600018
600008
600196
000617
000662
600269
600786
600096
600386
600500
000917
600256
600058
600122
600016
600825
000831
600391
600172
600392
000089
000157
002028
000680
002041
600019
600348
600123
000825
600036
002045
000002
600028
002021
600216
600438
600875
002023
000951
600302
000063
000927
000933
600309
002025
000792
600795
600153
000858
000625
600973
600050
002037
600580
600269
600710
600054
600479
600583
600660
000039
600428
600009
600475
600372
600030
000401
000783
600512
000898
000768
002007
600900
600519
002049
600694
600000
600016
600036
000002
600438
600331
600500
000060
000400
000729
000807
000024
600005
600030
600050
600383
600963
600218
600489
600298
600855
600271
600811
600887
600035
600019
002024
600879
600029
600547
000898
600325
600967
002001
600143
600491
600761
600033
600312
600410
600247
000900
000848
000831
600415
600416
600584
600710
600060
600685
600467
600350
600327
600439
002028
600126
000858
000625
600362
600519
000063
600016
600050
000069
600000
600028
000402
600383
600033
600583
000839
600887
600009
600348
600037
000002
600085
600271
600426
600361
600276
000759
000858
600177
600688
600270
600900
600808
600489
000898
600415
600036
600596
600028
000002
000063
000402
600383
600030
002061
600000
600309
000024
000858
600050
600887
600026
600590
000898
000651
000157
600016
600827
600858
600439
002003
600143
600303
600428
600062
600438
600867
000069
000625
000792
600271
600308
600616
600627
600688
600795
601006
000987
000623
601699
600811
600219
600177
000039
600628
000759
600176
600971
600261
000428
600331
600019
600172
600256
000726
600535
600740
600096
600886
000031
600037
600033
000060
600348
000061
601111
600636
600258
600270
600880
600160
600005
600366
600900
000021
600009
600761
600508
600087
000050
600418
600511
000910
600415
600660
600600
600598
002033
600592
600426
000423
000568
600011
000541
002014
600320
600449
600018
600337
600495
600016
000002
600009
600036
000876
000061
600028
600377
600415
600037
600361
600019
000629
000858
000630
000069
600547
600900
000581
000623
601398
600036
600019
600030
600028
600900
600009
600026
000002
000858
600016
601006
600519
600011
600029
600005
600050
000625
000898
000807
000002
600036
600694
000792
600028
600688
600005
600583
000869
600519
600383
000060
600000
600030
600320
000538
600016
600050
600033
600361
600694
600583
000538
000063
600456
600028
600519
600320
600016
000869
000002
600362
600415
600761
600151
600299
000039
000852
000402
002024
600887
600271
600616
000568
600309
600660
000792
600900
000024
600125
600005
000060
600000
600030
600009
600879
600269
600015
600497
600036
600348
600675
600019
600895
000063
000060
600036
600497
600028
000997
000651
600456
000528
600320
000069
600596
000623
000792
600172
600592
600016
600438
600331
600183
600557
600309
600415
600761
600050
600410
002037
600271
600439
600211
600547
600066
600879
600887
600888
600000
600639
600151
600405
600491
600660
600694
600500
600022
600616
000538
600036
600028
600019
002024
000063
600519
600320
000758
600085
000651
600596
600009
600015
600585
600900
000729
600787
000002
600875
600521
600016
000898
600832
600050
600383
000541
600016
600795
600036
600009
600030
600879
000402
600717
000063
000792
002008
600296
600271
600309
600320
600887
000825
000024
600616
600583
000060
600019
600031
600438
600037
600050
000063
600009
600018
600628
000839
600694
600328
000039
600900
600592
600085
600000
600036
600033
600497
600519
600547
000538
600386
600296
000951
600970
600688
600028
600066
600761
600436
600302
600533
600764
600588
600000
600036
600028
600050
600019
600058
600549
600585
000825
600309
600596
000402
000024
600048
000157
600588
000951
000400
000709
600639
600066
000069
601111
600085
600188
600426
600282
600011
600018
002022
600489
600296
600002
000651
600809
600456
600592
600096
600718
601006
002009
600005
600591
600729
600270
002035
000927
600012
000625
600611
000983
000539
000513
600438
600030
000002
000858
600050
600030
000063
000002
000027
600058
000001
000088
000932
600036
600717
600018
600008
000652
600011
000623
000039
600016
600010
600001
600000
600900
600004
000839
600028
600739
000425
000060
600104
000069
600019
600808
600583
600887
600694
600019
600150
600036
600028
000063
600795
600276
600016
600307
000402
600331
600748
600125
000400
600009
600067
600296
600270
600000
000930
600269
600900
000630
600050
000002
000895
600439
600855
600582
600406
000619
600036
600596
600016
600824
000852
600270
600030
600125
600786
600571
000825
000598
600900
600611
600216
000799
600737
000423
600205
600122
000157
000887
600028
600642
600166
600048
600089
600019
600438
600035
600366
000858
600583
600717
000792
000002
600519
600028
600036
600019
600037
600309
600009
600161
600008
600316
600050
600598
000825
600688
600406
600886
600879
600662
000758
600963
601398
000729
600550
000027
600205
600900
600521
000402
600320
600028
600036
600016
600519
000063
000402
000002
000898
000060
600415
600456
000069
600030
600761
600009
600050
600547
600887
600737
600066
600497
600694
600104
600362
600895
000630
600026
600348
600033
601398
600489
600588
600303
000428
000717
000423
600307
600258
000733
600060
600837
600616
000598
600205
000983
600835
000651
600123
600150
600089
600019
600361
600048
002024
600256
600685
600426
600732
600831
002027
000157
002041
600132
000997
600817
000100
600628
600308
600900
600028
600036
000002
600309
600383
601398
600519
600005
000069
600009
600887
600639
000039
600549
600895
000866
600348
600050
600000
000825
600563
600016
000792
000024
000063
600675
000157
000528
600500
600596
600002
000550
000729
600276
600688
600423
600316
600631
000402
600219
000768
600054
600048
600033
600879
600827
000651
600312
600962
600012
600880
600050
600028
000878
600787
600009
002024
600177
600151
600026
600331
600169
000758
600677
601398
600357
000793
600037
600963
600584
000002
600183
600688
000917
002088
600271
600675
000729
600161
000612
600160
600497
600887
600096
002084
600282
600832
600010
600970
600296
600029
601111
000911
002029
600716
600472
600236
600811
600016
000930
600786
000036
000024
600363
600828
600062
600348
000652
600561
600002
000960
600217
600741
600481
000617
600011
002028
600249
600521
600572
600814
600839
600511
600428
000400
600337
000707
600640
000012
600616
600166
600036
600812
000780
600269
600309
000859
600962
600118
000900
000866
600418
600591
000625
000935
600088
000069
600713
600233
000788
000562
600270
000997
600790
600081
600628
600089
600205
600360
600809
600133
600018
002045
000099
000806
000869
000902
600961
601699
000068
600196
000663
000969
000848
600449
600823
000602
000926
600006
600900
600320
600036
000002
600019
600694
000402
600583
000869
600406
000063
000858
000970
600009
600276
600028
600585
600309
600717
600887
600036
600009
600028
600151
000900
600016
600050
000012
000063
000825
600415
600694
600900
000024
000060
600456
000970
000402
600269
000069
600183
002032
600616
002024
600271
000793
000858
600475
000002
600026
600472
600030
600596
600161
000898
600330
000807
000538
600037
600150
600309
600383
000617
600521
000039
000061
600584
000768
000826
600118
600761
600036
000002
600030
600028
600016
600050
000063
000039
600011
000869
000858
600000
600019
600004
600761
600519
000651
000932
600900
000550
600600
600183
000970
000528
600694
600887
600418
600383
600879
600875
600361
000027
600058
000024
600660
600028
600036
000002
600016
600000
000006
000623
600219
000061
600795
600811
600050
000876
000708
600019
600415
601006
000729
600085
600009
000709
601988
600050
000002
600009
600036
600028
601006
600000
600383
600030
600016
600348
600019
600628
600438
600688
600549
600005
600031
600033
600519
600016
000069
600808
600887
000528
600694
600299
600026
000831
000063
000002
600585
600809
600348
600050
600584
600276
600000
600018
600383
600636
000402
600583
600085
600028
600005
000400
600529
600859
600269
000898
600675
600811
000625
000960
600037
600406
000550
000987
600548
000568
600489
600123
600829
600547
600410
000839
600125
600125
000063
600008
600018
600467
600583
600030
600642
000895
600118
600028
600019
600050
600897
000866
600029
600596
000538
600016
600320
600423
600535
000963
600755
600377
000568
600026
600660
600309
000939
600176
600033
600616
600875
600664
600302
000539
000581
600597
000410
600006
600221
600628
600690
000926
000089
600028
600320
600036
000069
600309
600037
000063
600016
600030
000768
000970
600271
601398
000410
600415
600887
600348
600879
600406
600900
000866
000039
600050
600739
000001
000951
002024
000024
000623
000858
600276
600029
600000
600519
000061
000002
600085
600688
600048
001696
000792
600316
000400
600428
600361
600320
600519
600000
600583
000002
600028
600009
600900
600019
600688
600887
600050
600269
600012
600685
600033
000792
000869
600036
600331
000060
000423
002024
000538
000858
600808
600456
000063
000022
600677
600832
600037
600880
000623
000060
600316
600036
000729
000917
601398
600088
600693
600491
600302
600030
600009
000503
600831
600563
600050
600467
601988
600371
600262
600887
600697
600855
600015
600739
600177
600104
600439
600028
600655
600489
600309
600128
600307
002027
000402
000002
000021
600900
000630
000001
600183
600547
600151
000709
600970
600031
000002
600717
600036
600010
600688
600811
600601
000063
000858
600050
600468
600423
600028
600016
600001
600693
600837
600616
600037
000528
000837
000623
002010
600320
000060
600016
600583
002024
600320
600036
600549
600694
000792
000002
600269
600050
600900
600887
600879
600309
000063
600143
600009
600125
600519
000825
000651
600675
600028
600005
000031
600406
600895
000807
000069
600028
600036
000063
000002
600271
600583
600694
000402
000060
000970
600887
600037
000768
000069
600016
600970
600050
000792
600406
000538
600879
600309
600269
600030
600549
600675
600048
600859
600320
600299
600019
600361
600415
000852
000898
600009
600755
000858
600220
600410
000528
000410
600456
600900
601006
600616
600031
600519
600125
600150
000157
600000
600688
000581
000423
002024
600660
600312
000933
600481
000488
601398
000629
600028
000402
600011
600887
600886
002075
000755
601333
002033
600511
002070
600616
600000
601872
002003
002054
002078
601991
600050
601398
000002
600030
600019
600036
600104
000898
600028
600660
002024
600004
000858
600418
600016
600694
000063
600269
000825
600900
600058
000623
600519
600348
000927
600009
000027
600688
600887
600879
000549
600739
000039
600583
601333
600005
002048
000024
000792
600276
600011
000069
000729
600415
002073
000651
600386
600547
600219
600717
600628
000061
002007
000581
000527
000001
000568
601111
000402
000987
000410
000807
600000
000625
600761
000550
002085
000759
000933
600169
600500
000088
000528
000562
002059
600649
600859
600729
000538
600085
600143
000970
000906
600037
000900
600875
600383
000956
000897
600511
601991
600827
000709
600361
600322
600858
600048
600549
600007
600600
600036
600549
000063
002024
600900
600016
600320
600309
000069
600028
600688
600497
000630
600584
600636
000002
600050
000088
600033
600236
000825
000932
600269
000061
600177
000898
000027
600036
600795
600887
000069
000825
600900
000002
600019
600028
600066
600009
600037
000060
600585
000651
600005
000157
600050
000402
000089
600660
000063
600519
600276
600809
600881
000039
000024
000528
000858
600418
600535
600296
600383
600761
600183
600094
600432
600282
600018
600717
600694
600690
000792
600320
600456
600406
600583
600549
600010
000538
600202
600262
600269
600731
600150
000002
600331
000069
000063
600028
600547
600383
600616
600000
000616
600497
600694
600050
600809
600036
000858
000709
000060
600325
600330
600362
600016
000997
000933
000960
600583
002024
600183
000039
600519
600269
000568
000024
600887
600111
000528
000937
600031
600104
600019
600459
000006
000629
600533
600489
002025
000089
600879
000031
600017
600037
000807
600030
600009
600005
000869
600123
002082
600348
000001
600900
000630
600195
000825
600197
601398
600761
000911
600832
000002
600331
600377
600993
002024
000063
600383
000807
600000
600832
600299
600036
600497
600016
600161
600489
600675
600050
600563
000767
002028
600360
600500
600596
000568
000619
600855
600406
600026
600547
000839
600028
002022
600970
000625
000651
000060
600118
600037
600875
600320
600205
000069
600009
600584
600495
600269
600296
000402
000581
600879
600125
600685
600887
601398
600636
600694
600439
000837
000983
601006
600900
600002
600123
600018
600289
000488
600519
600472
600230
600628
000039
000930
600741
600827
600029
600104
600036
600519
600410
600028
600415
600596
600887
600426
002007
000619
600611
000069
600489
000060
000926
600726
600271
600439
600123
000538
600519
600050
600320
000538
600583
000987
600438
600879
600269
600000
000002
600036
000063
000550
000792
600028
600900
000869
600888
600887
600362
000423
600009
000001
600590
600012
600019
000024
600033
601333
000858
002024
600066
600361
600808
600015
600016
600028
600036
600050
000002
600088
600887
000898
600795
600005
002024
600037
000858
000060
600831
600875
600030
600598
000617
000089
600519
000063
600271
600276
000402
000858
600050
600028
600016
600900
600018
600361
000617
000550
600033
600005
600583
600688
000006
600000
600196
600026
000002
600521
600177
600415
000060
600089
600028
600036
000002
000039
600037
000063
000960
600900
600050
000858
600016
000060
600019
600030
000069
600489
600383
600361
600596
600970
000088
600808
002024
600519
600585
600588
600887
600085
600547
600827
600258
600308
000089
600694
600362
000839
000024
600331
000758
000898
600005
002082
600418
600584
002008
000528
600832
600320
600309
000709
600535
600018
000568
000970
601988
000423
000625
600616
600296
600017
000538
600183
000837
600195
600583
600050
000858
000002
000027
600028
601006
000825
600011
000932
000063
600348
000039
600688
600016
000839
600004
600309
600600
600019
600631
600009
600030
000618
000024
000591
002001
600007
000869
600585
000061
600460
600598
600900
600628
600028
600019
600050
600900
000852
600066
600879
600015
000002
000729
000987
000919
600036
000088
600085
000527
600686
000429
600416
000541
000559
600479
600009
000777
000002
601398
600050
600028
600019
600000
600009
600036
000001
000089
000069
600016
600900
600879
600808
601006
600331
600005
000039
000402
600519
002024
000792
600000
600456
600694
600497
600009
000063
000869
000031
600036
000402
600309
600489
600585
600316
000002
000538
600269
600809
600549
000568
000069
600675
600048
600415
600196
600010
000060
600616
000807
000046
600761
600331
600547
000410
000970
601006
600348
600583
000625
002041
600028
600316
000063
600036
600694
600583
600050
601006
000869
000002
000970
000568
600879
600183
000069
002025
600000
600037
600519
000024
000837
600887
000768
600900
600019
600161
600009
600016
600276
000983
000410
600519
600036
000792
600009
600900
002024
600000
600456
600675
000063
600489
600028
600309
600269
600549
600694
600585
600123
600497
600809
000031
000060
000069
000538
600383
600420
600015
000402
000002
600316
600331
000088
000898
000895
000933
600859
600616
000024
000157
600360
600036
600331
600009
600519
600549
000002
600361
600089
600028
600694
600269
600150
601398
000039
000060
600900
600030
600887
600016
000839
000970
000858
000528
000063
000402
600019
000069
600739
000983
600761
600475
600037
000001
002024
000157
600600
000729
600879
600315
600031
600104
000629
600026
600835
000825
600596
000061
600535
000792
600316
600296
000837
600236
000869
601006
600415
000417
000911
