4133
000002
600019
600307
600000
000069
600022
002024
600016
601939
000898
600005
000001
600028
600331
600030
000046
000063
601398
000012
600997
600488
600266
600031
600028
600019
600100
601919
600569
000903
600357
600015
600016
600409
600030
600997
000858
600362
600859
002024
600236
000983
600005
600019
600050
000625
601318
000839
600547
600409
000002
000825
000712
600383
600660
601398
600518
000680
000717
600801
600183
600028
000002
600030
000895
000983
600005
000651
601318
600104
600050
600036
002110
601006
000970
600138
000612
000826
601628
000501
600596
600216
000001
000069
000983
000898
600348
601186
600017
600000
600028
600050
002054
000568
000422
600896
600015
601939
000932
600016
600030
600036
000002
600005
600030
601398
600019
000792
600000
600519
000651
600050
000933
000858
601857
000001
600028
601318
000878
600058
601939
000983
601328
601628
601088
000612
000869
000898
601600
600256
601186
600030
600000
600036
601166
000937
601628
601390
600547
601398
000898
600585
600015
601601
600050
600089
000825
600019
600309
601318
000063
600016
600030
600019
600005
000972
600808
000709
600022
600971
601186
002078
600475
000539
601898
600307
002152
000717
000960
600027
600036
600312
600050
600030
600835
000652
600028
600029
600521
000858
601318
000983
000002
601111
600005
601088
601006
600688
601857
601628
000002
600028
600050
601857
600036
000858
600019
600030
601628
600000
000001
601939
000568
601318
600005
601111
601006
000898
600048
601166
600019
600036
000933
600005
000625
600022
000825
000898
600037
002024
601628
601318
600000
600795
600050
600685
601328
601398
600519
000060
600036
000002
601398
000024
600016
600019
600028
000898
600596
600000
600519
600325
600005
600150
601006
000402
000858
002152
600337
601898
600000
000878
000983
601328
000568
600104
000825
600016
600005
000651
600019
600059
600675
600026
600028
600037
601088
000039
000423
600418
600030
601318
600009
600000
600887
600383
601628
600019
600028
600036
600050
000002
601919
000729
000717
600048
600016
601939
600569
002056
000002
600423
601166
600123
000825
600809
600519
600000
600547
601006
000088
600033
600036
600309
601318
600348
600019
000039
600518
600596
000768
000002
601088
600019
601398
600016
600028
600748
600036
601318
000527
601857
600786
601919
600879
601628
600688
600195
600111
601939
600309
000002
600005
600036
600000
600569
000667
000001
601318
000402
601919
600123
601328
000651
000898
000829
600423
000568
601088
601628
600660
000655
600030
600428
000069
601666
600138
000800
000933
600219
600000
000001
000002
600036
000063
600718
600779
600362
601919
600028
600528
000758
600029
600348
000978
000898
600030
600028
600050
600900
601628
601006
000002
000402
600015
601390
600585
600019
600660
000898
600519
601111
600036
600875
601919
601898
601628
000839
600019
600037
000002
600005
000898
600016
600028
600030
601398
601318
000001
000060
601328
000651
601390
000528
601601
600000
600036
600238
000002
600026
600580
600000
600005
000001
601088
600596
000060
600674
000012
000401
000917
601318
600348
600748
601939
600585
600019
601006
000629
601390
600030
000002
601919
000825
601318
600036
000338
000878
600000
600050
600596
601939
600737
000012
601166
000839
000858
600028
000069
600685
600150
600717
000839
600748
600675
601919
000602
601318
600900
600030
600050
600019
000002
600886
600428
601166
000002
601939
600048
600028
600000
601006
600019
600036
000758
600416
002067
601088
601111
000800
600050
000858
000912
000001
600030
601318
600015
000825
600050
000898
601398
000858
000612
600019
000422
000060
601318
000709
600362
601988
601939
600195
000651
000839
600037
000402
600016
000338
600438
000858
600685
600019
000878
600997
000528
000778
601088
600027
600141
600830
600072
000589
600694
000910
600897
000960
000792
000651
600519
600036
600596
600000
600900
600331
601318
000568
601628
600001
000060
000878
000063
000001
000717
600549
601666
000937
601318
000858
000002
000898
600037
601939
601006
600028
000001
000709
600308
600036
600000
600631
000568
600050
601166
600717
000933
600030
600005
600050
600096
000002
600019
601318
601006
600000
600030
600028
601186
000063
601390
601398
601857
000402
600795
600675
601919
000858
600036
000002
600030
600153
600050
600737
601318
600674
601390
600005
601919
000026
600748
600019
601166
601398
000848
000599
600361
601898
000001
600308
600428
000667
600122
000911
000401
600830
600836
000002
600036
601318
600029
600050
600519
000792
600000
600547
600251
601111
601808
600325
000651
000858
600030
000898
600150
600456
600591
601988
002024
600028
601398
600050
000002
601328
601318
600019
000060
600900
000651
000612
600547
600005
600036
601390
601628
601939
600456
601398
600016
601318
600005
600019
601601
000898
601898
600900
600000
000839
000069
600030
000968
600795
000024
000002
600001
601186
600028
000002
600036
601318
600000
601919
600030
600005
600550
000792
601398
000858
600406
000063
000831
000895
600028
600887
601328
000422
000983
601088
000629
600970
600737
601601
601919
600036
000002
601601
601398
600030
601939
600000
600028
600031
000623
601006
002097
601628
601088
600048
000031
600005
601318
000755
600837
000009
600031
600011
600596
000748
600135
601006
600690
600271
600308
600037
600183
000402
600009
000858
600682
600865
000999
000923
000001
000069
600216
601186
600015
000898
600000
000983
601088
600102
000707
600050
600016
600348
601939
600078
601318
600028
600017
600360
600028
000001
600022
601666
600739
600117
000559
000709
600036
600050
600835
000616
600307
600030
000983
601857
600037
600001
000729
000792
600028
600005
000069
000024
000002
601398
600030
600102
601988
600048
601328
600050
600761
601628
601088
600031
600809
600887
601919
000528
601919
600019
601318
601088
600030
600029
601398
000002
000898
600036
600050
601857
000001
600005
600048
601166
000983
600011
601699
601628
600030
600900
600005
600000
601919
000933
000063
000568
601006
600036
600835
600596
601699
600011
000898
000792
000031
000027
601318
600019
600000
600036
601088
600016
600030
000002
002024
600519
000858
600019
600547
601318
600900
600015
601006
600583
600005
600009
000568
000960
600016
000063
000001
601398
600000
600030
600036
600396
600166
600867
600584
000823
000002
600569
600686
000972
600973
600011
600856
601111
601111
000960
600482
601666
000800
600547
601628
601919
600804
600138
000937
600690
600631
601939
600596
000401
600467
000707
600426
600686
601939
000002
002146
600000
601857
600674
600050
000825
000402
600005
600325
600019
601919
601318
600309
600806
600596
601628
600028
000001
600581
000898
000680
601899
600066
600019
600031
600690
600028
601088
601958
600307
600050
002242
002251
002244
002249
002223
002243
002250
600050
601111
600015
601088
600029
600362
600519
000758
601318
600795
600316
600011
601919
000063
000983
600030
600808
600036
600739
600897
600030
600316
000001
000629
600117
600028
600428
600540
000858
600686
600050
600188
600900
000630
601318
600779
002095
600000
600036
600016
000568
000917
000897
000983
000839
000792
600519
600000
600019
600331
000858
600694
600859
000630
000878
601919
000778
601318
600585
600875
600528
600685
600030
600488
000878
000566
000623
000651
600895
600383
601628
000988
600087
601088
601919
000539
600963
600058
600713
000088
600030
601318
000402
600096
000002
600104
000625
601939
600009
600028
600029
601169
600031
601666
600019
600694
600050
000001
600036
000528
600036
601398
000002
601088
000983
002092
601857
600050
600005
000960
601939
600030
601919
000792
000422
600997
600058
000001
600795
000063
601318
000002
600030
601628
600036
600019
601939
601328
600050
600028
000858
601088
600519
601398
000422
600048
600001
002024
000401
600660
600019
601328
601939
600028
000792
600581
601318
600202
600598
600036
600150
601088
600690
600123
600299
000528
000539
600087
600325
600359
600528
600050
601111
600030
000537
600028
600015
600489
600550
600096
000983
000602
601857
600482
000425
600725
600739
000623
600331
600029
000858
600036
600030
600050
601318
600748
000825
600015
601166
600089
000024
000002
000069
600048
000651
600005
600309
600266
600383
600138
600030
600739
000623
600050
601939
600001
601398
000002
600019
000898
600028
601919
000709
601088
000488
000792
600585
000338
600005
000878
600036
600519
000002
600309
600900
002024
000001
000895
601166
600028
601398
600031
600685
600019
600030
000568
601628
600050
600089
601857
600050
600019
601088
000898
601398
600028
600000
601166
600111
000063
600795
600005
600036
600886
600030
600875
601628
600598
600600
601169
000002
600030
600100
601318
000839
600019
600900
601088
601390
601919
000623
600519
000932
000895
600036
601857
600588
600997
601939
600050
601318
600030
600026
600309
600000
600153
000731
600028
601628
600423
600031
600875
002024
600016
000402
000527
600005
600036
000878
000831
600030
600019
601088
000792
600519
000063
000001
600596
600585
601318
601166
600036
000024
600693
601601
000002
000012
600315
600196
000400
600036
600005
000063
000002
600058
000709
600547
000651
002097
600050
000400
601666
600028
600150
000933
000401
600271
600312
600970
601169
600428
600432
601006
600307
000800
600815
000001
601006
600036
600739
600030
000831
000002
600005
600050
600408
000937
000898
601088
600266
600307
600966
600675
601628
600409
601919
600028
000609
600995
601088
600030
000825
600005
600050
600001
000960
600019
601166
601628
600201
000501
601318
600138
000002
000910
600312
600089
600005
000002
600150
600030
600519
600439
600000
600251
002024
600997
002017
000063
002038
000422
601939
600482
600325
000024
600153
600028
601318
600019
000002
600005
601398
600030
600795
600009
601628
600585
600036
000898
601898
601088
600050
600748
601186
600016
000800
600030
600028
000002
600050
600036
600837
601088
600019
000748
600029
600685
601600
601006
600830
601898
601857
000878
600839
000651
000680
000898
000063
600111
002001
600005
600438
600104
600016
601919
000858
600900
600354
600598
600030
601318
000001
600019
600036
601919
601001
600519
600048
601166
000983
000898
600547
601186
600348
600585
601699
600016
600000
600029
600019
600887
600036
601001
600030
601398
000651
600123
000157
600997
600690
601328
600438
000538
600348
601699
601666
600809
600600
000983
600030
600316
600050
000566
601318
600808
600325
600790
000983
600540
000818
000972
600348
000790
600111
601958
600100
000581
002095
600686
000630
600188
600428
600971
000712
600362
002153
600702
600598
002161
600825
600019
000878
600571
000050
601002
002101
002194
000727
600231
601857
002003
600028
600838
600289
002063
600141
002025
600499
600071
600713
000589
600883
002054
000783
600299
600469
600189
600596
002138
000338
600206
000617
600804
000705
000911
002109
002180
600268
600488
600779
600636
002028
600036
600150
601919
600028
600739
000683
600886
000937
600489
000401
600030
601666
601601
601166
600019
000709
000002
000755
600816
000968
000707
600867
000063
600428
000952
600029
600761
600307
601600
600028
600596
601318
000960
600216
000748
600030
600572
601328
000792
600584
600037
600509
600030
600875
601318
600150
600674
600029
600028
600123
600478
601699
600143
000983
600138
601666
002007
601006
000968
000951
000858
000983
601006
600005
600030
601318
600009
600900
601390
600028
601398
601857
600489
600004
000060
000157
600276
600026
002038
600725
600030
600029
000002
000001
000825
600005
601628
600739
601166
000623
600036
601088
600547
000402
000960
600016
600031
601318
000878
600309
600030
600050
601939
600019
000623
600001
600739
600028
000709
601919
601398
600005
000562
000002
000898
000792
601088
600022
601111
000527
601318
000002
600009
600036
601398
600048
600016
601939
600383
601898
000024
000422
601919
000537
601088
000960
600331
600830
601857
600266
600030
600036
601318
000069
601919
600348
601166
000002
600000
000157
000060
601111
600009
600048
600875
601088
000951
000612
600028
600031
000612
600030
600036
000002
000709
601088
601166
600631
601398
600320
600104
600266
600409
000858
600973
601666
600089
600357
600066
000960
600879
600030
600036
600019
000002
000768
600000
601398
600016
601088
601919
600748
601857
600519
600028
600195
600005
000527
600050
601628
601318
600030
600016
600050
600196
601328
600693
601628
601398
600694
600015
600795
600497
000983
600282
600019
000970
600276
600686
600583
600000
000792
600596
600005
000002
000898
600036
600886
000069
600331
000422
000717
000651
000951
600022
600027
600690
601166
000338
000972
601398
601328
600028
600030
601088
601628
000002
000568
000983
000969
601111
000960
600276
600585
600029
600549
601318
002038
600050
601390
600050
601398
600028
601166
600736
000800
600104
601318
601601
000612
000002
000933
600808
600048
600795
600815
000088
600362
601628
000069
600030
600000
601318
000001
600104
601088
601169
601919
000625
600362
000878
600009
000898
000807
000063
600050
600596
600036
600029
601398
600036
600030
600000
000488
600104
600636
600511
601166
600631
002028
000858
600886
600201
600383
000528
000599
000792
601111
600282
601666
600585
600036
600348
600685
000983
600096
601088
000878
600000
600219
000024
000002
600596
600016
601898
600962
600005
600015
000060
000898
601988
002024
600028
600050
601318
601398
600900
000651
600519
000002
601328
600019
600583
000825
600005
600030
600009
000060
000612
600036
600009
000858
601318
600585
600631
600026
600361
601939
000792
600686
601088
600216
600521
600000
600036
002001
600058
000651
000690
600337
600348
600028
600596
600030
600352
600019
600016
600036
601939
600320
600012
601088
000792
600098
002048
600350
000063
000895
600000
601857
600019
000002
601628
000709
601939
601318
600030
600048
600519
600808
000968
601328
600665
600675
600009
600875
000825
600000
600037
600022
600050
600029
000002
600104
601111
000960
600808
000060
600028
000667
600153
600830
000927
600383
601919
000959
000031
000009
000630
600531
601088
000983
600050
601318
000858
000968
000002
601919
600058
601006
000792
600048
600016
601628
600028
600030
601186
000895
600100
000829
600050
600028
601111
600062
601398
601628
600104
000759
000002
600820
601006
600598
601318
000858
600030
600005
600019
600900
601390
000024
000729
000768
601919
600348
601857
000800
600795
000878
600036
600087
000422
000960
600036
000709
600000
000898
600005
600037
000858
600150
000002
600585
601390
000528
601006
000063
601318
600456
600547
000568
601666
601111
600036
600782
000002
600000
000932
600030
600062
601088
601628
600028
000905
000001
600153
600900
600050
600019
600150
601006
601166
600188
600000
600036
000683
600588
002024
000612
600226
002001
000707
000002
600830
000028
000422
600048
600519
600030
600201
000568
600028
601006
600000
600030
000937
600050
600005
601390
600036
601328
600383
000001
600015
000900
601088
000933
600586
000839
000960
000157
600519
601166
601390
600036
600000
000652
600050
600519
000878
000002
601939
600005
600150
600015
601857
601006
600037
600030
000089
601318
601088
600540
601628
601166
000002
601186
601318
601390
600036
600028
600519
600050
600005
601398
600348
601006
000663
000731
000401
600030
600008
600511
601919
601318
600050
600036
601601
000792
600028
000039
000651
600000
600739
600030
000898
600887
000562
600674
000983
000623
000422
600875
600030
000858
601166
000002
601318
600748
600100
600348
000933
600016
000088
601919
000069
601088
601111
002024
600383
600685
600062
000422
000002
601318
600028
600030
000825
600048
600005
600325
000651
600037
601398
000060
601328
601939
600019
601919
000024
600036
600308
000898
000612
600036
000001
600547
600795
600100
000898
000623
600058
600488
600236
600348
600607
600320
600307
600019
600015
600028
600360
000024
601398
601939
600015
601088
600900
600019
000002
000983
600089
600036
600005
000024
600029
600016
601006
002024
601857
000063
600307
600348
600030
600036
600048
600000
000002
000911
601919
600015
600050
601318
601186
601088
600028
000063
600725
601898
600029
601857
600737
601939
600887
600005
000422
600100
000602
600600
601808
000858
600325
600019
601111
601398
000717
600795
000792
600547
600096
000001
600036
600029
601398
600000
601111
600585
600030
600005
601088
600739
000983
600331
601699
600048
600547
600674
000401
600348
600117
600176
600028
002064
600814
000685
000860
601898
600804
600622
600582
600263
600673
002097
600820
600203
600812
600686
600196
600282
000707
000001
601919
600050
600029
600030
600005
000983
601111
601088
600019
601939
600900
601398
600150
600519
000800
002122
000895
600348
000063
601088
600036
600050
000001
600000
600030
600019
601939
600489
000983
002202
000792
000063
600519
601919
601390
600026
601318
601628
000528
600036
000709
600030
601919
601166
600019
000683
601628
600015
600150
600997
600022
600309
000002
600348
600000
600489
600383
000024
000858
600354
600408
600598
000959
000819
600894
600836
600823
600122
600028
000917
000006
000514
000159
600001
600016
600375
600240
000090
600628
600150
601088
600525
600075
600582
600016
601398
000612
601166
600030
600087
600519
600795
601390
600000
600005
000858
600396
600348
601628
600100
601939
600352
600426
600089
600963
000063
000001
000878
600036
000983
000963
601699
600519
601857
600048
600016
002146
600236
600858
000002
601166
000792
600019
000895
000024
600143
600438
000046
000878
601169
600585
600022
000039
600812
600598
600036
601898
600519
600686
000069
000002
600019
600000
000001
600022
000898
600307
000581
601939
600005
600028
600016
002024
601166
000729
600015
600048
000651
600036
600050
601398
000792
601318
601939
600028
601006
600875
600016
000983
600029
600026
601919
601628
600030
601666
601328
601088
601857
600362
600050
600997
000528
000858
601666
000831
600011
600362
600028
600320
600748
600631
600009
601111
601318
600428
600583
000060
600006
600357
000002
601398
600000
000568
600005
600016
600963
600489
000024
000063
600036
600104
600026
000655
600409
600547
600089
600376
600655
601088
600050
600028
000063
600030
600031
601166
600000
601398
000983
600348
601088
000539
600111
601857
000822
600479
601939
600005
600016
600508
601318
600030
600036
600019
600519
601398
600000
600029
000002
000157
601006
600718
600660
000568
000729
600309
600161
600875
601111
600050
600030
600036
600005
600000
601318
601666
000001
601628
000983
600050
600019
601088
000858
601166
000612
600031
600029
600016
000002
600547
600308
600675
600971
000968
601318
000792
002092
600348
600596
601628
601919
000002
600739
600030
600616
000983
600216
600961
000046
600028
002024
600900
000002
600519
000898
600031
600050
600685
600000
601318
600029
000568
600036
000895
601088
600428
000933
600028
000858
600438
600030
600050
000063
000937
000002
601111
600028
601666
601988
601939
601857
600029
601398
600585
600005
600015
601628
000001
600591
000829
601398
601919
600005
600030
600036
601318
601088
600875
600737
600519
000060
600900
600019
600309
600048
000565
600269
600879
600219
002022
600005
601318
000898
601666
000002
600019
600000
600028
600036
600050
000063
600739
000983
601088
000709
600015
601398
000402
600009
600048
600569
601939
000933
000651
600325
600289
000031
600879
600591
601398
000768
601318
600015
600016
600879
601939
601088
000002
600786
600030
600037
601169
600309
600033
600350
000900
600036
600875
600176
600547
600489
000792
000655
600432
000422
600016
000707
601166
000063
002001
600519
000069
000612
600216
000911
600251
600470
000960
600966
600050
600030
600029
600048
600028
601111
601601
600036
600104
601088
601939
000002
000758
601328
600581
600220
601919
600001
600780
000009
000002
601318
000001
600036
601628
600000
600383
601166
600048
600737
000858
600363
000532
600630
600624
000024
600050
600846
600016
601857
000969
600030
000599
600096
600028
600598
000972
000911
600408
000401
601328
600015
600196
600331
600078
000933
600540
600808
600348
600005
000566
000709
600210
600489
600519
600001
000565
000718
600596
000006
000898
600117
600118
600226
000860
600469
002041
000983
600467
600115
600997
000729
000800
000878
600547
000612
000792
600740
600100
600405
601088
601588
002024
600812
600036
601398
601857
000729
000839
600521
600636
000651
000002
000848
600201
600104
002154
601628
000858
600628
600015
600026
600138
600718
600900
600030
600015
600016
000568
000001
600087
600717
600036
601169
600238
000024
000002
600519
600000
000858
600005
601318
002097
601390
600509
601318
000002
600019
600005
000898
600028
600036
600585
601398
600900
600030
601088
000024
000157
600000
000792
601898
000983
000895
600549
600030
601318
000983
600028
000024
601919
601628
600900
600348
000002
000402
600123
600016
000001
000069
002018
601857
600026
601390
600019
600030
601390
601006
600005
000002
600900
600036
600019
600050
601628
000858
000878
601939
600009
600015
600000
601318
600309
000912
601111
600050
601919
600900
601398
600030
600141
600674
000932
000002
000422
000792
600036
600469
000599
600153
601318
601006
600100
601390
000623
600050
601398
600409
000983
000063
601166
600005
600031
600479
600036
601088
600048
601318
600737
000677
000565
600028
000937
600584
600016
601111
600251
000822
000002
600019
600000
600029
600089
600521
600141
600519
600267
000422
600963
600009
601666
600150
600030
002001
000002
600036
601006
600000
600150
601857
601939
601398
600030
600519
000024
600005
600050
000063
600508
600028
000898
601318
000423
601390
600030
000002
600005
600739
600048
600396
000625
000858
600835
600000
600519
601318
601088
601398
600028
600509
600717
600050
000402
000829
600036
600000
601166
002001
000651
000002
002024
601919
000960
601666
601318
600970
600596
600423
000422
601088
002022
000792
600585
600660
600195
000157
000655
600737
000402
000731
000910
600612
600830
600030
600005
000792
000002
600000
600019
601939
600036
601318
000651
600028
000001
000825
000063
000829
600694
000006
600383
000157
600048
600005
000001
000422
000581
000983
000898
600000
600019
000858
600100
000677
000831
600029
600409
600739
600036
601088
000002
600830
000800
000612
000159
600641
000729
600824
600997
601169
600519
600547
000707
600856
600489
601186
600600
600798
601318
600383
000969
601006
000060
600525
600102
601919
002018
600521
000528
000402
002218
600138
600616
601600
000807
600966
601628
600022
600307
600895
002211
600397
600589
000822
600007
000680
600308
000960
600282
600219
600426
600258
000932
600028
000428
600867
600423
600962
600017
000401
600896
600410
600628
000987
600631
600432
600835
002074
000926
600889
600001
600325
600880
600202
601857
600674
600806
600026
600104
000878
600267
600690
600030
000895
600312
000400
600048
600279
600256
000597
600963
002012
000911
600166
600527
600078
600456
000825
600685
000949
000661
600416
600565
000061
002024
600583
000002
000933
600428
000402
600030
600016
000024
000060
600269
600685
000528
600036
600028
601398
000001
600104
600195
600690
600258
600036
000002
601328
600438
600005
600000
000717
600598
600019
000895
600686
600519
600331
600236
000568
600585
601939
600808
601857
600102
600000
600030
000612
600325
000709
600519
000800
600036
601318
600031
600183
000027
000002
601009
601186
600037
600348
000063
600016
600150
600875
601919
600030
600432
002001
000709
600036
600521
600019
601166
000002
600005
600100
002029
600879
600031
600029
000983
600269
000513
601390
600000
600036
000652
600050
000002
601939
600150
600015
600030
600005
601088
600008
600028
601006
000917
000898
601857
600037
000089
600050
600739
000792
601318
600019
600028
600030
600489
600686
601939
600005
000001
601088
600015
000911
600408
000898
600150
600348
601166
600028
601006
600123
601919
600267
600050
601666
000826
600016
000652
000983
601166
600900
600030
600026
600795
600509
600121
601699
000677
002181
601111
600963
600649
600881
600428
000933
600886
600027
000001
600036
000709
600030
000002
601919
601006
600150
600739
601088
600408
000001
601601
601318
600015
600019
601166
000401
600309
600028
000683
601006
601939
601600
600028
601919
601398
600008
600428
601111
600016
600320
000860
600036
601857
600104
600820
600496
600005
000717
002064
000667
600019
600096
000002
601898
601919
600737
601398
600036
000338
600282
600085
600686
600748
600795
600005
000488
600196
000792
601857
600050
600030
600897
600348
000839
002122
601318
000009
600880
000952
600963
000895
000911
600016
601390
600997
000002
002021
002024
600075
600825
600761
000002
000968
000829
601398
600016
600694
600660
600030
600519
600266
000550
002024
002048
600015
600104
600111
600588
000001
600030
601111
600028
600029
601318
000063
601628
600009
600050
000402
600837
601169
600005
601398
600019
601088
000686
600598
600048
000898
600030
000807
600900
600028
000792
000667
002177
600875
002155
000402
601318
601628
000002
600019
600030
600005
600000
000402
000060
600037
600808
601939
600036
600835
000667
000709
600665
000822
601186
601601
600030
000001
600019
601919
600016
601318
601088
600036
601001
601166
000898
600519
601186
600048
600029
600348
601939
600104
600547
000069
600019
601857
600900
601318
000063
600362
000060
000755
600875
000878
000858
600331
600357
600219
600005
000792
600886
000960
601601
000089
600879
600900
601939
000338
601398
601328
601318
600005
600118
600428
002022
600153
000680
000069
600423
000709
600309
601919
600028
600887
601898
601088
600036
600030
600036
600016
600005
600519
000002
600019
600000
601318
601166
000488
601006
600428
600267
600583
600718
000898
600177
000800
600812
600030
601318
600050
600028
000422
600196
600547
000680
600005
600795
601857
600036
000002
600000
600812
600230
600479
600478
600664
002009
600000
600005
600036
000002
600028
000528
601919
601390
601169
600015
600037
600111
000898
600547
000709
600016
000423
600519
601006
000858
601088
600325
000568
600585
600123
000024
601398
000069
600428
600048
601111
600028
002001
000858
601919
600050
600031
600470
600000
600596
000581
000792
600820
600216
600236
601111
600383
600036
002024
600690
002202
600019
601328
600005
600030
600900
600036
000825
000898
600000
600519
000983
601318
000839
000878
601628
601919
600050
000002
600779
601601
600030
000002
600029
000001
601939
000402
600036
000960
601111
600739
000623
601318
600547
601628
601166
000061
002024
600048
601186
600000
600050
600030
601166
000002
600005
601919
002122
600309
601390
600029
600036
600900
600583
601939
600859
600089
000792
600019
600196
601001
000063
601111
600050
000623
600547
601006
600026
600029
600150
600489
000917
600283
600997
600270
600896
600141
600125
600188
000612
000933
600123
600087
600635
600432
601898
600591
600221
601666
601166
601919
600000
000157
000422
600030
600383
600036
601939
600019
000731
000612
600875
601318
600282
000401
600997
601628
600078
600096
601398
000002
600030
600050
600019
600005
600029
601628
601088
000960
000001
000792
601318
600028
600031
600690
600036
600037
601166
000755
600009
601898
601628
600500
000708
000759
000800
000898
600236
600376
600320
600019
002247
000002
600176
600016
600048
002236
002233
600325
601398
601919
601318
000898
600000
600005
600029
000024
000960
600737
600547
601088
601390
000983
000002
600900
600050
600585
601111
600015
600000
000792
601166
000001
601001
000983
600188
000629
601328
601919
000825
000839
600019
600519
600104
600266
600348
000488
600438
601666
000825
600036
600000
600423
000002
600519
601318
600809
600123
600309
600036
601088
000858
600019
600005
000983
600000
600030
000001
000800
601919
600685
600739
000898
000002
600104
600028
000680
601666
000422
600886
600282
600320
600048
600409
000831
600022
000677
000707
600383
601600
600026
000960
601169
601318
000858
600019
000002
000768
600309
600875
600786
601166
600963
600000
600030
600383
000527
600519
600015
000538
600037
000061
600748
600036
600028
600030
601318
600219
000002
000690
601628
600050
601111
002128
600436
601088
600966
601328
600415
600019
000960
600153
601919
600030
600096
600028
601857
600795
600050
600686
601398
000858
600019
600183
600563
600016
000898
000527
600596
600033
000002
600009
600219
000858
600016
600030
000983
601088
601857
600737
600188
601628
600019
002092
000751
601390
600585
600256
600739
000758
000898
600583
600000
000002
600036
601390
600030
600005
000629
601919
600048
600000
600660
600309
601857
000069
600596
000024
000338
600019
600031
600150
601166
601398
002024
600036
601088
600048
600029
600000
600694
600050
601318
002122
000876
600508
600058
600557
000690
002187
600426
600316
000568
600100
600011
601390
600761
601939
600795
600825
600519
600058
600887
600030
600361
600111
600016
601186
000709
600660
000550
600694
600631
600717
600675
000829
600030
600036
601111
600000
601318
600050
601919
601088
600432
600028
000002
601628
600104
600547
000800
600150
000968
600019
600026
600596
600048
600005
000568
600000
000822
600036
000858
000717
000878
601088
601186
600030
000969
601600
600761
600019
600357
000402
600806
601666
600016
601166
600005
600663
600694
600569
601318
600019
000778
000539
000568
000768
600331
000878
002153
601088
000755
000060
601001
600583
000792
000983
000024
000709
601939
600600
601166
600019
000898
601328
000528
600022
600266
600519
600048
600066
600718
600005
600028
600761
600380
000709
600519
000651
601398
000002
600031
600030
600660
000568
000024
002024
600019
000983
601919
000028
000401
600971
600970
600005
