9080
600252
002084
002434
002126
002158
600499
000893
002220
000422
600480
000915
000488
600720
002089
600160
600172
002066
000039
600960
002526
600362
601958
600050
600636
600432
600518
600256
600425
601166
601766
002106
000423
601666
000009
600585
600997
002142
601088
601168
600644
600160
600000
600550
000630
601299
600498
000063
600016
002155
600239
601678
600015
600036
000877
600418
601601
600837
600036
600048
600143
601318
000002
000063
600690
600123
000069
000895
600000
600383
600066
600995
000869
600519
600426
000825
600050
600376
600585
000727
000528
600970
002306
000936
002089
000425
600522
600362
600166
002392
600487
600741
002091
002482
000926
600498
000045
600459
601318
600425
601177
600089
600863
601318
000937
000963
601601
601699
000425
002007
600600
600303
600238
002212
002171
601866
002234
600123
000568
002202
002086
000001
600016
600030
601601
000426
601668
000501
002155
000513
002042
600184
600169
000059
601318
600288
300033
002096
600875
600221
600628
600469
000063
600000
600036
601318
000568
600519
601607
601628
002202
600582
600517
601601
600580
000651
000895
000419
600600
000759
601377
600352
600386
000536
600406
600872
600252
002251
002432
000860
600267
000893
000598
600366
600054
600499
002168
600259
300073
000990
300018
300077
002041
002283
000063
002177
600816
000988
600271
600584
002236
600522
002308
600388
002503
600487
600498
002089
002156
000860
002185
000538
002415
600252
601918
000651
600805
002099
002170
000422
600809
002056
002233
600970
000877
002185
600395
600418
002250
601117
002086
000998
000538
600585
600036
600015
600498
000651
601166
000568
600636
600261
600362
600525
601006
600123
600089
601678
600581
600628
600406
600050
600887
600256
000877
002106
000024
600048
002081
002142
000538
000009
000423
600143
600339
000063
000578
600761
002010
600580
600808
300080
000402
002123
600582
000630
600467
600068
000401
600416
600729
002038
600519
000027
601169
002091
600970
600741
600527
600348
600395
601009
600875
002041
000002
600395
000568
600805
000063
600188
600475
000651
002086
002449
000823
002073
600742
600537
600048
002334
600036
600376
002249
002376
002065
600016
002011
002091
600050
601601
601318
601607
002038
601117
000012
002111
000401
600585
000989
002051
002465
600690
600521
000712
002024
002035
002430
002414
600050
600875
600900
600628
601857
000800
601117
601179
601186
002097
600141
600717
600019
600038
600479
600096
600108
600519
600178
000598
000905
601158
600028
600036
601006
601808
600066
000423
000538
000858
600616
000617
600550
600276
000911
600686
601009
600195
600202
000629
600597
002345
601299
000951
601168
600418
000625
600316
600428
600825
000792
000554
600990
600737
600270
601106
600075
601717
600495
601169
600000
000807
601088
600015
000630
601166
600583
000858
002041
600690
000012
000157
601318
000759
600028
600031
600887
000423
600518
002073
002025
002003
000999
000002
600048
002444
600366
002102
002080
600036
002079
600268
601009
000825
600773
601899
600570
600718
001696
600467
002065
002106
600307
600029
002037
600664
002169
000629
600125
601992
600100
002212
000666
600058
600553
600268
002177
000860
000983
601318
000969
601607
000759
600366
600163
600239
000970
600050
600415
000937
600585
600030
600502
000063
600518
000559
600583
600068
000758
000012
600048
601288
000002
000998
601318
600348
601989
601318
000063
000895
601818
002106
600362
002244
601299
000708
600031
601117
600875
600036
002050
000983
600527
601166
600028
600089
600157
600585
000423
000338
000877
002081
601166
000858
601009
000528
000630
600048
600348
601169
601117
600458
000024
600383
601318
600594
601601
002073
600522
601989
600030
600518
600079
000422
601186
000568
600487
002244
002122
601717
600582
000401
000680
600801
600362
000926
002099
002344
600318
600809
000063
600089
002375
601101
000983
600970
600425
002304
002106
600031
600066
600150
600111
000157
600169
600802
600460
002142
000960
600426
600276
300115
600104
000063
300048
002185
600176
000002
002008
600537
000635
600050
600600
000629
600518
000823
300157
600276
601088
000039
002449
600741
601808
601699
600720
000630
000877
600312
002007
600970
600150
300025
600362
002254
000792
002446
600282
600496
600036
002230
601808
601299
600875
000629
000063
601766
000630
600415
002048
600068
000541
002241
600723
000527
600673
600366
600425
600502
002060
600096
601318
600000
601398
600036
000423
600016
600068
000858
002106
002073
000063
600518
000680
600221
600585
601299
000401
000729
600519
601628
600801
601766
000887
000729
000983
002155
000002
000987
601111
600048
600362
601101
002415
600612
002138
600741
600115
002024
601088
601899
600000
002245
002247
000566
600259
600050
601899
601318
002006
000887
000686
600388
600036
600016
600406
600236
600673
002055
000002
000969
600406
601318
600547
600267
600036
600809
000596
000538
600256
600089
000423
000488
002041
600550
600863
600489
600585
600729
600880
600497
000425
600166
000528
000338
000680
600028
600739
600631
600664
600585
000630
000878
600875
600258
601318
600522
600660
600089
600971
600827
600395
600582
600120
000939
600068
601179
601299
000800
600271
600223
002342
000926
000046
000666
300018
000825
600718
600006
600410
002418
000009
600036
002431
600383
000425
600198
600458
600261
601169
002410
000639
600360
600498
600068
600268
600111
002353
002102
600332
002024
000039
600327
000028
002104
000568
002206
600887
600724
601318
600297
002123
000729
002073
000983
000778
300124
000400
601601
002028
600337
601166
601006
601318
601088
601288
601766
600016
601299
600048
600036
600383
000527
601939
601857
600177
601333
600019
600028
002106
601168
000002
601601
600123
601668
600125
002024
002304
002073
601607
601117
600549
601166
000012
600415
600348
600535
600309
600750
600815
600572
600267
600256
600085
002422
600016
600585
601318
601166
300158
000937
300086
601601
600048
600028
601299
000581
601699
600395
000651
600111
600352
601088
600036
600887
000758
600221
600388
600739
000903
002129
600068
000777
002011
002297
000001
601699
600380
601888
600098
600268
002155
600887
600062
600900
600108
600348
000630
600348
000630
000423
600362
002024
600085
600790
600531
600580
600010
600773
600765
600221
600660
000758
600707
600508
600497
600311
000001
000893
600535
600970
601318
002092
002294
600557
600280
002528
600036
002503
000422
000527
600141
002249
600320
600547
600048
600202
600660
600502
600125
600303
600482
600456
600589
601088
002060
601601
600068
601688
600362
601666
002091
600537
000780
002210
600893
000937
600038
601169
000960
002208
601607
000655
601318
601699
002457
600875
002106
600266
000099
000627
600523
600121
600096
601299
000400
601699
600036
600309
600048
601318
600997
002214
000630
002254
600284
601288
002001
000629
600585
600809
600075
601166
600104
600723
002226
601888
000983
000568
002139
600785
002185
002013
002017
000792
002215
000039
601166
600036
600585
600016
600267
000680
601006
000338
600309
601318
601988
000009
600030
600525
000951
601288
600595
000425
000401
601989
600362
000630
600673
000822
000960
601699
601118
600546
000983
600348
300029
000826
002253
600089
600048
000762
000519
601168
002146
300080
600366
002168
002407
600279
300048
300105
600139
002230
300002
002261
600038
002106
002480
600376
600312
600354
000039
601166
601808
600048
601118
601168
600362
600537
002008
002006
002029
601766
000887
000983
000568
000002
600123
601006
600031
000012
600585
600068
601699
600880
600292
000401
000877
300003
000887
600664
600395
002123
002322
600518
600251
600303
000858
300086
600079
002358
601318
000858
002011
000729
002202
600068
000895
002310
600963
000028
000987
002474
002080
000926
002414
600479
000951
600858
000026
600486
002230
601607
600029
600519
000623
000858
000039
002106
000538
600352
000401
000877
002436
600050
600362
601111
601766
002056
600169
601299
000157
601318
000012
000568
600875
600583
600739
600030
600276
000422
000024
002008
600123
000988
000969
600036
000937
600199
601169
601101
002063
002142
601328
002195
601009
000960
000933
601166
002123
600015
002006
002073
002234
600000
601699
600362
601601
600406
000009
600518
600720
600362
000063
600303
601766
600050
002073
600031
000861
600590
600582
000848
600489
000983
600997
601318
002155
601168
000895
600688
000761
600900
600010
000898
000024
000932
600795
600871
002146
600102
600808
601299
601766
000718
600030
000031
600383
600231
002490
600415
601169
600557
002182
601808
002344
000551
600720
600884
000877
000401
600366
002324
300082
601318
600887
600295
000680
300086
000792
601699
000425
601328
600742
600425
600525
000926
002048
600123
000530
600199
000039
600311
601166
601009
300108
300065
600518
600837
000983
601169
000001
600535
000998
600111
002304
002202
600256
000968
600547
000338
002028
600879
600383
600723
000568
000933
600153
600362
600557
601106
002092
600309
600352
600486
601186
600704
601088
000778
000786
600535
601006
000708
600761
601899
600000
600600
600585
600383
002024
000012
600366
000002
000401
002106
300002
600104
002122
000800
600519
000024
600703
600837
600376
600785
600831
600000
000425
600123
600271
600875
000811
002123
600141
002122
002479
600651
600362
002073
600511
600383
000792
600150
600585
600498
600993
601318
601166
600000
000001
000630
600123
600362
000758
600050
000002
000839
600010
600497
600773
600765
000540
601006
600271
600416
000970
000527
000680
600528
002469
002074
600496
002494
600425
600383
000012
000877
002551
600516
600479
600518
600720
600066
600111
002106
600742
601299
000926
300083
601186
600475
000550
600970
000895
000581
600030
600266
000002
601101
000540
601601
000527
002024
600809
600216
000755
000651
000921
000961
000968
002279
000680
002001
000960
601006
601088
000060
600458
002081
002073
600256
002123
600030
002223
601299
600809
601699
600383
600150
002233
000680
000811
600720
600806
600742
002106
002293
300005
002158
002146
002334
600362
600231
002069
002007
600585
000009
601318
600016
000423
600570
000538
600015
000926
601766
600309
600499
600141
600079
600694
600256
601818
600298
600050
000063
601628
601318
601166
600850
600439
000983
000887
600467
600125
600723
600221
601333
601006
600985
000716
600123
600276
600121
600068
000898
600383
601111
000800
601398
600048
600809
600511
000402
600690
600875
000895
600028
000538
000039
002081
600031
600428
000826
000895
000423
601166
000848
600267
002024
600079
000568
000858
600600
601111
600031
000962
600557
600519
601717
600858
600467
000527
000581
600519
600439
600585
000858
600750
002024
000635
000612
000423
601318
000623
601601
601166
600970
000860
600060
600795
600030
600383
600016
601857
601666
600997
601866
601166
600585
000401
601398
600188
000651
600660
600720
000983
600597
601318
000876
600068
000566
002155
002304
600354
300105
000858
002266
601601
600111
600038
600449
000630
002422
002299
600030
000783
601111
601166
002006
600016
002140
600111
000826
002010
600585
600031
000568
600425
002106
000937
601808
000630
000039
000877
601169
000527
600062
002304
600172
002168
601699
601989
601857
600537
601766
002061
002408
002069
000816
000540
000061
000680
601101
000012
600970
600096
600104
002043
002142
601678
002001
002236
600068
000718
600587
600497
600089
600240
000009
002146
002118
000961
601866
000538
600172
000413
601318
600519
000858
000425
600467
600100
600187
600845
000937
002458
600185
600418
002522
002202
600529
600594
000598
601099
601318
600089
002073
600694
000050
002123
601808
000401
600284
000680
600585
000012
600123
000423
601106
600100
600546
600655
600517
600739
600585
600502
600031
000596
600036
000729
300137
600029
300070
601166
600292
000568
000858
002093
601601
600000
000937
000061
000925
601288
300105
601989
600482
600354
601766
002296
601088
601318
600742
600644
601111
600585
000968
600997
600887
000937
000002
000401
600309
600176
600739
000527
000581
000063
601369
002073
600050
002228
000698
601607
000932
002167
600030
601318
000926
600298
600153
600741
000715
000157
600055
600880
002098
000680
600000
601628
000061
600717
600518
002008
600690
000425
601318
600585
600741
600496
000983
002128
000933
600997
000024
600068
000778
601601
000792
000060
000021
000630
000425
000338
601601
600028
000528
600104
000680
601318
600739
600166
601628
000063
600664
600547
600522
600123
600805
600829
600660
601009
000800
000927
000783
600030
600418
000877
600660
600362
600585
600741
600050
600837
600015
000157
000878
000630
600383
600991
600710
600395
600139
600425
000420
000623
600739
300006
600572
000513
000999
600812
300049
600664
002223
002038
002412
002294
002022
300086
600479
000028
600425
000401
600031
600585
600348
600312
600664
600496
000998
600030
002065
600900
600971
601989
000759
601601
000012
000877
000937
600362
600739
600644
601186
000933
600031
600150
601088
601989
600066
002038
601699
000039
000568
601808
000858
000002
000880
600395
601166
601318
000338
000651
000983
002142
002092
600295
600029
002081
002063
000069
002007
000877
000581
600388
600739
600660
002032
002128
300080
000063
002249
000157
600406
600030
601607
600019
600151
600383
000680
601111
000099
600778
601866
600309
600276
600348
600522
601006
002123
600586
600761
000410
000528
600815
601857
002117
600426
000425
600375
002146
600028
601186
601818
000527
002401
600875
600685
600036
601668
600782
601118
002028
600600
000800
601601
601318
600713
002118
002202
600519
600887
600858
300006
600570
600016
600361
600805
600031
601169
601098
601166
601601
600015
600104
601006
600036
000629
600000
600362
002024
600048
600239
600240
000778
600312
000651
000932
002202
600376
600079
600516
600068
600332
000858
601678
600267
600395
601318
000937
600468
000776
000877
600048
002176
600348
601216
600589
000630
601179
600188
600523
600549
600362
601699
600881
600778
600290
600425
000960
000998
600123
601601
600585
000157
000826
000059
600068
000639
000425
600036
600843
601168
600582
000962
600674
600545
600673
002506
600322
601009
600966
600519
300080
600806
300146
600232
600900
002079
000536
600642
600801
000983
002302
002299
600581
002049
600141
000807
300029
601398
601808
601006
601668
601288
002271
000050
000758
600111
600395
600773
600251
600830
600595
600019
600188
002277
000629
600030
600888
600498
600496
600406
002230
600600
600581
002480
000751
601958
000861
600559
000858
002428
600702
002225
601377
300178
600511
600580
601216
600326
600170
000776
002204
002041
002313
600231
600309
300018
600795
002106
600256
000423
600518
601002
600585
002167
601106
002344
002304
600169
002069
600031
600362
000669
600519
002073
000012
000680
000527
601166
600000
601899
600089
600887
000002
600570
000024
600805
002161
601318
601888
600869
600690
600115
601688
600123
601857
601111
000877
600519
601318
600256
002202
601601
600866
601166
600298
600166
600050
600475
600309
601186
002024
601992
600196
600036
601288
600000
600787
600111
600518
600887
601117
002202
600406
002123
600809
002038
002163
002008
600458
000401
002106
000933
000538
000423
600016
600383
600585
601601
600415
601766
000039
600060
601377
600030
600009
600261
600585
601788
000417
000002
000063
600970
600018
000401
601002
601888
002008
600428
600050
000823
600036
600406
002006
000789
600123
000581
600537
601688
000729
600376
600216
600031
002001
000686
600550
600801
000887
002017
600068
000869
000650
600963
600729
600739
600742
601006
002024
600496
000680
002155
600354
600859
300050
000937
002480
600015
000423
000568
002041
600583
000983
002230
600048
600376
600068
600208
600383
600015
600426
600585
002060
601088
601766
000069
600449
600067
600170
000983
600497
601601
600143
600502
600169
601318
000002
600663
601818
002142
000063
600030
000880
600123
600160
600320
600795
000006
601699
000039
000998
600362
600395
000825
600019
002244
600332
000858
002506
601390
000937
600585
601699
601318
000650
000002
002161
000423
000630
600362
600048
600690
600208
600123
600276
002304
000983
002375
601299
002146
600537
600068
000880
000887
600079
600383
601989
000401
002081
600104
601318
600123
600970
601607
600331
600694
601166
600332
600276
000039
600642
000623
600000
002384
000825
000002
600030
000651
000063
000527
600585
600019
600580
000099
600416
600015
600030
000651
600270
000933
002142
600761
600739
000422
600875
000012
002249
000410
600000
600089
601111
600881
000022
600169
600005
600060
600031
000562
000425
600498
600550
601668
600426
600388
000401
600018
000418
601009
000860
601717
601088
000039
600660
002062
600449
000527
000651
600585
600875
600031
600362
000895
600518
600406
600816
600048
600887
600016
002128
601299
600547
601699
601601
600739
601607
000895
000425
000983
600636
600160
600036
600585
600261
600016
600415
002106
002161
600519
600068
600071
000758
000401
000680
600765
600104
002202
600036
000069
601628
600309
600271
000983
000937
000729
000655
600529
601318
000063
600519
601088
600066
000602
601166
600157
000001
601989
600585
000651
000063
000425
000157
601808
600690
002299
000527
600348
600030
000581
000039
600169
600150
600031
000423
600068
600739
000858
002353
600518
600125
000012
000338
002081
000024
601166
600309
600009
600522
600060
000401
601607
600875
600806
600449
002056
002325
600406
600415
002063
000001
600805
002327
000099
002008
002142
600893
600410
600141
000937
600036
600549
600388
600685
600499
002033
000528
000422
000562
000837
600327
000807
601106
002277
600497
600881
600498
600104
002244
600535
000926
002091
600837
601766
600673
600585
000591
002056
601168
600525
002238
002202
600036
600489
300115
600221
600884
601006
600096
002121
002078
601318
601299
600019
600031
600362
600636
000960
600761
601766
000001
601299
600069
600016
002060
601989
601628
600068
000002
601117
600806
600050
600889
600036
600808
600362
000157
600497
600428
600000
000926
601958
000998
601699
600425
600688
000776
600376
600485
600208
601668
600585
000538
600256
002106
000423
600036
000998
600000
002129
600991
600887
600425
600418
002146
600261
002142
002304
000630
600809
000550
600143
600276
600332
600376
000039
600997
002155
600309
600518
601117
600362
000983
601299
601766
600805
600458
601678
002041
600111
600290
002073
601398
002108
601808
000513
000926
002009
601699
002140
002556
000401
600585
600537
600690
000630
000895
600694
600389
600406
000338
002340
601299
600415
002304
600694
601866
600352
000338
600395
000869
002215
600016
000895
600015
601166
000937
601018
601318
000581
002024
600739
000069
601006
600875
000792
600089
000002
300027
002202
600660
600585
002013
600801
600143
002244
300123
600068
600475
600160
600496
600991
000877
600585
600636
600498
000425
000680
600425
000024
002161
600866
600525
600089
000887
000422
601179
600332
002281
600239
000063
600066
000009
600071
600537
600660
600030
600100
601318
601601
000800
600690
000012
000401
002008
600739
000858
000425
600585
600096
000422
002041
600195
002108
600050
600550
601166
600835
000528
600362
600183
000878
600737
600438
600978
600884
000400
000612
000911
600339
600540
600883
600036
600619
000513
000617
000501
600887
600048
600276
000858
000568
000538
000999
601166
002073
600729
002024
000527
000063
600694
601888
000987
002106
000069
600588
000550
600887
600256
600360
600095
600582
600271
600116
600283
002144
600499
600750
600068
000826
000581
600096
000430
000630
000926
600125
600132
601601
600970
600030
600104
600837
600352
600418
601006
601088
000680
000983
600415
600805
600585
600519
000858
000550
000725
000568
600741
000860
600252
000715
002022
600216
601299
600111
002233
600031
002215
601601
002159
300078
600893
600422
000540
002299
600485
600395
600694
600270
600195
000869
300022
600426
002415
000858
600028
002024
600030
600518
601628
002202
000061
600741
002007
002065
600511
000338
600352
600879
000983
600547
000630
600261
601766
000826
000423
601717
600522
600690
000527
600875
000400
600519
601601
002202
601169
600887
002303
600537
600880
600547
600739
600079
601607
600063
002123
000826
002056
600256
600406
600068
000983
002176
601318
601601
600096
600292
600502
002261
000713
002161
002167
000157
600295
600809
600267
002161
000423
000540
000581
000639
601117
000960
601888
002241
600497
600970
600348
000157
300124
600058
600803
002131
600050
600068
002008
600784
000039
000069
600383
000002
601699
002202
601006
600048
000651
600362
600585
000858
600089
600875
601318
600801
600143
600660
000926
002024
002244
002146
002410
600376
600644
002244
600761
600031
000629
000157
601678
000789
601117
600801
600585
600141
600496
000401
600997
600231
601866
002001
002422
002006
002321
600535
000039
000009
000707
600266
000998
600815
000630
600823
000528
002096
002415
300072
000635
600581
002293
600072
000983
601003
600216
002106
601857
600309
601088
600809
600352
002138
600276
000423
600812
600778
000629
600048
601699
600031
600362
600123
600585
600415
600997
600266
000527
600104
601818
601607
601006
600169
600519
002024
000937
000528
600016
000009
600050
000983
601166
601717
600048
002202
600823
601111
601699
002022
600415
600123
600000
000937
600481
600739
002024
000973
600550
600050
601166
000063
000983
601601
601628
601318
600690
000939
601333
000157
601006
002008
600058
600383
300064
600382
600239
000933
600723
600123
000002
600406
601607
002422
002038
600765
002437
600880
600572
601668
000501
002024
002073
600267
600585
002310
600352
600859
000999
002334
600581
600585
002024
600362
000960
600660
600739
600418
000581
000858
600104
600231
601699
000778
000527
600050
600537
601666
600318
000961
600015
600309
600000
600690
600031
000630
000937
600068
600425
601118
600547
601989
600048
601101
601919
002006
600058
600019
600030
000877
000012
600029
600456
600383
600352
002304
600875
000876
002001
002056
601318
600111
600773
601009
000877
600123
600048
000780
600571
600406
600141
000417
600585
000426
002161
600673
000063
002123
002293
601857
600497
600000
600809
600519
600160
600973
000973
600307
000402
600488
601117
600616
000651
601299
601989
000069
000895
600221
600806
600518
601989
601601
002304
601808
002168
601118
600499
601111
002106
002273
000877
601890
002167
600015
600123
601318
000780
002006
600188
600875
600029
601111
600115
600489
600104
000983
601666
600312
000001
601288
601766
600863
000877
002152
601958
601699
601857
600418
600348
002035
600991
601318
600406
600587
600518
600068
002161
002167
000927
002158
002375
600153
000869
600525
000800
002066
600571
000598
601001
002202
000002
601318
600572
000009
600383
000060
600655
600050
601717
601688
601166
601666
002022
600123
600823
600006
600525
000926
000729
000581
600376
601106
600585
600887
600739
600169
000876
600183
601299
601328
600036
601318
000401
000792
002008
600498
600031
600362
000826
601989
600805
600380
601169
600079
600519
000527
600066
600809
000792
000963
600019
000629
600354
601808
600511
000060
600193
000800
600015
601699
000527
600309
601318
600048
601166
000630
000983
002001
600284
600104
600123
601288
600036
000960
600723
600547
600030
002415
600585
002038
002139
000629
002226
000792
600823
601888
600339
000568
600016
600418
000895
600406
600458
601299
600496
000401
600549
000581
600712
000425
600664
600267
600525
600280
600500
600765
600380
600096
601006
600581
600887
600276
000538
000895
002422
000401
600519
600511
002304
601299
000858
600362
000878
600068
600900
002230
601766
600284
002330
600795
600123
000581
601939
600188
600585
600016
600875
600388
601169
002126
000039
601766
600339
000926
601699
000063
000963
600693
600125
000937
601766
601166
601117
600585
000729
601939
600276
000581
002456
600000
600036
600068
600150
600498
600016
600028
000401
000420
002038
000951
601318
601668
600519
600208
002528
600036
002503
601186
000420
000002
600320
600202
600887
600048
600875
000063
000157
000707
000716
300071
600765
000039
601186
601808
600000
600309
600166
600123
600425
000400
600970
600739
000559
600150
601166
000623
600674
002202
000568
600030
000651
600309
601601
600801
600585
600312
000895
002269
600289
601288
600150
600825
002028
600036
600690
002024
300048
000069
000501
300070
600585
600048
600805
000401
601166
600535
000978
600547
000937
600809
600104
600089
000629
601866
600742
000069
600707
000400
600000
601106
600031
601318
000629
601766
600362
000983
000800
000858
600276
600585
000937
600519
002304
600048
000423
000877
000680
002155
600703
601299
600085
600059
600887
600859
600123
002221
000988
600866
600529
002028
000001
002437
600418
600546
601166
000630
600458
000939
000860
601699
600016
600395
002001
600383
600267
600031
600409
600378
002118
600048
000789
601699
000568
002142
601766
002154
601169
600036
000680
600783
600823
002093
600216
600585
600518
000650
002078
600516
600060
002206
002081
000423
002526
600418
002244
600425
600143
600104
000039
600101
000707
002422
000709
600535
300157
601717
600547
000961
600318
600339
601288
002129
600497
600231
600416
000933
300134
600019
000698
000590
002230
000937
600111
600096
000422
600636
600219
600176
002163
600644
000776
000655
600038
600123
600547
601688
600489
000837
600030
000878
600537
600376
000562
000630
000937
600132
600739
002064
000877
601111
600029
000063
601166
600104
600498
000527
601318
600166
601989
600125
600068
002202
600383
601766
601808
000807
600428
600585
601601
600636
601318
600031
601699
000983
601601
002024
000024
600690
000425
002008
002078
600252
601111
600160
600963
600048
000401
002122
000338
601766
601898
601899
000069
600535
000568
000501
600030
000550
600997
000895
000009
600100
601318
000680
000858
600111
000401
600585
000926
000527
000423
600166
600416
600048
000860
000759
000930
000725
600511
601318
600519
000012
600015
600256
000425
000680
600271
000039
600048
600312
600068
601607
600139
600276
601888
600765
000527
600123
000792
600585
000983
000937
600029
000522
601111
002038
601299
600348
000877
000527
600383
601166
600125
601101
000999
600068
600502
000826
600067
600997
600376
600664
600971
000039
000651
002055
600887
000559
600395
600240
600801
601766
000789
600765
601989
601688
601166
600068
000630
000895
600312
000780
601699
000960
000961
000878
000501
000060
000039
000800
600660
600741
000425
600547
000783
600036
600036
600028
000039
600050
000063
000651
002123
600000
600863
601088
600104
600970
002118
000778
600585
600009
000157
002024
300190
600016
000338
000002
600048
600739
600031
600418
600770
000157
600773
000983
600362
000651
000527
601166
000630
600519
002050
002146
600376
600690
600000
600707
601166
600050
002422
002029
600016
600518
002106
000550
000629
601328
601101
000933
601857
000060
000568
002045
600600
000755
000830
600720
600176
600216
000937
600583
600111
600031
601618
600585
000157
600742
002158
000635
600995
002249
600051
600216
600887
002155
002167
000581
600157
600837
000527
000550
600172
600188
600036
600403
600418
600741
600387
600795
002450
002485
601699
600362
002065
600997
002063
601318
601699
601166
600460
601607
000800
601117
600522
600869
000061
000425
600750
600585
002063
002155
600139
600875
600048
002017
601601
600502
601299
601766
601002
000937
600495
000528
600636
601101
601699
000758
002038
000630
002060
600058
002155
000680
000039
000009
000998
600589
002079
600068
600050
600664
601678
600837
601179
600362
600251
600468
600123
600581
600000
600015
600089
601216
601299
600104
600963
002506
600030
002176
000069
000983
600036
000059
000960
601318
601118
600309
000598
601989
000012
601899
600875
600425
601088
601117
600418
000002
601766
000400
600284
600290
600160
000009
600380
600502
601818
600739
600843
000792
002108
000536
002142
002086
000878
600208
601009
600095
600523
002298
000629
000937
002155
601009
600383
601166
600240
600028
000729
000709
600030
000022
600231
600717
600694
601857
000401
601699
000932
601628
002264
000666
002006
600239
000629
000401
000789
002132
600031
000581
600720
600805
600256
601678
000039
600036
002011
600101
002140
601169
600585
002073
000568
000877
002008
600295
600403
601002
600770
000961
000837
002110
002078
600395
600881
600970
600282
600125
601991
601818
601989
600801
002241
000425
002085
000998
601998
600869
000157
002037
600644
002430
002233
002055
600498
002410
600021
000887
000596
002384
002479
600636
000969
600208
002123
002106
002153
000651
600066
601699
601268
000656
600503
600016
600546
002152
002081
000708
600231
601006
000983
600537
600487
601106
002282
600420
600812
002096
600555
600844
002236
002422
000159
600863
002232
600997
000858
000423
600415
000063
000895
600809
600887
000400
600267
600690
002202
000012
600547
601166
000629
002008
600521
000826
000829
600122
000538
600887
600518
601166
002080
002202
600256
600030
002155
600028
601998
002140
600312
600991
000530
600481
600362
002169
600261
600720
600068
601318
600050
600016
600309
600383
600690
600581
000983
601666
601699
600348
000933
601899
600030
600739
000968
600887
600837
601111
002299
600812
600887
600467
600880
600298
600031
600694
600418
600048
300070
600337
002063
000716
000999
002069
601169
601106
000528
600664
000423
002024
000895
000848
600079
600267
600703
601166
601717
000527
601111
000962
600557
600858
600600
600467
000858
000568
000651
600754
600141
600549
000422
002155
600518
600456
600195
600546
600406
600585
600498
000877
600348
600487
600139
600031
600962
002176
000630
000758
002249
600426
600746
600595
601001
002215
002281
600069
600252
600288
601318
600887
600123
000800
000792
601958
600525
002007
600096
600379
600432
000612
000671
002469
002062
000528
002024
600580
000762
600631
600509
002001
600303
600519
000540
000718
000988
000538
000063
000513
600036
002310
600199
002384
002344
000338
000933
601998
600068
000926
000568
600383
300055
000061
601166
002038
600535
002427
600050
002450
002490
002038
600580
002065
600157
601601
000700
601628
000026
600886
000422
600795
000630
000910
000632
000858
002430
601169
600529
600970
000001
000417
600723
600019
002278
002474
600362
600970
600068
601318
000596
600547
000996
601601
601111
000969
601168
600176
600267
600519
600029
600362
000401
000998
600048
600406
600720
601318
000698
600815
600123
600585
600516
600309
601699
600496
600176
600216
601088
600875
600527
002115
601166
000060
600428
000895
600693
002006
600805
601117
600252
000568
600104
600724
000157
600111
600172
000050
000651
000400
600031
600029
601318
600738
600067
002501
600383
300111
600537
600395
300104
600528
600970
600027
002036
600362
000937
600831
000877
300065
600585
600720
002082
300048
000789
600750
002081
600881
000877
601688
601169
600585
601288
600029
600522
600153
600309
600223
600111
601318
600428
601166
000759
600801
600231
600594
002244
601299
002214
600693
000338
601168
600015
600000
000718
002216
000060
600446
002250
600528
000937
600694
600036
600208
601166
600318
600588
601601
600283
601106
601268
600895
601390
600967
000901
600328
600068
600774
000982
600879
600400
600736
600707
600108
601989
600456
601866
600855
600100
000777
600072
600150
600760
600677
000888
600496
600765
000762
600151
600877
600116
600685
002209
601699
601111
600875
600029
000426
600819
000063
600123
601989
600125
600153
000858
600362
600085
600069
601299
000680
002375
600415
601668
600031
601101
601318
600118
600519
600312
600406
002050
600111
600664
601088
000425
600066
000559
000937
002155
600150
601377
600029
600395
600072
600491
002093
600038
600378
600498
000060
600468
002129
002089
600416
600815
002060
600449
600668
002019
600323
002128
000410
601958
600050
000568
600123
000540
000768
600322
600100
000713
000635
000861
002182
601106
000932
000698
002053
600066
002068
600439
600523
000157
600107
002153
002100
600884
600096
600710
000099
002177
600226
600456
000629
600028
601009
000729
600240
601166
600383
600030
600717
601857
000022
000709
601288
601328
600231
600694
601318
000568
601628
000401
600585
600000
601766
000039
600036
601166
600970
600739
600111
002138
600030
000002
000776
000698
600801
000550
000937
600835
600362
002079
002007
002008
002154
600153
000725
002136
000063
601989
000983
600703
300115
600176
002254
600600
002417
000898
002152
600031
600737
600252
002146
002501
002271
002118
000960
002170
600516
300122
002001
002250
600267
601179
000060
002353
600188
600812
002140
002304
600546
002081
002041
002375
002063
000937
000581
600050
600503
600887
601318
600395
000895
601299
600188
600585
002161
000968
600271
000629
000876
600383
000061
002304
600415
600875
600664
600585
600030
000858
000983
601699
601088
601106
600050
600309
000401
600188
600111
601808
600150
002024
600388
600581
002202
601318
002106
000999
002003
000858
002310
000028
000528
000729
000762
000895
002128
600000
002367
002024
600993
600519
600754
000063
600563
600783
000968
600143
000069
600497
002161
002230
600383
600048
600496
600525
002118
600056
601117
002024
000426
002055
002241
600606
000825
000566
600765
600403
002315
600107
000559
600303
600038
000969
002079
600178
600339
600435
300059
600425
002056
000538
000903
600809
002050
601318
000002
600031
002106
600535
600970
600887
000895
600547
002236
000983
000063
600499
002230
601166
601766
600332
600875
600348
300124
600111
000983
601318
000969
600585
600519
600518
000039
600458
600366
601808
000758
601699
600298
600739
000939
600406
000401
600583
000002
601318
600887
000858
000895
000423
600048
600519
000848
600111
600521
600031
601699
000630
600415
601899
002024
000937
600312
601111
600535
601111
600458
000895
002011
000937
600251
600157
600196
600651
000090
601766
600380
600029
000680
000881
600284
000021
600089
000792
600312
000338
600683
000960
600362
000983
601899
000060
601866
000858
600352
000598
000630
600487
600458
002304
601666
600031
600694
600503
601166
600795
000778
600031
000629
601006
000157
600537
601699
002038
002006
000540
600805
000759
000935
300111
002039
601169
000600
600036
600029
601111
600104
000707
600350
601088
601299
002458
600252
002139
002501
600348
000401
002033
601668
600815
000932
600881
600742
600458
000589
002081
600720
600738
002299
600723
000597
600172
600298
601117
600188
601566
300065
000729
002146
600750
000635
600036
002028
600395
000513
000858
601318
000039
000568
601601
600415
000063
601009
601818
000999
601166
600585
600887
000002
600970
002091
600036
601318
000063
601169
600519
600276
600383
600873
600048
600585
601328
600000
002415
600600
601666
600016
600880
601668
600050
600664
600585
300090
002202
600754
600312
002024
000630
000550
000501
600720
000651
600362
600631
300065
600594
600208
300027
002045
002154
002038
600036
600395
600362
002041
600111
600585
601699
000937
600125
600267
601166
000401
600016
000536
600118
601318
600160
600031
600343
601088
000983
600585
600068
600188
600150
600141
000002
600160
601699
000401
000937
600309
002386
600395
600664
600048
601318
600456
002001
600739
601088
600031
002493
600875
601628
600157
600011
000002
000983
601766
600009
300139
601166
600331
002336
600063
600600
601186
000800
000895
600048
601699
601318
600031
601088
600019
600150
600585
000528
601668
601006
000930
600614
002111
000937
601857
002052
600108
000527
600309
601678
600497
000422
000612
000823
600258
601166
600636
000983
600585
600160
000758
600519
002161
000528
600000
000680
600068
600016
000425
600425
000530
600208
600518
000877
600125
300169
000400
000895
600085
600583
600276
600261
002236
002475
600970
000039
600525
002017
600188
002081
000630
002214
000060
000721
002153
000983
601601
601166
601628
601318
002045
600739
300054
600660
000650
000540
600309
002292
600897
000039
000568
601166
000630
601808
600362
002154
000002
000887
002008
601118
600426
600068
600048
601318
000501
600673
601601
601989
002006
601318
600125
000887
000063
600050
600362
600276
601628
002121
000060
000009
601166
600268
601899
600828
300034
600123
000559
600723
600594
000762
600000
600221
600549
000789
601601
600395
600029
000420
600875
600497
002454
600664
002362
002434
300041
300131
600976
002048
002436
002489
600323
601718
000916
002435
600386
002393
002467
300133
002345
002401
300086
600000
600585
600068
600188
600016
600036
601318
600030
600031
000527
601699
601601
000401
000063
000423
000002
601299
600048
600362
000926
000157
600395
000858
000983
600496
000778
600742
600104
000877
601398
002024
002106
000568
000540
000001
601088
600176
600741
601006
601766
600720
601989
600143
002233
601009
600221
000932
002177
600125
601766
002024
600496
000568
002080
002073
002129
600588
600030
600050
002266
601299
600066
002155
600600
600422
002007
600062
600016
600458
000001
600581
600015
600373
000885
600850
601166
000629
600276
600828
600551
600690
600289
000939
600307
000568
600388
000635
000616
600079
600000
002115
002216
000858
000789
600327
002154
600161
000666
000069
000157
600586
600383
601688
000420
600121
002024
600029
000623
601111
000792
600875
000338
600015
001696
600900
002241
000789
600880
600497
601919
600844
000063
600062
601106
000417
600169
600089
000969
600309
002155
002202
000021
600188
601106
601989
000680
000417
000157
600778
600031
600111
600348
601318
600588
000983
600690
601166
000983
601288
600339
600123
000581
600537
601169
000937
601788
600979
601939
600151
600585
300118
600303
600815
600720
600879
600000
601166
600519
002024
600089
000063
601666
000858
600325
000425
600765
000792
600056
000002
600123
600009
600535
000507
600804
000983
600383
601678
600511
601166
601717
000401
600782
601288
601006
000039
000876
601788
600869
601318
600425
600664
600036
600507
600089
600221
600031
600125
000568
600496
002266
002024
601766
600050
600066
000792
002080
600588
600600
600519
000578
002129
601299
002007
002202
600422
600859
601318
000895
000937
601699
600887
600031
600111
600519
600036
600383
000858
000630
000423
600795
000848
600048
601111
600376
000792
600703
000925
000939
600036
601808
601989
600239
600068
000540
601888
601166
600875
601009
000039
600016
000895
002122
600585
600108
002035
600378
601117
600694
002236
601318
000755
601166
000002
000933
002015
600123
600048
600031
600339
000503
002386
002001
300064
601601
000829
600801
600376
600585
000157
601299
000630
000422
600169
600157
002408
002024
601919
600582
000759
600383
600104
600221
600489
600970
000597
300146
000937
002415
601101
600216
000157
600383
000630
000069
000401
601318
601111
600801
000783
600016
600221
002202
600664
601166
601328
002142
600029
600309
600376
600312
601601
601899
000807
000937
600031
600362
600123
000401
000063
000651
601088
000877
601166
000568
000528
600875
600068
002024
600519
601318
000527
000001
002155
000630
000425
601699
600139
600546
600739
000540
000024
000878
600362
600348
601168
600376
600188
000612
000937
600537
000061
000060
000983
601318
002304
600256
600970
600537
002081
000002
600406
000423
002106
600036
600415
600519
600031
600252
002073
600048
002375
600067
600015
000063
601318
601166
000001
000069
000568
600963
601288
000729
000755
000420
600837
601939
600188
600266
600239
000422
000423
601601
000513
600125
601166
000869
600600
002037
600108
600339
601788
600481
000651
600050
600231
600320
600739
601006
601318
600812
601939
000698
600782
600362
000651
600585
600690
601699
002024
000501
600519
601101
000778
600009
000527
600089
002037
000989
600631
002154
002306
002045
600000
600256
600111
000581
002118
300029
600031
600292
002049
000937
600125
600252
002303
000568
600030
300055
600585
000998
002271
000024
600392
000063
002036
000566
600309
000527
601808
600218
600000
601699
600251
000630
600547
600036
002155
600395
600869
600406
600029
600188
000551
002179
600362
002092
601166
600580
600193
600141
000761
000758
600186
000858
600085
600458
000060
000969
600426
002168
600535
002001
600019
000826
002129
000792
002011
600387
601989
601601
600765
601766
600104
600600
000422
002277
002091
600348
002230
600631
600685
000651
002062
600844
600048
600016
000776
002140
000590
002094
600802
600150
300172
600629
000639
600458
601699
000423
000969
601101
000858
600261
000039
000001
600707
600406
600015
600252
600362
600332
000933
600000
000538
601989
000581
000939
002167
601166
600000
600016
601668
600376
002041
600418
600348
002069
600383
600380
600036
601318
601607
600115
000858
000616
000060
000002
600585
600028
000527
000401
600518
601117
600859
600383
601166
002006
600376
000650
601318
600276
000651
601668
600309
600019
601118
600963
600761
600720
000895
601169
600208
000417
601991
000708
002236
000709
000629
600048
600418
600875
002008
600537
000800
600519
002146
600276
600720
002081
000629
002106
600970
300105
601318
300169
002091
600496
000630
600498
600875
000998
601888
600248
000002
002132
000425
600707
601766
002296
601106
002024
000540
000060
000858
002033
000423
002108
601808
600362
600693
600595
600585
000423
600256
600362
601006
600425
601166
600887
600050
600261
000009
600750
600048
000538
000848
000877
600416
600519
000021
000960
000887
600337
600519
600068
600199
601088
600063
000858
002444
002013
600456
300093
000602
601006
600256
000877
000963
600518
600970
000019
600111
002080
600068
000425
000707
300078
600869
601169
600100
600664
601699
000002
600138
000562
600598
600570
600309
000540
600537
600221
000937
002013
600720
600518
002155
002006
000039
600963
000630
600016
600537
000933
002038
600362
600111
600507
600309
600198
600068
000063
601168
000623
600489
000157
000039
002106
300150
000969
600809
000629
600266
002344
000762
300054
600415
601992
601299
601766
000540
000063
002156
600331
002041
600693
600406
600887
600050
600312
601117
600009
601186
601919
601939
002132
600146
601601
000898
600331
000063
600519
600383
600694
600362
601857
600005
601006
600900
600583
600125
000001
601318
600415
600036
000789
600518
002415
000998
000630
002106
600030
000858
600000
000983
600271
601299
601169
600760
600031
600498
600068
600415
000961
601111
600362
601318
000002
600005
600519
600970
600231
000581
000423
002117
000983
600085
600048
002081
600221
600694
600337
600050
600519
000858
600036
600028
000983
601939
600880
000998
600068
600395
601857
601118
600737
600258
600150
000709
600100
600723
000937
600694
600600
600383
000402
000933
601699
600362
600036
600395
601699
000937
000630
600111
600125
600031
600585
000983
601166
600123
601666
600104
000602
600118
000401
600251
600000
600970
600976
000012
600750
600537
002006
000568
600535
002232
002063
002073
600770
000538
600000
600809
600079
300086
300082
600594
000826
002202
600036
000069
600066
000729
600309
601628
000655
600271
000983
000937
600529
601818
000063
600123
000422
600660
002024
601101
000807
600970
600837
601006
600418
002001
000550
600415
000680
000858
600519
000568
601601
000860
600030
600216
000715
601299
000401
601766
002024
600016
601166
600266
002038
000024
000568
600178
000877
601169
600528
601288
000937
601088
600694
000887
600208
000716
600657
000880
000002
600585
600050
601601
600518
000401
600036
600048
600383
000983
600362
600016
600030
600428
000887
600000
601166
600581
000527
601766
000039
000063
000937
600415
600060
000157
600068
000423
601186
601318
600015
600089
600582
000422
600123
600660
600519
000063
000860
600060
600859
000729
000651
000759
600166
000069
000513
000800
601939
600738
600858
600415
000527
600036
600690
600415
600694
600031
600104
002438
000425
002091
000596
002024
600875
000002
002106
601318
600809
600276
000423
000425
600123
600271
600875
000811
002123
600141
002122
600362
002479
600651
000012
600511
600383
002073
000792
600150
600585
600993
600498
600489
601318
600875
000983
600048
000937
600600
601678
000338
000729
601699
600588
600036
600697
600095
000422
601111
600231
600547
002375
000997
600694
601727
000897
600576
002310
002192
000848
002253
600992
000795
600990
000009
600400
600970
000717
000966
600741
600146
600812
601318
002399
600963
000063
600837
600030
000001
000422
600664
000951
000759
000651
000895
000999
600306
002456
600216
002142
600858
000858
000651
000568
601607
600519
600169
600693
600036
000759
000887
002336
002277
600195
002014
000895
002252
002029
000501
000513
002050
600386
601766
000063
600125
601939
000039
000528
000630
600415
002456
000792
000002
600111
600000
600216
002073
600331
601299
300091
600518
002230
600809
000968
002431
000651
000069
002375
601699
002223
000423
600970
601101
600395
000568
000527
600690
601088
601601
601117
600535
600660
000157
002408
000858
000157
600537
000800
600707
600690
002214
000069
601678
300088
601166
000635
600267
002001
002138
300002
600517
300004
600096
600458
000001
600079
600690
600016
600718
600307
600163
600050
600117
600850
600415
000860
600388
002154
601117
600595
002216
601390
600704
601318
002399
600963
000063
600030
000422
600837
600664
000001
000759
000951
000651
000895
002142
600216
600306
000999
002456
000858
600858
000895
300003
000758
601166
600331
600383
600639
600737
600100
002157
600325
002022
002038
600519
600502
600266
600812
600549
002582
600690
600050
600030
600585
600415
000937
000063
600502
601989
601318
600348
600048
600583
000012
601288
600016
000069
600068
600271
000758
000789
600770
601288
601318
601166
600418
000786
600425
600809
601088
600038
600348
601628
601998
600188
000039
601958
600218
601888
000807
600036
000566
000961
300010
002214
002283
002304
002011
300070
000983
600016
002368
002038
600260
600750
002081
002273
002152
600993
000887
002477
601318
601166
600000
600029
600177
601699
000983
600348
000527
600036
600383
601111
002142
000729
000680
601006
000069
000829
002028
601169
000423
600970
000538
002304
002073
000039
000401
600406
600031
000012
002480
600415
600252
600143
600585
601179
600125
000877
600256
601117
600694
600079
000002
600809
000423
600104
000596
600415
002154
600707
600519
600970
600036
002024
600276
002106
601318
600971
601001
601628
600690
600000
600707
601166
002029
600050
600016
002422
600518
000550
000629
002106
601101
000060
000933
601857
002045
601328
000568
000830
600600
000755
600720
600176
601607
002106
300054
600742
000501
000581
002437
000400
600038
002303
600406
600580
000426
600859
002004
002078
002157
002042
002376
600628
600069
600869
002013
600547
000876
600469
600516
601888
600997
600312
601998
600389
600720
601699
601899
000837
600028
600668
600866
600805
002106
600256
600031
000423
600111
000012
600518
600030
000338
000063
000401
600458
601318
601699
600239
600036
002223
002167
002344
000800
000039
601006
601299
000002
600519
600742
601009
000425
600019
600660
600031
600166
600690
000157
600887
002041
600100
600585
000422
002001
600104
000338
600030
600742
600028
002025
002232
600585
600458
000858
000002
000401
000568
601766
600036
601166
000937
000680
601318
601398
600067
601699
600362
000039
600395
600690
600031
000630
000877
601169
600519
600015
600415
600406
000527
002304
601002
600537
601111
600518
601601
000961
002024
600770
600581
000157
600048
600060
000012
000789
600383
002129
600050
600016
600805
600221
600582
600875
600970
600266
000623
600199
000729
600426
601717
600104
002001
600887
000423
600742
600809
600125
000758
000425
000887
600823
600111
601088
600418
600111
000039
600029
601808
600583
601118
601088
601111
000629
600188
600030
600031
600547
000768
600489
600010
600549
600875
601166
601958
600312
000758
600497
000983
600050
600089
002106
600031
600015
000895
000401
002073
601299
000669
002344
000063
600030
600362
601699
600239
002269
002142
000680
002158
002007
600970
000937
000581
601318
601111
000933
002011
600547
600284
600029
600739
000157
000713
002484
601601
600651
600765
600195
000540
000012
002010
000001
000937
000729
002367
000581
002010
000513
600060
600585
600588
600739
600498
000415
000024
000540
600815
600252
000935
000680
600790
601318
002024
600160
600068
002007
600585
600104
002202
600316
600863
600741
600518
600475
600256
000858
002106
000039
000012
000999
601607
000157
600000
601111
000983
600537
000651
600362
000937
600703
000423
000826
000933
000063
000581
002146
600176
600016
600050
000024
600031
600383
600870
600516
600069
601888
601106
600469
000629
601699
600031
600068
600547
600997
600289
600805
600395
600021
601799
000963
600362
600375
300090
600519
600439
600376
600383
600028
002009
600831
000157
601299
600309
601166
000039
600176
601766
601318
600875
600383
600428
600123
601699
600887
000698
002202
600585
002007
601666
600596
000680
002073
000425
600739
000983
600048
600376
000895
000024
000528
600528
600266
601607
000936
601169
600426
000982
600837
000061
002086
002028
601001
000400
600048
600352
300140
002106
300083
000002
600585
000968
002165
600535
000933
002334
300136
300193
002011
300132
601288
600036
600000
000792
600015
600309
600016
601601
600880
601939
600866
601318
000513
000501
601169
600195
601919
600048
000521
600664
000568
000778
300006
601318
002155
000877
600169
000623
000426
000630
000513
600030
601958
600096
002157
600221
600581
002378
601006
601168
600348
600875
600362
600875
600029
601111
600115
000895
600104
000983
601666
600312
002152
000877
000001
600418
601766
601958
000417
600863
601288
600303
000630
000568
600517
600741
600664
000869
002024
002146
000402
002123
600169
600176
601607
600360
600276
601168
002022
600366
600386
000759
600048
600893
002104
600050
000002
601088
002028
000400
600115
600054
600036
000513
601601
601106
600628
601588
002001
601288
002179
600118
600550
601318
600415
000789
000858
600518
000998
000630
002415
600036
002106
600030
600000
000983
600271
601169
601299
600031
600498
600068
601607
600585
000538
600256
002106
000423
600809
600418
600887
600036
002129
002304
002146
600362
600261
600425
002155
600000
601766
000039
000680
600332
601117
002041
002080
000401
000630
600518
601299
600111
000550
600276
600805
600458
600143
000998
601601
601318
600000
000858
600028
600058
600893
600415
600271
000783
600563
600585
600068
600518
600111
000001
600195
000063
000651
601088
000338
600031
601666
000001
002007
601390
000528
002001
600386
601166
601186
000895
600216
002029
000759
600288
300050
600036
002202
600016
601958
600256
000566
000960
600184
600118
600403
600425
600489
600000
600498
600406
000060
600343
002266
600576
000858
002155
600354
601088
600549
600331
601169
601111
600887
600703
000972
600456
002273
601899
000538
600547
002161
601318
000878
601888
600523
600720
601600
000527
000895
000629
601179
601088
600104
000800
600660
600741
601899
000858
000002
600030
600674
600050
601628
601328
600048
600089
601668
600000
000629
600383
000002
601601
601288
000792
600312
002024
600537
600028
600100
000625
601318
600362
600600
000012
600660
000063
600426
002091
002223
600518
600809
002073
600436
000527
600406
601628
002344
600016
002008
000024
601607
600000
601328
000778
601668
600018
000069
000527
600100
000407
600739
000063
601318
601958
600500
600844
601169
600875
000960
600031
600770
600884
000009
002182
000858
600050
002234
600015
002106
601299
002073
600031
002142
600030
601699
000895
000680
000401
000669
600362
000063
600585
600801
000983
002344
600970
600519
600703
000157
600111
002236
600805
000698
002202
601989
601766
002405
600549
002241
002449
600875
002061
002106
600815
000963
002123
600104
600362
601168
600036
002024
000527
601318
000060
600016
000651
601601
601117
000050
000983
601111
000960
000630
600111
600875
601788
601299
600050
600694
600312
601718
601117
600331
002132
600048
600146
000400
002488
000686
000001
300022
600016
601601
000635
600089
002549
601607
600875
600031
601088
000937
000895
600535
600009
600348
601117
600036
600600
600157
600060
000422
000002
601766
601318
000716
002493
600063
000527
600720
600880
600036
002038
601166
600809
601699
000848
002031
600166
002100
600000
600815
002094
002243
600276
000590
002123
002007
600309
600585
000425
000635
600875
601117
000012
002001
600050
601299
600104
600295
002123
000823
600030
002564
601216
600739
600750
601808
600089
600499
600887
600318
601668
002037
601318
600881
601106
000822
600090
000727
600069
000887
000972
000629
600739
600015
002233
600967
601939
600068
601398
601328
601818
600740
600015
600239
600372
600271
600811
600252
600135
600069
600036
600894
600376
600256
000728
600050
000783
000401
000338
600104
600030
000581
600029
600318
000157
600585
000012
000527
600511
000937
601088
000651
000423
600729
600048
601668
000063
000528
000877
600970
600585
600362
601299
000895
002092
601009
600497
600805
002078
000527
601678
000983
600166
000501
600761
600153
002106
600031
600518
000630
000338
601318
600362
000998
002344
600519
600256
000423
600030
600111
600585
002158
000002
000401
000800
002167
600809
002132
600256
002155
002249
600111
002056
002008
600406
600428
600150
000157
601607
600395
002017
600773
600502
600354
002230
600141
601699
000401
600585
601699
000937
000877
600125
600188
002008
002006
600015
601601
600997
600176
600068
000063
600537
600060
600395
000039
600739
000024
600030
600582
601169
600801
600837
601009
600016
000887
600426
600428
600000
600415
000630
600863
600251
000837
600036
600581
600742
600458
000895
601006
600111
000961
002146
000527
600806
600720
002118
000758
601101
600971
601766
600519
600383
000629
600079
600067
601992
000623
000568
002142
600887
600498
000698
600303
002032
002254
600216
000759
002167
601166
000422
600600
300025
600066
601186
002122
002073
600318
600535
000789
000811
002432
600495
002106
601088
600585
600362
600339
600031
601009
000937
600048
002146
000528
600376
601766
000858
601318
000157
600157
601166
000596
000568
600068
601601
002155
600970
600309
002001
600801
002024
002408
000002
600694
002415
000039
601989
000063
002138
000680
000807
000069
600489
601111
000418
002400
000887
002449
002106
002015
600426
300111
601989
600498
002241
000012
000039
000581
600739
000680
600030
002024
600660
000425
600395
000651
600271
600519
600875
000630
000848
600125
600518
000933
600100
601601
600028
601169
002155
600475
600583
600050
000012
600549
000002
600383
002024
600010
600720
600037
000877
600425
600887
601318
600028
601668
601009
601601
002001
600631
600263
600782
000858
600790
000157
601169
002073
300020
000650
002417
600062
601607
002320
600498
600416
600844
600425
000937
600376
600581
600481
601186
600395
600713
002013
002094
600307
002110
600362
000630
601111
600348
600030
600383
000983
600348
600068
600537
600875
601318
600048
000002
600585
600496
600312
600690
600208
600150
000630
600580
600104
600880
000858
600058
600375
600497
000001
600187
601166
600519
600036
000629
601318
000413
000712
600050
300146
600000
601101
600240
000960
600467
600887
600570
600176
601166
601601
000059
600468
600030
601678
600739
000157
600843
600123
600193
000933
000527
000937
000401
601998
601009
600019
600036
600362
000983
000046
601318
600089
600693
600016
600240
600309
000858
000869
600208
000630
600395
002303
000651
002409
000983
000778
000807
600068
002293
600761
600048
600060
600887
002117
600664
600123
000425
002142
600266
600570
002146
600030
600348
600406
002063
002344
600231
601169
000039
600015
600089
600686
600303
000895
600887
600276
600585
000538
002422
002304
000401
600267
300101
002230
600795
002330
002503
600511
600284
601299
600011
600519
000656
000937
600378
600416
002155
600268
000410
601958
601377
600056
600884
002129
601318
002179
601998
002060
600449
000540
600072
601888
002526
600586
000002
000861
600322
600395
600107
000725
600587
002177
600802
600668
002297
601216
002128
000858
000903
000568
601601
601766
600415
600060
002008
601377
600030
000063
000729
000002
601788
601002
000417
600970
600018
601888
600585
002006
600428
000401
600036
000823
000039
600009
600050
600406
000877
000789
000581
600537
600123
600729
000937
600216
600031
600376
601688
000887
002001
000686
600550
600963
002024
000680
601699
002155
600739
600742
002017
600859
601006
600585
002155
000157
000972
000528
600031
601888
000401
000568
600760
600887
600518
600337
600068
000099
600362
600048
000425
601106
601398
002131
000983
600528
600549
600809
601288
600015
600000
300048
002139
600416
600378
600995
002023
600468
002129
600491
300136
600535
601989
300135
600351
002261
601939
000630
000898
600348
000960
600079
600383
000903
600036
000538
000709
000002
000423
000024
600016
000001
601992
002068
002327
600802
002165
600694
002480
600072
600050
601390
600048
601166
600362
000401
601318
600125
000858
601899
601186
000983
600585
601006
000002
000550
600019
601607
600016
000568
600050
000001
600458
000651
601989
600089
600019
000639
000039
601808
600583
600030
600038
601166
601268
600585
600000
600029
600348
600523
600770
601601
002304
000528
601318
600000
600331
000762
600449
002008
000630
000792
600050
601088
600354
000009
002273
000538
601988
600749
600809
002345
000009
600812
300002
600309
600166
000568
600048
000887
000998
000538
000527
600585
600362
600096
000423
600383
601601
601166
600750
000661
002551
600290
600458
600809
000063
600535
002035
601288
000401
000630
600125
000063
600085
000568
000039
601318
002299
601168
601888
600428
600467
000727
600166
601106
000680
000858
000425
000983
002001
600425
600240
600812
000876
000422
601699
600518
600522
601111
600797
000338
600016
000503
601601
002029
600498
600223
600000
000933
600468
600971
600863
600188
601898
000571
600256
600509
600221
600009
601101
600880
600545
002176
601857
601006
600674
601088
600028
600008
600997
600232
601111
601666
600843
000063
000513
600497
601318
600085
000157
600585
600963
601699
600486
600498
000961
600125
600048
600150
000800
600354
000581
002157
000039
600685
000937
600720
000970
000635
000528
600101
002146
002206
600111
600089
600251
600823
600197
600098
000680
000422
000527
600362
000401
000759
600664
000528
600395
000581
002254
601111
000860
600592
601179
000680
601088
600360
601766
600581
600787
002081
000936
000503
601898
002304
000559
000858
000630
002482
600276
000998
600096
600226
002211
300054
000540
600547
002106
600157
000157
600036
000651
000527
600519
601288
600015
000876
000063
601628
601318
601169
600383
002304
600048
000401
000869
000858
600418
600016
601111
601166
601169
601009
600150
000877
600066
002051
600449
000527
000425
600031
600058
000338
000951
000401
000528
002024
601699
600176
600375
000877
000419
000937
002085
000761
600160
000417
000039
000810
002099
600546
600031
002187
002186
002251
002013
002311
600626
600967
601390
000680
000679
000960
600104
600741
002081
600827
000895
601607
600519
000759
002202
000568
600517
000848
600693
600580
600600
600406
600276
600352
600079
600859
000858
002252
000963
002007
600068
000423
600713
601166
000895
600271
601888
002008
600251
600770
000937
002011
000792
600036
600415
000009
000973
600997
000002
000063
600498
600271
600048
002241
000012
000401
601088
000425
000338
600030
000783
000630
600582
600104
600036
600460
002334
600511
002296
600585
000568
600519
600467
600362
601299
300041
002121
002024
601699
600337
002385
000983
000960
002216
300087
300086
002293
000869
601001
601601
600585
000401
600418
600383
601601
000936
000002
600581
002155
002241
002106
601318
600362
000630
600031
000039
000789
600537
600183
000926
002001
002304
600425
600809
600395
000848
002252
000527
600166
000425
601009
000401
600887
002078
601699
600497
000540
000978
300022
002094
600770
002013
300157
600815
000609
600516
000009
002008
601857
600256
600111
600193
002006
000666
601299
601699
002118
600970
601989
600125
600199
600572
000157
600739
000758
601766
600116
300024
600760
600425
002043
600502
000629
002140
600863
600031
601678
000026
600395
600519
002037
000881
002129
000540
002011
000998
600496
600160
600284
000816
002283
600141
600549
002010
000635
600458
000623
600497
600967
601398
600433
600636
600068
002428
000877
000528
000711
002060
600844
601101
600252
000777
600332
002282
000568
600614
000933
600248
601088
002256
000507
002304
000979
000889
600794
600113
000755
600478
600348
600969
002106
000558
600172
600406
002234
002102
600321
600587
000789
002230
000009
600019
600812
600376
600015
600631
601688
000869
600875
600000
601857
601390
601727
600739
600428
601628
000063
600056
601888
600309
600887
600268
000729
600550
000425
000825
601899
002080
600585
600537
600248
000581
601117
000848
002254
600660
600050
600143
002140
002396
600803
000911
002292
600111
600739
600729
000698
601699
600875
600547
601666
600036
600997
000969
600068
601288
000983
601168
000937
000063
600000
600348
600881
000400
601166
600188
600362
002069
002001
000858
600030
600132
600519
601899
000783
600251
600497
600096
000407
000650
000792
601668
600702
000911
600362
000869
600095
600029
601111
600686
600531
600875
600096
600141
000422
600362
600533
002233
000060
600239
000718
600028
600761
601179
002332
600547
600489
600497
601628
600028
601857
600016
000651
000869
000401
000060
000680
000002
000024
601166
002024
000157
601009
601328
600029
600036
000069
601318
000596
600585
600309
600123
002269
600362
000157
600157
601009
000527
600104
600801
601607
002202
002408
000039
002022
601166
002215
600216
600160
600339
600376
002484
600199
002024
600880
002503
601808
000002
600489
002138
600031
000063
601169
600694
002146
300090
300124
600664
600498
000983
002458
600050
600519
600686
000960
000001
600266
600383
000983
000878
000776
000778
002304
601857
600376
002146
000024
600019
000060
002024
601318
002024
600887
000983
000581
000568
600268
000338
000848
600276
600425
600089
600406
600352
600707
600880
000858
600339
600479
600549
600778
601699
000983
000157
601166
600835
600104
600031
600015
601678
000880
601318
000527
002013
600000
000630
600029
000800
002480
600036
601111
000629
600125
600019
000001
600029
000716
300034
600551
600415
600519
601111
601168
600978
000060
000157
600257
600089
600488
600102
600000
000860
600276
600547
600115
000858
002144
601088
002297
002249
601666
600239
600386
601818
600581
000568
600875
600436
600137
000982
600015
600828
000987
601699
000425
600415
002479
002073
600383
600271
601601
600585
600298
002152
601318
000680
000961
000811
600498
002122
600267
600362
000012
600805
600362
600823
600354
002202
600380
600066
600516
000024
002244
000401
600059
601808
002032
600079
002215
000792
000513
002419
002206
601601
000423
600050
600125
600887
002155
600636
000792
600256
000069
600362
000630
600418
600585
600395
600000
000680
600537
600261
601699
600016
600009
601318
601333
600048
600150
600123
000718
600028
600067
601601
601318
002129
600016
000962
600875
600585
000063
600887
000792
600036
600198
600079
600879
600111
002024
002477
000578
601106
600050
601166
000001
000002
600348
000338
000528
600089
000680
000895
002024
600062
600583
000951
600036
600563
000039
600169
600511
601169
600525
600030
601117
601888
000998
000669
002158
000895
002344
000680
002167
002142
600298
600801
601818
002269
600009
000939
601166
002033
600258
000527
000562
600125
000061
601933
000501
600027
600837
000415
000507
002282
600742
600999
000937
601699
600050
300143
600188
600362
600143
000933
000568
601601
600887
600038
600395
600503
000776
002106
600104
002061
600000
600208
601208
000651
000527
002230
600028
601101
601318
600095
600009
000858
600030
000939
601766
000718
601168
600267
600785
002122
600475
600416
600295
600016
002055
002469
600600
600585
002008
000898
600150
600741
000680
000528
600030
600009
000401
002008
000039
600068
000877
000530
000063
000562
600188
000988
601117
600395
600516
000597
000415
600089
600585
600858
600123
600496
600309
000651
600157
600511
000698
000895
300083
600815
002033
600693
600887
000616
002156
002024
002121
000860
601818
002155
600098
601166
002129
601601
601168
600739
000933
600157
601688
600432
000568
000001
601169
601888
601958
000767
601668
601268
600636
600031
000983
601601
601318
601328
601699
000002
002024
000024
002008
600030
600690
000338
000401
600963
000425
002078
600160
601898
600970
601766
601111
600063
600502
000826
002123
002176
600096
002006
600406
600256
000983
601318
002161
002117
601601
600031
000998
002261
000811
002056
600295
000895
000880
000708
600352
600362
600600
601106
002290
000338
600577
600028
600812
600056
600970
600697
600219
600036
600966
600660
600557
000960
000630
000792
000559
600362
600418
600157
600111
600576
601168
000962
000937
601699
600208
600089
600570
600720
600815
601101
002167
600000
600859
600519
002024
601699
600016
000039
000401
000423
000895
000680
600031
600496
601299
601009
601318
000937
002304
601106
000568
600267
300077
300083
002106
000895
300115
002353
300136
002475
300002
600050
600428
002055
600809
600383
601318
000021
000050
000024
002340
600276
