1108
600050
600028
000866
600688
600900
000898
600009
600019
000680
600205
600585
600029
000400
600005
000518
000060
600210
600795
000063
000088
600050
600028
600104
000898
600029
600016
000800
600036
600808
000630
600205
000100
600309
000717
600688
600018
600002
600026
600362
000636
600050
600900
600660
000027
600029
000629
000068
000866
000400
600060
000088
000920
600009
600028
000700
000022
600519
000831
600467
600260
000027
600008
000800
600642
600036
000088
600900
600030
600795
000037
600887
600085
600386
600009
600104
600028
600323
600597
600270
600000
000088
600050
600002
000717
000039
600019
000927
600011
600900
600183
000625
600688
600018
600870
000866
600642
600029
600362
000629
600584
600050
600900
600029
600016
600028
600100
600688
600887
000063
600740
600031
000066
600309
600036
000100
000866
600026
600519
600602
000002
000088
600674
600583
600022
600292
600997
002001
600991
002005
002008
600143
600966
002002
002004
002006
002009
002010
600420
600421
600611
600028
600002
600475
600210
600688
600019
000024
600029
600031
600584
600016
000630
600282
600360
600104
600000
600089
000983
600707
000866
600406
600308
600207
600563
600036
600205
000825
000060
600740
000898
600688
600028
600000
600026
000858
600270
600428
600019
600717
000088
000898
600642
600031
600188
600011
000581
600519
600009
600018
600795
000898
600036
600591
000927
600795
600028
600808
600104
600000
000629
600019
000063
000027
000677
600183
600309
600005
000581
600500
600009
600050
600597
600036
000039
600028
600029
000800
600688
000858
600795
000550
000927
600900
000100
000031
600362
600663
000002
000999
600812
000070
600104
600028
600688
600428
600000
000858
600026
000898
600019
600270
600887
600036
600016
600642
600717
600085
600031
000550
600104
000157
000088
600362
600002
600050
600808
600183
000002
000898
600005
600087
000758
600028
600029
600026
600900
000727
600205
000659
600303
600309
600020
000002
000858
600036
600009
600598
600029
600050
000511
600020
600309
600900
000989
600008
600642
000927
600004
600104
600519
600660
600415
600018
600050
600000
600808
600104
000792
600019
600011
000778
600688
000968
600016
600028
000729
600900
600740
600552
600591
600795
000629
600050
600020
600029
000068
000002
000956
600598
000630
600642
600221
600016
000858
000937
600036
600074
600583
600104
600795
600493
000912
600887
600210
000725
600138
600022
600997
002008
600143
600483
600962
600963
600966
600991
600992
002001
600114
600421
600461
600967
600981
600050
600028
000866
600900
600019
600688
000063
600104
000039
600210
600009
000717
600205
000002
000629
600011
600029
000100
600036
000068
600660
600026
600030
600408
600585
000800
000895
600019
600104
600642
600036
000636
600000
000100
600030
600016
600171
000839
600900
000400
000027
600011
600475
000009
000157
000039
600015
000902
600050
600035
600270
600795
600028
600812
000088
600018
600111
000525
000927
000028
600050
600028
600104
600009
000625
600029
000630
600660
000581
000039
600004
600019
000100
600296
600036
000400
000866
000088
600166
600900
000016
600795
600688
600183
000063
600887
600060
600270
000636
600028
600002
000800
600029
600104
000002
600166
000866
600031
000024
600688
600205
600362
000999
000858
600500
000717
600519
000680
600900
600320
000550
600104
600028
600016
600050
600019
600036
600352
600000
600057
600674
600018
000001
600481
000498
600348
600795
600202
600812
000060
600597
600019
000630
600002
000866
000898
600642
000700
600020
600761
600028
600569
000550
600812
600900
600307
000817
600183
600635
600333
600066
600019
600104
600205
000088
600585
600002
600500
600005
600036
000866
000100
600050
600011
000717
600031
600710
600009
000063
000825
600018
600210
000027
000037
000100
600019
600009
600011
600031
600601
000895
600710
000825
600585
000027
600220
000063
600205
000612
000866
600595
000037
600418
600104
000001
600755
600028
000039
600795
600308
600019
000100
000876
600839
600900
600688
600028
600642
000612
600016
600205
600477
600036
600104
600026
000068
600037
600004
600827
600002
000063
600028
600348
600985
000988
600980
002003
600026
600875
600188
600744
600519
000488
600990
600976
000088
002002
600500
000983
000630
600011
600456
600795
000629
600009
600726
600000
600322
600050
600036
600296
600583
600535
000758
600597
600367
600005
600383
600020
600019
600005
600019
000027
600018
600050
600028
600022
002002
002005
600019
000898
600028
600050
000800
600029
000510
000002
000037
000817
600002
600188
600308
000920
000400
000068
600177
600710
600660
600036
600026
600018
000050
000024
600320
600641
600205
600563
600688
000581
000039
600500
600153
600011
000063
000088
600050
600269
600104
600019
000717
600642
600166
000898
600011
600018
600795
600002
600036
000625
600000
600308
600205
600029
600001
600028
600050
600020
600026
000839
600780
600649
600317
600004
600357
600408
600688
600597
600183
600348
600469
000858
600036
600123
600839
600036
600050
600028
600019
600900
000866
600009
600866
600583
000157
600780
600477
600600
600611
600035
600085
600460
600997
600011
000100
600050
600036
000088
600900
600717
600000
000680
000528
600585
600016
600015
600710
600011
000027
000630
600018
600019
600074
600815
600642
000100
600050
600029
000002
600900
600028
600036
000927
600030
600362
000968
600016
600839
000068
600026
600600
000009
600004
600019
000617
000800
600050
600036
600029
000983
600307
600000
600011
600104
600688
000002
600508
000866
600591
000039
600602
600348
600100
600188
000066
000898
600104
600019
000898
600005
000100
000825
600028
600900
600036
600205
600740
600812
000866
600887
600808
000002
600688
600029
600348
000550
600028
600019
600050
000002
600688
600029
600002
000717
600104
000100
600900
600795
600009
000039
600308
600519
000920
000063
000800
000511
600050
600016
600019
600900
600018
000858
600270
000800
600220
000778
600011
000581
000002
600308
600029
600085
600795
000731
600362
600631
600362
600050
600031
600660
600183
000630
600104
000063
000866
600018
600002
000088
000100
600585
600642
600426
600688
000960
600028
600900
600362
600050
600104
600031
600183
600688
600900
000100
000630
000063
600016
000088
000920
600642
600585
600660
600002
600547
600591
600028
600028
600050
600029
600036
600348
600011
600026
000858
600900
600000
600350
600688
600009
000866
600642
000983
600591
000002
000100
600362
000063
600018
600694
000983
600123
600066
600690
000800
600352
600863
600005
000651
600221
600060
600573
000027
600386
000068
000100
600267
600205
000100
600019
600050
000866
600585
600002
000630
600036
000002
600029
000895
600104
600011
600660
600900
600005
000898
000063
600004
600050
600019
000983
000100
600036
600011
600205
600900
600005
000088
000027
600018
600002
600031
000581
600009
600585
000866
000800
600210
600028
600050
000825
600827
000898
600020
600019
000100
600015
600005
600011
600808
600029
600308
600016
000063
000488
000792
600733
600031
600018
600019
600036
600028
600050
600835
600104
600029
000581
600011
600688
600002
000898
600900
600183
600009
600309
000866
600583
000630
600009
600050
600036
600123
600026
000100
000968
600029
600642
600688
600477
600362
600900
600019
600085
600600
600460
000800
600018
600808
600000
600183
600825
000629
600717
600018
600016
600019
600104
000088
600009
600900
600050
600270
000068
000625
600602
000898
000066
600100
600887
600707
600997
600050
600019
000800
600642
000680
600028
000866
600362
600009
600190
600104
000518
600036
600811
600900
600012
000069
600688
000063
600717
600050
600028
600900
600018
000866
000898
600016
600104
600036
600205
600688
600795
600009
000858
000623
000027
600642
000069
000039
600002
600104
600591
000800
000063
600009
600050
600895
600270
000002
000763
000581
600005
600002
000088
600395
600000
600547
600016
000532
000068
600123
600884
600795
600660
600607
600688
600029
600296
