5431
600820
600100
600449
601398
600030
000002
601318
600036
600000
601919
600550
000063
600005
000983
601398
600028
000858
000792
600887
600406
600596
000969
601006
000629
000831
600266
000895
600875
601328
601088
000422
000562
600383
600970
600737
601601
601939
600016
601939
600519
601318
600761
600019
600795
600036
000063
601088
600825
600028
600631
000709
601666
000983
600058
600887
000858
601186
600887
600009
600030
600048
000629
601601
601318
600600
601898
601186
600383
601006
601088
601390
601899
002238
600036
601328
601857
601001
002232
600005
601808
600078
600019
600664
601766
000895
600016
601398
600018
000089
600458
600332
600028
600125
000531
000026
000002
600875
000301
600035
000422
600269
600684
600694
600050
600030
601666
600997
600028
000528
601318
600011
600348
600058
000858
000831
600096
600362
600320
600748
600357
600428
600631
601111
600030
600036
601318
600019
601919
000001
600000
601186
601166
601001
600519
000898
601006
600048
000983
600547
600585
601398
601699
600348
000002
600036
600000
601390
600030
600050
601318
000652
600005
601088
600015
600519
600019
601939
000878
601628
600598
601857
600150
000858
600036
000002
600005
601328
600438
600000
000001
600019
600686
601939
000717
600598
600519
002024
000895
601857
600585
600331
600236
601088
600036
600150
601601
601919
600028
600739
000002
000937
000683
600886
601666
600489
600000
600019
000401
000709
600030
600015
600408
601628
601318
600015
601186
601088
600036
600997
600426
002008
000063
002080
600582
600100
600000
600251
600019
000061
600276
002028
000987
002194
601628
601939
000002
000651
600111
002022
600005
000069
002024
000527
600585
000792
000895
600391
000422
600583
600456
600550
600880
600352
600649
600820
600395
000910
600143
000568
600188
000819
600030
601006
000012
002038
600312
000001
002237
600879
600125
600588
601628
600000
600005
600036
601898
000157
600508
601088
002028
601601
000983
601939
000932
000012
000024
600177
600050
600026
000937
600449
002024
000527
000515
000569
000629
600036
601006
000983
000002
600031
600383
600867
600588
600048
600325
000651
000069
600054
000089
600030
601666
601006
000858
000983
600005
600030
601318
600009
600028
600900
600026
601390
601398
600004
600725
601628
601857
600489
000060
000157
002038
600036
600238
000002
600030
600005
600026
000001
600000
600580
600596
000917
600674
601088
000012
601318
000401
000060
600028
002212
601006
600550
002154
600348
000858
600748
601939
600585
601398
600675
002226
600058
000568
600216
000560
600153
000063
600009
000401
000422
601006
600327
000527
600015
600410
600736
601628
600030
000667
600000
600058
601628
600528
600030
000001
600048
600028
600036
600123
600685
601088
600383
600488
000878
000983
601318
000002
600895
600084
000651
000566
000623
000826
000988
600030
600036
601318
600000
000069
601919
600348
000002
601166
000157
601088
600005
600048
000060
601111
600009
600875
601939
601699
600028
601398
601919
601318
600000
600005
000002
000898
600050
600029
000024
600737
600547
000960
000983
601666
601088
600585
601390
000709
600019
601398
000002
600005
600050
600030
600019
600029
601628
600036
601088
000960
601166
000001
000792
601318
600048
600141
600690
600547
600383
600005
601318
600019
000002
601919
600000
601398
600050
600096
601006
600016
600036
601186
601898
600030
600028
000858
601390
000063
601628
601318
000858
000568
600030
000937
600036
000001
601006
000898
000933
600050
000709
000002
600028
601166
600037
600596
600000
600019
601939
000792
600036
000651
600519
600000
600596
600900
000001
600331
601318
000568
000063
601628
600001
000060
000878
000717
600150
000709
000002
601939
600030
600028
000002
601318
002146
600000
000825
600005
601857
600519
600050
600325
600674
601628
601006
000402
000895
600019
601919
600143
000001
600596
002007
000858
600309
600806
000839
000002
601318
600000
600036
000001
601628
601166
600048
600737
601857
600383
000858
600363
600030
600050
000532
000709
600005
600630
600624
601088
000024
600846
000839
000972
600016
600837
000006
000969
600078
000599
600096
600028
601398
600408
600598
000401
000933
000911
600348
600997
000525
000612
601328
600015
000718
600141
600196
600331
600547
600540
000898
000566
600210
600808
600499
002024
600596
600489
601666
600519
600001
000565
600469
600029
600674
600031
600289
600117
600488
600118
600201
600226
000860
600352
601699
002041
000983
600694
600467
000069
600115
000729
000800
002202
000878
600325
000063
000792
600740
600100
600405
601588
600812
000568
000900
600107
600348
600036
600030
000002
600028
600596
601398
600352
600019
600000
600016
601939
000983
601088
600050
600320
600583
600012
000792
600098
600000
600030
600036
601186
601628
000933
600019
601898
600585
600050
000895
000937
600015
000825
601398
601166
600519
000002
600547
600016
601390
000898
000858
600598
600048
601857
000629
601988
601766
000002
600000
600030
600028
600036
601628
600019
600050
601318
601857
600005
000858
000568
000063
601088
601166
601898
000839
600585
600048
600050
600036
000002
601390
600030
601318
600153
601186
600005
601166
601398
600737
600674
000026
601628
600748
600019
000063
600383
601169
601939
600015
601919
600058
601898
600997
600361
600308
600100
600048
000001
000848
000599
600519
600887
600161
600963
000932
000667
600795
600270
600428
600122
600836
601001
000911
000401
600011
000539
600830
000960
000612
000002
600036
601318
600029
600050
600519
600000
000792
600547
600030
600251
600325
601111
600591
000895
601808
000983
601857
000651
000858
600030
600000
600050
601318
600028
000002
600036
601088
600196
601766
600795
600737
000937
601857
600048
601186
000680
000422
600005
000063
600547
601628
600664
600089
600895
600663
600812
600348
000877
002252
000629
000858
600028
601318
000069
600685
600150
600748
600717
600030
000839
600675
600000
000002
601919
600299
000602
600050
600005
600900
600585
000002
002024
601318
600900
600000
600050
600031
600519
600036
000898
600685
000895
600029
000568
601088
600030
601628
600028
000933
601166
000629
600030
000515
601318
000525
600627
601088
600251
600017
601169
600050
600352
000063
000839
000566
600816
002107
600828
600067
600132
601919
600019
600030
600005
000983
601318
000002
601398
601088
600029
000898
600036
600050
601857
601699
000001
600048
002024
601628
601166
600320
600547
601328
002028
600017
600005
600596
600970
600000
600309
002008
600276
600600
000002
600031
600028
600585
601628
600583
600383
002024
600426
002067
000987
000869
600036
600031
600380
000651
000709
600519
601398
000002
000024
002024
601318
000028
600030
600660
000568
600016
000488
600089
000157
600428
600036
601318
600019
601628
600005
000002
600016
600030
000709
600000
000402
000060
600037
600808
000528
000625
000667
600028
601939
600036
600835
000002
600423
601166
600036
600019
600123
000825
601318
600809
600547
601006
600519
600000
600596
000088
600033
600348
600997
600309
600066
600030
600036
000002
601919
600028
600000
601628
601398
601601
600048
601939
601318
601006
000024
601857
600031
601088
000983
000623
002097
601186
600005
600426
000825
600019
000031
600030
601318
600000
600009
600019
600028
600887
600383
601628
600050
000002
600036
601088
601390
601919
000729
601857
000717
600016
601939
600016
000063
600825
600299
600761
000002
000968
600585
600409
601318
000829
601166
601398
600519
600104
600694
600660
600011
600028
600030
600036
601398
000002
600016
600019
601898
000024
600028
600000
000898
600596
600694
600519
600325
000937
601006
000983
600005
600150
600583
000651
600015
600590
600050
600690
600068
600827
000800
601398
601088
600410
600631
000012
600036
600016
000860
600475
000597
601628
600289
601808
000024
601628
000568
002258
600202
600019
000667
601398
600096
000002
601318
601898
600036
600005
600737
000629
601919
600089
000401
000338
600000
601857
600282
600085
600686
600050
601398
600030
601318
600019
000858
600015
000898
000825
601088
000423
601939
000612
000422
000839
600795
600195
000651
000060
000709
600036
600050
600028
600312
601318
600030
600835
000983
000652
600029
600521
000858
600005
601088
000002
601111
601006
601398
601919
601628
600050
600030
601318
600897
000002
600348
000709
600266
601169
000839
002122
600005
000009
600880
000952
601088
600674
600997
600963
000895
600030
000002
600028
601857
000001
601318
601919
600000
600428
600050
600316
000629
600117
000630
600036
601766
601088
601398
600540
600362
600016
000063
000858
600019
601939
600686
002095
600188
600900
601628
000878
600779
600005
000566
601899
600096
601390
000898
000002
002001
600875
600030
600036
601919
600000
601088
600432
601166
002024
600162
000709
601318
000983
600521
000012
600019
600048
600216
600030
600000
000001
600031
000002
000709
601318
600348
601006
601186
000612
000800
600325
600519
600795
000159
600050
600600
600036
600236
601919
601318
600030
600050
600036
600028
601601
600000
000792
000651
600739
000898
000039
600674
600737
000422
000983
600887
000562
601857
600036
601318
600030
600585
600019
000063
600000
600596
601166
600315
600519
000983
600348
601088
000024
000792
000002
600015
000001
002028
600005
000422
600000
000001
000581
000983
000898
600019
600100
000858
000002
000677
000831
600029
600409
600036
601088
600739
601318
600547
600997
600830
000800
000612
000159
601186
600641
000729
600655
600824
601169
600519
601628
000707
600856
600426
600489
600030
600600
600798
600028
600383
601006
000969
000060
600525
600102
601919
600138
002018
600521
000528
000402
002218
601857
600616
601600
600017
000807
600966
600015
600022
600307
600895
002211
000401
600397
000063
600589
000822
000568
600007
000680
000987
600308
000960
600282
600219
600258
000932
000428
600867
600423
600962
600048
600631
600896
600410
600628
600432
600835
002024
000895
002074
000926
000400
600889
600001
600456
600325
600880
600202
600963
600674
600550
600312
600089
000527
600251
601939
600141
600078
600806
600026
600104
000878
600267
002097
600690
600279
600256
000061
000597
600795
000157
002012
000911
600166
600527
601766
000825
600685
000949
002008
000661
002080
600583
600416
600582
600565
002154
000012
600019
000002
600036
601390
600030
000629
601919
601318
601006
600000
000825
000338
000878
600015
600050
600596
601939
000898
600660
600737
000002
600019
600000
000069
600036
600005
601166
000898
600028
002024
000001
600022
601006
601939
600307
000581
601088
600048
600016
601766
000002
600150
600005
600036
601006
600000
601857
601939
601318
601398
000024
600030
000063
600519
600050
600028
600508
000898
601390
000423
000800
600216
600016
000401
600583
600067
000001
000488
600019
600875
000895
600325
000528
601398
002024
600036
601088
600048
600029
600316
600000
600050
601390
600694
601318
002122
000876
600508
601898
600058
000860
600557
002106
000690
002080
002187
600426
000568
600030
600100
601006
600062
600011
600795
600050
600030
600028
000002
601166
600550
600031
600000
600036
000063
601398
600016
000983
600048
601088
600005
600111
600019
600383
601318
000822
600036
600005
600028
000002
600000
600050
600037
601390
000528
000423
601169
601919
000568
600015
600585
600519
000157
601088
600016
601006
601398
601318
000898
600111
600547
000709
601666
000983
000858
600325
000063
600123
000024
000069
600428
600048
601111
000002
600036
601390
601919
000629
600030
600005
600000
600048
600660
600309
601857
000069
600596
600739
000338
000024
000157
600019
600031
600028
000024
002001
000858
600835
600000
600627
600036
600031
601939
000002
000629
601919
600048
601328
600050
601318
600596
002024
600470
600383
600030
600036
000001
601939
000002
600029
000402
000960
601318
601111
601919
600739
601628
601166
000623
002024
600547
601186
600005
600026
600030
000825
601009
601006
000926
601898
601766
600533
600050
601318
600000
601166
601601
000951
000417
601328
000968
600183
600308
600879
601186
600216
000983
601398
600000
600050
600016
600015
601939
601006
600028
000001
601318
000069
601808
600348
600269
600547
601333
600030
601088
600125
000898
600017
600089
600231
600880
600019
600713
601328
600102
000707
000002
601318
600036
600019
600005
000898
600028
601398
601088
000983
600030
601898
600000
600585
600900
601006
000024
600016
000157
601699
600028
000001
601666
600022
600050
601857
600117
600739
600036
000559
000983
000709
000616
600307
601898
600835
601318
601328
600030
600795
600089
600026
600664
600122
600110
000893
601088
600000
600887
600028
600030
601766
600048
600169
600392
000651
601006
601628
600348
600649
600036
601088
600000
000858
600030
000983
600005
600019
000001
000002
000800
601919
600028
600739
000898
600685
000422
600104
000680
600048
601666
600409
600886
600282
600320
601318
000707
000831
600022
601628
000677
600997
600456
600383
601600
600026
000960
600100
600017
601169
601857
600111
600030
601318
000002
600100
000839
600050
601628
600019
601088
600997
600519
000932
600900
601919
600036
600739
601390
600588
601857
000623
601318
600005
601666
000898
000063
600000
600050
600028
600036
000002
601398
600019
601857
600739
600289
600015
000983
000568
601088
000709
000402
600583
000933
600009
600048
002024
600569
601939
600879
000651
600325
000031
600591
601398
600030
600015
601939
601318
000768
000783
600016
600879
601628
000002
000562
000338
600176
600036
600037
601088
600048
601169
600309
600030
601318
000858
601088
600000
000568
601166
600216
600100
000001
601006
600016
002024
601186
000002
000063
600028
000898
600748
000069
600000
601328
600019
600016
000878
000002
601318
000983
000568
600104
000825
600036
600005
000651
000800
600059
600583
000400
600675
600026
601919
601398
600005
600036
601088
601318
600030
600519
600737
600309
600875
601328
000060
601186
601898
600900
600649
600019
000538
600325
600000
600036
601088
600030
600016
000002
601318
600519
002024
000858
600019
601006
600547
600583
000157
600005
600900
600015
000069
000960
600030
600036
600028
601318
000690
600219
000002
601628
600050
601111
600436
002128
600005
601088
600026
600966
600188
601328
600415
600019
600030
601088
600000
601318
600036
000001
000063
600009
600104
000898
601169
601919
000625
600362
600383
600717
000878
601398
000807
600050
600674
600030
600050
601398
000002
600141
601919
600900
000422
601318
601390
600036
000932
600970
600469
601006
000792
000599
600153
600348
600100
601001
601628
600875
600030
600028
600050
600036
000002
600837
601088
600019
000748
600029
601111
600267
600685
601600
601006
601169
600031
600111
600499
600830
601898
601857
600354
000878
600598
601919
600328
000629
600839
000680
000651
000898
000063
000157
002001
600005
600438
600104
600016
000858
600900
000002
000568
601398
600036
600005
600016
600000
000024
600963
600026
600489
601318
000063
601088
600104
600867
600177
000860
600739
600655
600030
601398
600036
000002
600000
600005
600028
600879
601088
600048
600519
600019
601628
601857
000768
601318
600016
600015
000063
600050
601766
601919
000983
601006
600748
000937
600031
000597
600195
000527
600030
600316
600050
000566
000001
002161
601857
000002
601766
600289
002183
000525
002252
600867
601318
600808
601398
600325
600161
601958
600111
600028
600348
600790
600231
000950
000983
601899
600540
600376
002242
600804
600312
000818
600820
600750
002128
002109
600598
600883
002264
600639
600079
600478
000761
000972
600141
600162
600963
600352
601390
000727
002147
000338
000731
600078
002005
002139
000790
600713
601919
000659
000783
002060
000514
600495
600395
600100
000581
002095
000515
600971
601168
600036
600268
600686
000969
000630
600000
600470
600188
600428
601939
000837
601007
600754
002251
600425
002164
000987
000777
000712
600362
002153
600702
600255
000050
000911
002054
600525
600825
600019
000878
601186
600571
600088
002036
000893
601002
000960
600631
002101
002194
600736
002003
000759
002186
600439
000552
002191
600838
000800
000063
000728
000155
000680
600089
002063
600475
600723
600005
600153
600827
002025
002230
600499
600004
600071
000839
000589
601999
600729
600299
600469
000997
600189
000661
600547
600048
002008
600596
002138
600206
000617
000705
600812
002180
600488
600779
000726
002028
600636
002024
601318
600036
600000
600423
000002
000825
600019
000568
600519
600031
601628
600348
600089
600123
600030
600547
600585
000157
000400
000002
600005
601166
600019
601169
601857
000001
000792
601088
600686
600585
000895
601398
000024
601006
601939
000629
600143
600036
002024
600058
601988
000046
600438
000878
601766
601009
600022
000039
601808
600812
600016
600050
601398
601318
601939
000792
600028
600786
601006
600875
600019
000983
600029
600026
601919
601628
600030
600005
601328
601666
601939
600519
601857
600036
600585
600050
601898
000869
002037
000002
002096
600415
600985
601088
600009
000812
601766
600859
000423
000895
600036
000709
601919
600030
000002
600309
601166
601628
600000
600015
600019
000683
000937
600348
600150
600997
600022
601318
000983
601601
601166
600030
000807
600585
000024
600000
600019
601899
600036
000898
600048
601398
601318
000063
600900
600028
000667
600875
601006
600583
600176
002064
600028
600812
000860
000685
600814
600820
600622
600673
601898
600804
000822
600499
600030
600582
600263
000090
600282
002097
600019
600005
600036
600000
600030
601318
601328
000002
000898
601628
600900
600519
000825
000878
000001
000983
601398
600028
000839
600026
600216
601186
601318
600028
600000
000001
600016
600348
601333
000069
600050
601939
600030
000629
600547
600015
600231
000983
600017
600812
601006
000898
601398
601328
600125
601766
600713
000848
601808
601088
600089
600019
000002
600005
600269
000680
600036
600028
000002
601186
600030
601088
600581
000001
601009
600488
601318
600641
000983
600795
000898
600058
600031
601766
600895
600395
601398
000002
600036
601939
601318
600015
601088
600900
600016
600019
000983
601857
000063
002024
000024
600089
600005
601006
600143
000568
600036
601006
000001
000937
601088
600030
600739
600000
601628
000831
000002
600050
600005
000898
600307
600266
600408
600966
600675
600016
002241
600000
002123
600582
600547
601857
600028
600118
600050
002122
600517
600489
600276
601169
000538
601088
000061
600354
000028
600009
600036
000612
000001
601857
600016
000568
601088
600019
601398
000898
000423
600028
600100
600547
600409
000538
600795
600048
601318
000895
600050
601398
601088
000002
600019
600028
000898
601166
600795
600111
600000
600048
000063
600036
600600
600005
601169
601808
600886
600030
000002
600030
601318
000825
600048
600028
600383
601398
600005
600348
000024
600325
000898
002024
000651
600037
600019
000060
000878
600583
600036
600000
000002
600030
600782
000932
601628
601088
000001
600062
601169
600028
601006
600050
000905
601166
601390
600153
601601
600019
600900
600188
600005
600150
600030
600050
600686
600028
600096
601857
600036
600795
000002
600000
600019
601169
600584
601166
601398
601328
600383
002038
000063
600585
000858
600887
002024
600016
601006
000024
601318
600348
600352
601919
600033
600596
600009
600276
600320
600183
600350
600563
000898
000527
600361
601766
600219
600098
600036
600030
000709
000002
601919
601318
601088
600000
601006
600408
600150
600028
600015
601857
600309
600739
601601
000001
600019
601166
000063
600089
600036
000002
600000
002024
600005
000001
000878
600993
601898
000581
601088
600331
002122
002106
600289
600795
002081
601328
601318
600050
600739
601628
000792
600030
600028
600036
600019
601939
601601
600048
601088
600489
600686
600005
000001
000063
600015
601857
600138
600000
000800
000933
000001
600219
600036
000063
000002
600348
600779
600718
600362
601919
600028
600528
000758
600029
000978
000898
601939
000002
601186
600030
600036
601919
000858
000683
600660
601390
000623
600325
600123
600449
600879
002218
002252
600362
600022
600009
600616
600195
000825
600628
002216
000951
600271
600030
600000
000937
600050
000839
600005
601390
600036
600519
000001
600383
601328
600015
601088
000960
000900
000933
600585
000063
600586
600030
600036
600016
000002
600005
600000
601166
600519
600019
601318
601398
600428
000488
600048
600276
600028
600583
000898
601006
600267
601939
600718
000568
600519
000983
600000
000001
000002
000917
000897
000839
000792
600019
600015
600331
600694
000858
601166
600859
000630
600150
000024
600030
600019
000001
601088
601939
600016
601318
601186
600028
600585
601166
600005
601919
600036
600519
601766
601328
601001
000898
600048
600354
000819
600598
600408
000959
000877
600894
600823
000983
600122
600836
600867
000629
600028
000917
000006
000514
601318
000159
600001
600030
601398
600036
000402
601766
600000
000063
601006
600026
601628
600016
600019
000983
601186
601169
600582
002242
600031
601390
600005
601318
601169
600048
600030
600015
600816
000002
600820
600499
600000
000001
601766
601001
600550
600458
002024
600005
000990
601628
000031
601601
000157
601398
601186
000568
600585
600875
601088
000423
600383
600246
600495
000895
000063
000024
000400
000768
002073
601166
002153
000983
600089
000538
000611
000422
600528
600844
600161
002206
600517
600867
600030
601318
600050
600028
601398
601628
600598
000002
601111
600062
600104
000759
000960
600820
601006
600348
000983
000858
601088
000878
600005
600019
600900
000768
601390
000422
000911
000024
000833
600795
000729
601919
600036
601857
600489
000800
600087
600015
600030
600019
000709
000002
601628
601939
601318
000968
600048
600519
600808
600009
601328
600665
600675
000001
600022
600036
000839
600875
000002
600030
600019
601390
600036
600005
601006
601628
600900
600000
000858
600015
600050
600383
601318
000878
601088
000157
601939
600009
600585
600036
600348
000983
600096
600685
600000
601088
000002
000878
600219
000024
600016
600596
600005
601898
600962
600015
601318
601006
601186
000568
600000
600028
600036
600795
600009
002024
600050
600600
601328
000063
600089
000651
600019
601318
000877
000858
002252
600660
600030
601318
600019
600036
000983
600028
000024
601919
000002
601628
600900
600000
600348
601166
600219
601398
000402
000157
600428
600123
600717
600015
600087
600030
000001
000568
600016
002024
600000
601318
600036
601006
600519
600005
000858
600428
601169
600238
000024
000002
600026
002097
600036
600028
600352
601398
600026
600048
600395
601318
000069
000002
600030
601666
000869
000759
000568
000960
600886
600428
000983
600875
600664
600348
600050
601001
600141
600309
600660
000858
601628
600009
601006
000423
000402
000422
600036
601398
000001
600000
600029
600030
601111
600585
601318
600048
601699
000983
000002
601088
600005
000063
600739
600331
600547
600674
000063
600050
600026
601111
000623
600547
601006
600029
600997
600150
600489
000917
600283
600141
600270
600896
600087
600125
600188
000612
000024
600030
000002
002024
600087
601958
601001
000983
000683
600362
600585
002191
600048
002228
600519
600062
600000
600019
600409
601398
600036
600000
601390
601186
601939
601318
601766
601398
000063
601628
000002
600011
600801
000825
000708
600005
002227
002028
600517
601006
002024
601398
601628
601328
600028
600030
000568
600557
002038
601088
000002
600000
000983
000969
601111
000960
600019
600276
600585
600029
600549
600050
601398
600028
000933
600015
600030
601166
601318
600736
600048
000800
600795
600104
601601
000612
000002
600808
600357
600815
000088
600000
000063
600036
000002
600016
600096
000001
002024
601318
600030
601398
000680
600352
600019
000937
600396
601006
600736
600028
600026
600000
000002
600005
600596
000792
601166
000898
601398
600036
000069
000063
600886
000422
600331
600022
000651
601088
000972
000717
601006
000629
600176
600000
600016
600019
601898
601398
000515
002024
600686
600050
601628
600270
600009
600015
000895
601318
600616
601166
000061
601088
600000
600036
000001
600050
600030
600019
601939
600489
000983
000063
002202
000792
600519
601919
601628
000528
601390
600026
000002
000002
601318
600036
601088
600048
601398
601939
600009
600000
600016
601898
601919
000069
600251
000983
600383
000001
601766
000024
601186
600005
600030
000063
601166
000002
600019
000792
000001
000651
600000
000157
600383
601939
000338
600036
601318
600028
600547
601398
000878
601318
600100
600030
000983
000001
000157
600383
600048
600426
600795
601939
600352
600036
000002
600028
600519
601857
601699
000063
601166
000707
600867
601919
000001
600966
600030
000063
600428
000952
600029
600089
600761
601006
600307
601318
601328
601666
600585
600216
601600
000002
600036
600000
601390
600030
601318
600050
601088
000652
600015
600005
600019
601939
601628
600150
000898
600598
600028
601857
600008
600216
002001
600000
600226
600036
600588
000683
600354
002024
000002
000612
600488
600519
000707
600830
000028
000422
600048
600028
600582
000568
600030
600432
600201
600019
600030
600887
600050
600036
601001
000651
601398
600123
600016
000157
600997
600690
000629
601328
600438
000538
600348
000401
601699
601398
600016
601898
600019
601318
600005
000002
600000
601186
000898
601601
000968
000024
600031
600795
600900
000839
000069
600585
601001
600030
600036
601699
600631
601088
600030
600036
600000
600028
601111
601318
000002
600050
000858
601088
601919
600432
000968
601628
600104
000001
600019
600547
600031
000800
600005
000488
601318
600030
600019
601628
600036
600201
600138
600028
000609
601088
600000
601166
000002
000983
601857
600740
600995
600202
600030
600000
600036
600005
000001
601666
601318
000983
600050
601628
601166
600019
601088
600519
600016
600048
000002
600031
000858
000612
002024
600547
600837
000009
000999
600031
600011
000895
600596
000748
600135
000402
601006
600690
600271
600308
000858
600037
600183
600009
000825
000157
600036
000063
600005
000002
000651
000401
600058
000709
600547
600428
601666
002097
600028
600050
000800
000400
000157
600271
600150
000933
600312
600456
600970
601169
000528
600582
600432
601006
600307
600815
600019
600036
600000
600489
000002
600188
600028
600123
000024
600048
600585
600104
600383
601766
002267
002268
002251
002254
002256
002273
000069
000402
000002
600141
600585
000063
600048
600449
600383
600271
601601
000651
600489
600887
600251
000338
000528
000878
601169
000024
600050
000001
600005
601919
600019
600036
600030
600000
000983
601088
600029
601939
601318
600519
600150
601111
601398
601186
601006
600900
601318
600030
600000
600026
600309
600028
600153
600428
002024
600005
600016
600036
601628
000731
600585
600875
600015
600423
000402
600031
000527
601006
000651
600897
600809
600660
600569
601318
000983
600005
600050
600030
600000
600036
601088
000002
601006
600019
600547
000680
000625
000001
000024
000898
000968
002024
601666
600030
600050
600036
600028
601318
600029
600015
600048
000002
601111
601088
601939
000707
600000
601328
601601
600997
601398
600104
000001
600016
601186
000960
600997
601006
000338
600438
600685
000858
600050
600022
600005
000937
600019
600030
600362
000878
600015
600230
000528
600547
600489
600216
000792
600251
000422
600016
600432
002001
000655
601166
600000
000707
000002
600036
600837
000024
600123
600100
601628
600030
600036
000002
600000
600048
600050
601318
000911
601919
000568
000063
600015
601186
601088
600028
600096
601898
600725
601398
600005
601939
600887
600176
000858
600795
600029
601857
600737
600325
600600
600528
601628
601766
000422
600011
600100
000602
002038
601808
000983
600886
000538
600309
600153
600019
601111
000717
601390
000792
600547
600037
600664
002053
600533
600050
601628
000002
601111
600015
601318
601919
000063
601857
601398
600029
601088
600362
600795
601186
600519
600316
000758
600585
600030
600028
601006
600123
600489
000839
600795
601666
600649
600026
601919
600050
000983
600428
600509
600267
600251
600125
000933
600886
601318
600008
600867
600674
600037
601699
000826
600016
600011
600030
000652
600598
601766
600121
000917
600392
601166
600027
600900
000027
600664
600831
600269
600880
600009
600642
600717
000960
601111
000677
600874
002181
000002
600004
600963
600881
600396
600350
000089
000900
601398
000975
600236
000001
601398
600050
600036
600005
000983
600409
600019
000002
601318
600028
000063
601088
601166
600016
600030
000937
600031
600479
600000
600048
601666
600089
600737
000677
000565
600584
601111
600600
600141
600251
000822
600009
600521
600029
002001
600519
600111
600267
000422
000898
600963
601628
600527
600808
600150
000069
002022
601628
601186
000002
601166
601318
600030
600582
600050
000422
600036
600058
601006
600028
601390
600585
600550
600005
600519
601398
600122
000887
600348
600737
600036
600000
600089
600030
601186
600495
601766
600664
600028
600795
601919
600195
002078
600050
601328
600011
600395
002218
002261
601601
601318
601628
600596
600348
000983
600308
600216
600675
600971
000968
000402
000002
000792
000001
002092
600028
601919
000829
600739
600000
600030
000063
600050
000002
000937
600585
601666
000001
601318
601398
601939
601111
600028
601988
600015
600690
601857
600029
600036
600123
601111
600030
601628
000960
600015
600482
601666
600029
000800
000983
600547
601166
601318
601919
600804
600138
000937
600690
600028
600426
600036
000709
600050
600005
600000
000898
601666
600037
000568
000063
000002
000858
600150
000157
600585
000651
601390
000528
601006
601318
600456
600547
002024
600019
600036
000933
601628
600005
601390
000625
600022
000825
000898
600037
600519
002024
600795
601318
600030
600000
000002
600050
600685
600859
600030
600005
600598
601318
000729
000522
601390
600000
601006
600022
600649
600997
600607
600485
000002
600585
600036
600028
600535
600028
600963
601398
600030
600036
601318
000951
600583
000667
600519
000898
000839
000069
000002
000912
600677
600835
600016
601088
000960
000002
600030
600000
600028
601939
600036
601088
600048
600019
000063
601006
600416
600050
000758
000800
002067
601111
000858
000912
000001
601318
000983
601166
600519
600030
600000
601699
600900
600005
601919
601318
000933
600036
000063
000568
601006
600835
600596
600019
600011
000898
000792
600675
000031
000002
600005
000024
000069
600028
601398
601988
600030
600016
600415
601628
002024
600102
600383
000568
601318
601328
000528
600048
600761
600585
600009
601318
000858
600000
601088
600036
600631
600026
600361
601939
000792
600686
000690
000898
600096
600005
600216
600521
000024
600036
000002
601628
000729
000839
601398
601857
600600
600201
600636
600521
000848
000651
600104
002154
600583
600019
600026
600000
601166
600005
600233
002052
000858
002251
000875
000937
600628
600418
600015
600138
002070
600718
600900
000888
600889
002210
600019
600581
600028
000563
601318
601328
600176
000898
601166
600391
600627
600048
600500
000680
000001
600690
000400
000723
000002
600495
600036
600000
600030
000858
000157
000488
600005
000063
600511
600104
600636
601666
600195
000002
601166
000423
600631
600201
600383
601628
600036
600028
600030
601398
600019
000002
600005
600519
601318
601857
000792
601628
600000
000001
000933
000651
600050
000858
000878
601939
601088
000869
600058
000983
601328
000612
600256
000060
000898
000568
600395
000917
601600
600036
601318
600030
600000
600019
600519
000002
601398
600029
000157
601006
000568
600309
600718
600660
600050
000729
600161
600875
601111
600488
600030
600028
600036
600031
000002
600997
600266
600581
600019
000858
600569
601186
600299
601088
600100
601919
000903
600357
600015
601318
600016
600030
600000
601398
600585
600050
600196
600693
601166
002024
601328
601939
000538
000898
600694
000869
601628
000983
600415
601988
002024
600050
601318
601628
000002
600028
000060
601398
601328
600009
000651
000612
600005
600519
600019
600900
600030
000878
000825
600030
000002
600005
600036
601398
600028
600050
600835
601318
600739
000402
600015
600048
000001
600396
000625
000858
601857
600000
601006
600036
600000
601318
000651
000002
601088
601166
002001
601919
000960
002024
600030
601666
000422
600970
600660
600596
600585
600423
600737
002022
000792
600015
601628
600050
600195
000157
000655
600028
600354
601186
000402
000731
000001
600547
000568
600612
000910
600830
000031
000527
600150
600000
601088
600525
600348
601398
601166
600582
600005
000858
000024
600075
600016
600585
600122
000002
600519
601628
000612
000709
600030
600050
600087
600415
600426
600795
601390
601939
000002
600019
601857
600900
000709
601318
000063
600000
600362
000060
600030
000001
000755
600875
000878
000858
002018
600331
601919
600000
600036
000002
000001
600030
601898
601398
000063
000858
601006
601766
601328
600089
002092
600439
600997
000159
601169
001696
002202
600879
601318
601939
600900
000338
002022
601398
600428
600005
000680
600028
000069
601328
600153
600423
600036
600118
600309
601919
601186
000709
600547
600761
601898
601628
600276
600887
601088
600037
600030
600509
601318
600143
600674
600875
600150
600123
601666
600029
601699
600028
000157
600478
600867
002038
601628
600557
002018
601006
601939
601919
601600
601398
600028
600008
600016
000401
601111
600428
600036
000860
600030
601857
600050
600320
600717
600820
600104
600036
601398
600050
601186
000983
600169
000425
600312
601666
600028
600089
600282
000024
600111
600048
000800
002028
000937
600479
600550
600030
000858
000002
600019
600000
601318
600383
600963
000768
600309
600036
600015
600875
600519
000527
601166
600748
601006
600037
600583
600583
000002
000933
600030
000528
600428
000402
600036
600269
601398
600016
600352
000024
000060
600685
600028
000001
000063
600104
600880
600030
000623
600739
600050
601919
000002
601939
600019
000898
601398
600001
600383
000709
000488
600028
600036
600000
600835
601088
601628
000858
600036
600030
000002
000825
600000
600015
601318
600005
600748
601166
600019
600048
600050
600031
600309
601390
600089
000024
000960
600383
601628
000069
000423
000651
600528
600489
600096
600030
600050
600550
601111
000537
600009
600725
600028
600015
000602
601088
600169
000422
000983
000937
000425
600036
601318
600028
600019
000002
601398
600005
601898
600036
600795
600016
600030
600009
600585
601628
601186
000898
601088
600000
600050
000800
600016
000858
601318
600030
000983
000002
601088
000839
601857
600019
600737
600005
601328
600256
600188
600000
601006
600048
601390
601628
601628
000839
600019
601318
600005
601398
600037
600030
000002
000898
600016
600028
000001
600000
000825
000060
601328
000651
601390
000528
600036
600050
601398
600005
000002
002092
601088
601919
600795
000983
000063
601318
600028
601857
000933
600030
000960
601939
601601
600009
600030
000002
600050
600028
601628
601390
600900
601006
600015
000402
600019
600585
000651
600660
601919
000898
600519
600048
601111
600005
000002
600309
600030
600036
600569
600000
600005
000667
000001
600028
601318
600428
000402
601919
000898
600123
601328
000024
000651
600660
000829
600895
600423
000568
600050
000069
601088
601628
000655
601666
000002
000768
601088
601398
600030
600019
600036
600028
601318
600000
600016
601857
601766
600005
600748
000527
601006
601628
600879
000983
600048
600030
600096
000002
601318
000402
601939
600019
600104
000625
600036
600859
600009
600028
600029
601169
600050
601666
000001
600031
601988
600030
000002
000001
600029
600036
000825
600005
601628
600739
601166
000623
601088
601318
600016
600547
600048
002024
000402
000960
600031
600887
600423
600660
600325
600406
600331
002259
002261
002267
002260
002262
600030
601111
600028
601318
601628
600029
000063
601088
600050
600009
600019
600096
000002
600837
600005
000402
601390
601169
601398
000898
600036
000002
601318
601398
600030
601939
601628
600019
600050
600519
600028
601328
000001
000422
600005
000858
601088
000157
000568
000680
601988
002024
600050
600519
601318
600028
000002
601398
600009
600030
600900
600005
000651
000825
601328
601628
600019
000060
600583
000878
600028
600030
600036
000002
000983
600019
000895
601318
601006
600005
000651
600740
600100
601628
000063
600104
600325
000528
600050
600582
600019
600100
601318
601939
601328
600581
600028
000792
600202
600299
601628
600036
601088
601857
600037
600607
600690
600598
600050
600150
600000
600519
600048
600348
600016
600030
600028
000402
000063
600216
601318
600449
002028
600795
002038
000731
000983
000877
601186
000400
600030
601166
601390
600050
600005
000002
600036
600859
600598
600196
601919
002122
600000
600019
600309
600029
600583
000568
000402
601939
000063
600005
000002
600019
600030
600016
601186
000972
601166
601898
600808
000709
600971
600022
002078
601088
600007
600694
600475
002128
600036
600519
600309
000002
002024
600900
600019
600028
600030
601628
000001
000895
601166
600031
601398
600685
000651
600050
000568
600089
601166
600383
600030
000157
601919
600000
000422
600036
601939
600875
601318
000612
600019
600282
000731
000401
601088
601328
600997
600009
600050
601088
000983
601919
601628
601318
601186
000002
600028
601006
600019
000968
600000
600030
000858
600100
600596
601166
600309
600005
600000
600019
601166
600005
601328
600519
000792
000001
600036
000983
600348
000937
000629
600048
601001
601666
600795
600188
000839
601390
000002
600019
600000
600036
002024
600005
600307
000898
000069
600028
601398
600089
601939
600030
600022
600016
601006
600331
000001
601766
601166
600036
000612
600089
600030
000002
000709
601088
600320
601398
600058
600005
000858
600631
600104
600409
600266
600150
601666
600973
002024
002261
600325
000538
600216
000568
002001
000089
000597
600096
600202
601328
600859
600016
000616
600694
002003
600143
601166
600036
600030
600050
601939
600019
000623
601919
000709
000002
600001
600739
600028
601088
601398
600005
600048
600022
000898
000562
600000
000488
600048
600036
600005
000568
600585
600000
000822
601166
601186
000858
002024
600030
000717
600028
000878
600582
601088
000651
000969
601666
600016
601166
600005
600663
601318
600694
000778
600569
600019
600685
600036
000539
000568
601001
000768
601666
600331
600383
000878
002153
601398
600030
600016
601088
000898
600795
601628
600886
600048
601390
601318
600050
600832
600015
600036
600808
000002
600028
601766
000927
600031
600251
000759
000400
600066
600585
600009
600320
000060
600219
600820
600812
600406
000933
000800
601666
601939
600016
601166
000063
000651
000983
601318
600005
600122
000792
600600
600031
600036
002024
600028
600019
000157
000024
601328
000898
600348
600030
600266
000402
600309
000002
600547
000527
600009
600519
002008
000528
000709
600066
600216
600660
600456
600737
600596
600022
600352
601001
601628
600026
600973
002032
600011
600779
002003
600271
600143
000423
600312
