10568
600340
300146
002594
601933
600030
000568
002603
000861
000989
600518
002007
601166
600837
601318
600036
601601
601336
601688
002069
002251
300253
000799
601328
300258
601628
002657
600887
000540
002482
600763
002293
000686
300122
300244
600511
002557
601100
600436
002223
600315
000538
600048
000651
601998
000887
300041
300274
600019
300005
000581
000069
000423
002024
002123
000661
600499
002551
300257
000596
002154
000002
000039
600433
601336
600048
601006
601117
600259
000063
002028
601616
000527
600406
000528
000729
000731
601168
600125
601601
000800
002123
300027
600521
000592
600805
000858
601088
000826
600104
000848
600887
002266
002182
000997
000630
601669
002052
600050
600900
601333
600018
600795
000983
600858
601919
002024
600011
600028
600269
002381
601107
601001
300300
600971
600366
600256
000963
600549
600104
600741
600887
600383
000527
000157
600030
000650
000789
600276
600369
000919
000728
002038
600196
600837
600588
002400
600030
600079
600048
600406
000568
000858
600519
600999
601088
000776
000024
600015
000860
600036
600143
600724
600100
600104
600837
000002
000792
002001
002155
600309
002146
000998
600141
601377
000527
601669
600123
600016
000157
600266
600271
600315
300136
600177
600881
600362
600153
600048
601318
600036
601336
600535
601333
600383
601398
601377
600970
600406
600030
000002
600028
601857
600060
600104
000750
600502
600887
002041
600011
600827
600354
601328
000651
600637
601699
601901
002410
002397
002546
300062
600702
300124
002503
000799
300298
300267
000157
300070
002322
300105
300306
601866
000596
002358
300302
300309
600372
601669
601919
601872
300074
002236
600963
600026
603366
002298
600261
000888
000090
300313
002285
601233
002375
000933
002475
000046
300316
600104
600805
000712
002635
300301
002456
601601
002638
601166
600199
300274
300253
000401
300315
002005
600720
002041
600048
002185
300115
000895
300031
300096
600376
002430
600079
000024
002038
002029
600559
000656
600535
000878
000639
000157
600292
000800
600518
601166
002649
002415
600157
000629
000911
601318
600690
000568
600016
600415
000869
000858
600809
600252
002024
002304
002003
000538
600970
600298
002541
300124
601117
002277
002032
000417
600559
000400
300187
300332
600331
002457
000002
600056
600702
600312
600694
000687
300059
601628
601111
600795
000720
002067
600153
600583
600779
600029
300004
600467
600809
600172
600519
000858
002006
600125
002230
600199
300144
002375
600702
600559
002410
600973
002061
600892
002475
002344
300217
000547
002482
600016
600085
601166
601699
300070
002310
000937
601688
600056
600109
000002
002375
002431
600831
603001
300251
600750
300017
600376
600199
000858
600809
002044
300068
000998
002535
600208
600521
002325
000869
600261
300037
002310
002250
601336
600141
002073
300207
002037
600048
600031
000002
000157
000425
000581
600809
600060
002051
601233
002325
600337
002299
002434
000651
000401
600585
601899
600208
600547
000800
000338
600535
600030
601766
600115
600837
600312
002129
600048
601118
002029
000983
002146
600016
601601
000338
000002
601898
600096
600837
600117
601717
601808
002385
600546
000001
002028
601669
600739
600104
600893
000630
600000
000858
600309
000157
600016
600048
600104
000063
600157
600015
002269
002344
000895
600298
000002
000729
000069
600859
601166
601888
300077
600805
600517
300064
002481
000423
600030
002535
600519
601808
000024
000630
600406
600888
600000
600496
600111
600036
600016
600048
600067
000961
300203
600208
600528
000970
600383
600010
002273
000778
002651
600741
600805
002484
002155
601169
000960
600030
600549
600585
000630
000063
600111
000423
600036
000527
600132
000538
000528
002007
000401
000848
600271
600348
000651
600016
601628
002106
600015
600348
600019
600354
601009
601601
600383
600859
600104
002266
600694
002456
600690
600519
600489
000069
601336
002123
000596
002431
002241
000024
002371
600962
000069
600240
601318
600030
002176
002179
600547
002024
600010
600031
600516
600585
002214
600362
000527
600406
600267
600519
000538
600111
601398
000401
600031
601939
600015
600549
600418
000568
600271
002001
000527
600518
000400
002007
000423
600690
600118
601088
000623
600000
601601
600739
600837
600547
601717
002123
600828
000983
600015
601006
000069
601628
000826
000402
002415
600188
600518
600000
000887
600276
000858
600859
600096
600422
601798
002024
600036
000780
600395
000538
600673
600309
000998
300070
600108
600518
000568
600000
600036
601166
600188
002475
000423
600690
600519
600741
002415
000876
002024
600016
300159
600888
002241
002501
600048
000651
601601
000401
600585
000063
000776
600801
000024
600166
601992
600048
000069
000402
600376
000789
000783
000338
600837
600030
601006
002419
000661
000858
600887
601601
601166
601318
000651
000786
600016
600805
002092
600742
002146
600469
601668
002017
002223
002457
000002
600266
300058
600887
000858
600062
600036
601318
601601
600276
600000
600383
600015
601628
601166
000001
002036
600859
601668
600038
600585
000729
601088
601318
601601
600348
601299
600139
002285
000651
600109
000666
600325
600809
000527
000998
002028
000726
600036
000538
000050
000623
600123
300178
600119
600703
000001
600050
600111
600195
600805
601088
600600
000651
000069
600585
600436
601166
600036
600029
000729
600256
600085
600031
000527
600060
601899
600585
600048
600016
000937
600030
601766
600118
000963
000401
600519
600495
600795
000776
002344
600208
600879
000024
002431
002146
000568
600116
600694
601336
600068
000338
600177
600664
000012
002024
002480
600050
601006
601601
002115
600089
600150
600016
600000
002452
300297
600176
601989
600309
002129
600415
600481
601628
000503
601377
002142
000063
000933
000651
002588
600016
601318
600362
600153
600036
600376
600000
600060
601088
600166
601166
600048
600739
600019
600028
000060
600104
601601
600050
601668
600010
600031
601318
600111
000157
600547
002024
600028
000792
600795
600489
600030
600060
000425
601989
000338
600801
600029
600519
600837
600690
601628
601166
600036
600585
600188
601601
600000
601699
000417
000666
601088
002024
002310
600141
000876
601717
000987
600557
600031
000629
600655
000402
601669
601668
600785
601088
000157
300034
600485
601628
002104
600837
600104
600827
300298
600123
600141
600251
002281
300159
300039
002456
000937
600369
300101
600582
601699
601318
600537
601601
600837
000063
601628
600690
600881
600029
601088
600150
600089
601718
000960
600415
600570
600062
600000
600588
000636
601318
601336
601601
600837
600030
600048
601288
000629
000063
600585
600383
000001
601717
600276
000423
002152
600261
000002
002563
002269
601009
300058
600015
000776
600266
600028
600016
000680
601766
601669
600153
600642
600050
600528
601601
601668
600383
601098
600223
000401
002299
600832
000926
600280
600837
600570
600881
000629
002481
600839
600598
600518
000550
600208
000002
002422
600694
601268
600104
600239
002438
300212
600720
000667
000783
000800
600895
000069
601299
601555
600026
600808
601100
000972
600418
601006
000002
601398
000895
600690
601288
000792
600030
600674
600048
600104
600837
000999
600519
600325
601633
000568
300274
600739
600563
600132
002106
601601
000423
600458
600104
002081
600742
600298
000629
601699
601166
601766
600739
000568
600690
600837
600585
600000
600537
601628
601336
601601
002430
601555
002069
300064
002073
300224
601002
601088
601899
600111
600188
000762
600546
000933
601666
600549
600028
000983
601898
600123
601699
000937
600997
601857
600348
600673
600331
600887
000568
600600
601318
600111
600030
601166
601699
000895
600549
600406
002293
600104
000983
600000
600837
000869
000157
601336
601939
600015
002156
002241
000001
600048
000858
601699
002073
601601
600584
600804
601318
601628
601166
600739
600487
600271
601009
600535
002281
600837
002063
600267
600498
002475
300209
000562
000069
600000
600655
000651
601318
601288
600519
000527
600036
600809
300027
600858
600859
600125
600600
600054
002099
300146
000858
000650
000002
600016
600048
000651
600036
600157
000937
600837
600066
601601
600267
600383
600030
000858
000895
601566
601666
600887
000568
600138
601808
600309
000538
600406
601918
601717
600271
600519
000423
600096
300099
600276
000063
600805
002304
300096
600176
601628
600036
600887
000895
000858
000527
000401
002106
601699
600016
600312
600000
000651
601788
600519
600383
600125
601601
000157
002304
600048
600104
601166
000338
601398
000528
600498
600015
000937
600875
000423
002063
000002
600549
600028
000970
600887
601088
000895
600036
000799
600348
600315
000937
000581
000538
600809
000963
600425
000858
601006
601898
600276
000528
600267
601318
002014
600588
601166
000522
600386
600263
600779
601566
600276
600694
000972
000521
002152
002656
600900
000538
600009
600106
601169
000062
601318
601601
600060
000069
601998
600021
000001
600383
600340
600795
600015
601336
600637
600395
600805
000568
600335
002298
600111
002140
601311
000423
000969
002049
000858
600048
002096
600770
000917
600741
000776
600383
601601
000046
002006
600015
600993
600535
600837
600160
600150
300015
600030
000656
300068
601669
601555
600079
600096
601318
000826
600637
002340
600837
601699
600809
601009
000063
000799
002063
000636
600518
300273
600563
000895
600637
600690
600030
000568
600348
000858
600875
002146
000998
000002
600031
600048
600060
600376
600104
000049
002024
600208
600406
600518
600187
300216
600461
000602
601166
600036
601601
002450
002485
002582
300222
600887
600000
600208
002244
600519
600288
000001
600157
600104
601318
002052
600887
300217
002564
600000
002023
000858
002334
601166
300170
600104
002099
601117
000422
000895
002138
000540
002484
300251
600805
600498
000527
002154
600406
300115
600223
002277
002422
601888
000423
002025
000926
000566
600588
000792
600859
600141
000063
600337
000778
002564
601669
000656
002024
600761
002216
000541
600585
002215
601318
000807
300258
000521
000858
600036
600016
601601
601166
600795
600011
600050
000063
000568
000970
600009
000001
600519
600066
002073
600498
601699
002304
000800
600111
002162
600585
000650
000157
600773
000559
002042
002501
300029
002024
600805
300022
000338
000541
600337
600348
000612
600481
000807
600016
601601
002344
002041
600015
601088
300183
300157
300124
000895
000799
601628
000423
300195
002223
300159
002298
600809
300198
600125
002236
002397
600702
002029
600763
000024
600315
300027
300146
002415
600637
000656
300058
600312
600011
002024
000651
000919
000001
600406
600519
600582
000516
600077
002635
000629
000983
601377
600809
600166
300079
000758
000937
000001
000686
000060
000960
600559
000878
000961
000630
000651
000069
000002
300006
600348
002146
600875
000895
000671
002244
601628
600376
000157
000799
002142
300015
002156
000625
600584
000400
600199
300115
000338
000423
300216
000777
002572
002564
000568
002128
000933
000999
000423
600036
600267
601601
600519
601208
000002
601899
601939
600406
000858
601166
000581
600050
601628
600271
601169
600143
600060
600546
600519
600276
600690
600585
000002
000527
000895
002024
600741
002582
600267
002073
600999
600068
600104
600312
600036
600030
000401
600612
300088
600585
600702
601088
000858
601601
601699
000651
000562
601336
600742
002436
600104
000650
000750
000423
601666
000024
002277
600015
600582
600376
000596
000401
600000
002638
600036
600557
600395
601169
601566
600741
601888
002456
600983
000422
601166
002029
601009
002233
600223
000789
000430
002106
300020
600837
000686
000776
000002
000877
300197
601669
002375
600109
600031
000157
000100
600050
600266
002457
600337
000568
002038
600750
002205
600199
600166
600458
000039
600397
000616
000656
002007
601318
601166
000001
600000
000858
601398
601006
600015
600519
600256
300027
601998
600837
000422
002405
300251
601336
601169
000963
000568
600030
002400
600900
600880
000666
600551
600770
002249
600970
600066
601169
600547
600240
002117
000026
600388
601166
000937
600403
600176
600362
002603
600449
601318
002273
000002
600010
601166
600388
002573
601098
002254
600827
000592
300070
600208
000157
600880
002041
000527
000858
000616
000039
002007
300190
002190
000998
300187
600048
601555
600683
300056
600031
002456
600998
300172
600519
000596
000671
000926
601006
002168
000750
000656
000915
000718
300026
600108
000661
601318
000977
300087
600016
600048
000338
600036
600395
000157
600519
601601
600858
601009
000069
600166
600015
601288
002304
000024
600837
600153
601699
600031
600802
601166
002050
300005
000001
601628
000401
601336
600011
600318
000562
000430
000783
000861
000039
300241
600176
601857
600720
600690
600104
600585
000001
000651
600036
600519
000568
601668
600000
000858
000937
600325
600048
000401
601318
002154
601666
600809
000402
601111
000069
002142
002051
601169
000626
002210
000630
601009
600694
000911
600188
000951
000422
002039
600547
600581
000878
600519
002394
600962
000906
600187
002501
600875
002242
002045
600461
600233
600288
601717
002454
002645
002048
000602
600827
600327
601333
600805
600585
000715
601766
600406
600252
000858
000869
600809
600559
600383
600048
000568
002236
000024
000596
002269
600067
600266
000537
600519
601117
000715
600267
600036
600519
000100
002304
600050
002230
000157
002477
601888
300229
300024
601601
600030
600875
601166
600123
000937
601318
002024
600104
000024
600048
600739
600141
601166
601318
600036
600239
600823
600104
000402
002024
600000
601169
000002
000876
601088
600030
600015
601918
002236
002029
002397
600763
600315
002415
600312
000961
600535
600587
002327
000885
300027
300058
000869
000656
002310
600036
600809
000639
600335
600637
000635
600527
601336
600489
300203
600111
000780
600157
600819
000962
600303
601699
600519
000878
000933
601311
600622
601618
000401
000407
000562
600115
600690
600887
600029
601088
600000
000799
000858
600549
600016
601166
600111
600267
600309
000568
600123
600036
600068
600348
000001
000983
000792
600550
601607
600837
000001
000629
000069
000538
600337
002161
002024
600104
002123
600048
000651
600195
600884
600729
600111
300146
000002
601117
000937
600557
000401
601992
600123
600000
600376
000527
601398
000002
000858
600050
601369
600016
600068
600000
000157
600837
601991
000969
000061
000998
600875
601699
600157
002320
600036
000069
600015
600125
000963
600098
300005
000612
600458
600489
600292
600519
600804
601166
002567
601336
002241
000401
601311
002024
600104
002013
600893
600123
600240
000024
002183
600887
002086
600801
601601
002106
300133
300070
600809
000650
002060
002440
601088
000983
002349
600389
000062
600768
600601
002259
000949
002101
002172
002164
000881
000923
002062
000836
600626
002213
600318
600712
002019
600510
002240
600029
601318
000895
600263
601800
601601
601001
002594
002419
000063
600664
000729
600143
000592
600690
600187
600169
600779
002638
600196
600030
600519
600271
600256
600837
600779
601318
000858
600252
002241
002123
600383
600549
601857
000776
000527
600056
002283
600150
600143
600187
601555
002485
600000
600157
600816
600497
600036
600585
000001
600461
002594
000629
600352
601901
601169
601166
600016
000858
300041
601009
601699
000983
002325
600123
600697
000568
600518
000002
600048
600141
600690
000415
601601
600585
002296
600138
000656
600723
000629
000651
601398
000401
600900
600000
600583
000001
600015
601006
600428
601328
601919
600720
601169
601166
600026
601699
000937
601988
601008
600016
600153
600036
600030
600015
601333
601398
600048
600383
600887
000651
000630
600535
601336
600827
600502
600271
600269
600362
601699
002304
600519
002293
002327
600048
000869
000568
300216
300096
000423
002241
000002
002038
600809
000858
601566
000799
300115
002269
600702
000024
600535
300039
000596
000063
000568
300048
002400
600694
600079
600518
002123
000423
002025
300146
002230
601318
601628
300059
600741
002055
002115
300174
600750
600585
600036
600801
600535
600267
600088
600729
601098
601699
600376
000401
600138
000998
002011
000009
000063
000024
000651
601006
601318
000423
601088
000858
600048
002233
600887
601601
000656
600858
002293
000061
600271
600066
002161
000581
000063
600016
002215
002375
600036
600686
300124
002528
600395
300054
601166
600123
600048
002325
600837
600016
600030
601628
601318
601377
000024
600348
600549
601901
000629
601919
002038
601866
600015
600581
600395
601766
600251
600366
002375
000568
600587
000961
002535
600485
600256
002146
000970
600376
601555
601318
000528
000933
000983
000527
600559
601166
000869
000417
000826
000927
600066
600887
002056
600546
600337
600997
002004
000651
000887
600010
601006
600256
600489
600028
000651
601318
600547
601088
600505
000009
000558
000527
002041
002241
002024
601111
600340
600535
600030
601888
000001
002498
600879
600000
300068
600143
600036
002142
601336
000917
300070
600875
002408
601009
600637
600055
600015
300251
601601
601166
002024
600585
601699
000401
600519
000792
000937
600123
600271
002177
002311
600395
600383
600048
600143
600386
000507
601101
000650
601318
601601
600036
600739
002024
002261
002482
600030
000759
601899
600823
600736
600880
600594
600875
000402
300271
600068
000750
600141
600887
601628
601318
002106
000895
600123
600030
002304
600312
600036
600125
600000
600157
600702
000650
000651
600298
601009
002146
600153
600587
600585
600048
600612
000596
600498
600109
601006
600066
601166
000961
600309
300216
601318
600795
600036
300164
600141
600570
000590
600546
600066
002127
600885
000581
000686
600395
600697
600859
300190
002110
000830
002099
000937
000998
300159
002581
002262
002457
600702
002320
001696
601113
601788
000666
002024
300181
002086
600479
000651
600690
600837
000527
600518
600030
600104
600376
002431
002415
600223
002375
002236
600585
600188
000656
601788
600208
600312
000999
601717
000423
600519
600153
000629
600582
600036
000708
000338
000858
600125
002385
600406
002028
600271
600028
600535
600673
000876
601988
600079
002271
600072
000049
002241
300302
600128
600481
600716
600432
000807
600511
000608
300039
600704
000690
600157
002474
300115
002079
600036
600125
600887
600585
600123
600518
600549
600859
601601
600970
600570
600048
002081
600239
600108
601166
601699
600682
600517
600066
000401
000869
601166
601717
002155
000069
600489
600216
000002
600547
000063
601318
300077
000970
600016
600805
600048
601369
600637
600690
000651
600612
600030
600028
600517
600050
300142
000423
002635
300102
601318
000858
600036
600000
601328
600887
601601
600016
600557
002415
601992
600292
600125
600837
000001
000063
600015
601628
600723
002179
600519
601169
600016
600288
601088
002152
600557
600208
600582
600502
002417
000780
000983
600352
002161
600498
000792
000400
300133
600188
600537
600000
601318
600123
002161
000540
600048
000568
601718
600096
600067
002638
000063
600089
600176
002511
300291
002653
600068
600015
000858
600519
600016
600036
600104
000423
000527
600309
000651
000568
600887
000538
600837
002086
000999
000551
601088
000418
600059
002158
600031
000423
002430
000581
002474
600104
300070
002065
002179
000800
300156
000650
600660
000568
600518
002293
600875
600837
000157
600048
600348
002214
000869
002292
600588
600066
601088
600016
601009
600015
600143
601166
601628
600739
601398
600415
600000
600036
600123
601601
601318
000423
601601
600837
600036
000401
002241
000024
600104
600030
000002
601328
002086
600101
000895
600048
601288
002024
600000
600016
000527
601699
000425
000401
002129
601318
601998
601628
601668
000063
600183
000402
000629
600584
000930
601006
601186
601918
002092
600048
000021
600320
600000
600827
600036
000002
600015
600030
600887
600016
600383
600519
000858
600406
000538
000423
600260
601318
600362
601009
000630
600123
601898
000895
600104
600690
600048
600837
601717
601633
600366
601318
600519
600036
601166
600143
600016
600000
000858
600475
600549
600216
600383
600887
002001
600030
000002
600703
000001
000917
000401
600332
600395
300115
000527
600036
600000
000063
600015
601328
600742
000858
601088
000002
000401
002096
600157
600585
600188
000895
601009
600048
002415
000568
600104
000024
002029
600079
600535
002038
000878
000656
600157
000629
000157
600518
002415
600292
600739
600763
000911
600239
000895
000800
600559
600123
601088
002630
600739
000568
600337
002069
600547
000623
601369
600276
000969
002299
601717
601998
600137
600467
601101
300039
601006
600000
000885
000728
601669
000858
002086
600257
600050
000629
600383
601318
600060
600036
600887
000527
600000
002086
000024
601288
600016
601601
600837
600048
600030
601398
000157
600104
002273
002385
000423
002400
002368
002065
600518
300245
002069
002063
002313
600036
300020
300012
000999
300058
601166
000063
600750
002123
600000
600383
000024
600048
600104
600016
601398
000002
000858
000157
600031
600015
601336
601166
000651
600690
600742
601601
600066
600036
600519
000970
601628
600837
002304
601166
000069
000009
600000
002024
600887
600585
600027
600456
601006
600011
000926
002167
600498
600015
600376
601699
000423
600138
600015
000568
600048
600125
002430
601117
000937
002146
002241
600837
002387
600383
600098
600030
600141
600563
002318
002477
002450
002221
601117
000786
000970
600170
600509
002146
600123
600785
002541
600256
002024
600519
600664
600415
000887
600588
600030
600837
002007
600196
000568
600332
600887
600327
002003
002123
000895
002317
002419
002582
600309
600172
601717
600563
002006
600828
002011
002389
300014
601000
002206
000877
002293
002089
002223
300146
002055
002220
300088
300136
000423
000541
002073
002091
600993
600750
300070
000538
002086
000639
000568
000811
002460
002223
002466
002298
002155
000826
600467
002162
300068
300196
600519
600655
600153
300027
600887
002073
002450
600030
300146
601318
600332
002038
600298
601601
002422
600000
002063
600316
601166
601901
601998
601328
002055
600143
600016
002073
002032
601088
600036
600104
600519
600694
600019
600809
601336
600875
601006
601866
000538
600635
601009
600298
600011
600637
600036
601166
600739
600015
601169
601669
000999
600104
600460
600858
000876
601601
600325
600038
002278
600664
600823
600765
600388
600226
000002
601318
601601
600383
600519
601006
000538
600016
601628
600765
600900
600030
600239
600837
600028
601669
000568
000858
002415
601009
000024
600588
601288
002236
600048
600276
600176
002024
600141
600518
600583
601318
000858
601717
000538
600519
002038
600067
002024
000895
000338
601088
601328
601633
002073
000402
000933
002646
000069
002638
600000
002073
002050
300257
300253
600215
601717
300146
000656
600660
300027
300058
000983
300134
600132
600582
601216
000001
002638
600125
002564
601328
002379
000002
000401
601939
601628
600048
000024
600900
000522
002415
600887
600199
600829
600546
600837
000042
600467
000869
600519
000423
002241
600837
600016
600030
600036
000895
600104
000401
601898
601699
600048
600893
600406
000024
601601
000002
600101
601328
300115
600036
600016
600787
601009
002410
002055
601699
600030
000002
600881
601717
600104
000401
600703
600406
000998
002195
000651
600837
002415
600111
601808
601299
600875
600739
600009
600312
000527
000063
600395
601088
002594
601717
600068
601006
600251
600048
600310
002167
002129
600141
600475
601328
600303
600779
601628
000550
600761
600028
000002
002013
601555
600582
000877
000776
000777
002195
000401
000562
600518
002069
002056
002306
600690
600720
600340
600422
600549
000598
600239
000417
002277
600010
000630
000538
600499
600495
600765
601009
002512
000009
600449
600478
600880
601857
000780
600900
300094
002209
600805
000422
002005
600369
000012
002239
002130
600801
600839
600036
600000
000876
601669
600195
601628
601601
000568
000650
601688
002024
000001
600741
600557
601888
601336
600418
601666
002007
000002
600805
601628
600050
601398
600015
600016
600066
600123
601601
601939
600489
000562
600028
600720
600875
000550
000807
000423
000895
600395
000998
600837
600636
002277
600141
000157
002123
600383
601857
600970
300027
600337
601898
601899
300079
600009
000061
002349
600639
600648
600736
000759
601601
600376
601377
600835
000402
601699
600383
002089
000858
000650
600888
600219
002155
600109
600739
601088
000001
600837
000655
601628
000983
000538
600828
600016
601717
600600
601601
000623
600518
600251
300257
600000
000402
600547
000157
600031
300072
000002
600376
600048
601166
600187
000858
600519
000401
300182
300170
600887
300216
002482
601939
000338
002485
600837
000823
002450
300226
600030
002535
300222
600694
600246
600375
600157
600000
000635
000558
600594
600016
600461
601318
002285
000728
600257
000528
300119
002089
600036
000651
601377
000425
601857
600426
600720
000718
002325
600790
600823
601798
000527
000422
000581
002029
002594
002441
600015
002503
600288
601288
000671
600362
002341
601688
600597
000001
600881
600039
000407
600527
600665
002135
000950
600791
600662
002221
600278
000507
000599
002217
002066
000626
600370
002053
000418
000516
002206
600066
601008
600871
000551
601000
600172
000666
600561
600233
600809
600519
600340
600036
600778
601601
000926
000563
601336
600030
002024
601318
600837
000061
000666
000401
601607
600123
000963
000049
600887
600166
600267
600993
600585
000538
000651
002073
601088
000402
300079
601699
000009
600141
600422
000423
002024
002230
002281
300101
600016
601669
000568
601166
600887
600015
000562
600643
002457
600525
601601
002106
600369
002368
002155
002229
601006
601808
000157
600588
600000
600015
600585
600036
601288
000417
000527
002277
600019
002024
000528
000568
600888
600546
000811
600196
600016
601607
601088
000581
601166
000538
601998
600015
601009
600016
601628
002405
600000
600036
002304
600048
000069
600406
600887
601991
601088
601186
600519
601390
000527
000540
600395
002042
300087
601328
002154
601318
000651
600016
601088
601601
600123
600585
601166
600028
000527
600030
000402
600415
000401
600153
000895
600858
600729
600697
000729
600036
000858
002142
601166
600123
600519
002242
600805
600742
601668
000417
600056
600240
601006
601699
601117
600739
600000
600660
601288
600383
600467
002304
002024
600266
600298
002439
600887
000895
000876
601166
000667
002038
600036
600118
002563
600858
002582
002081
600804
600362
002181
600036
000858
600016
601169
600030
600009
601699
000527
600875
000937
601727
600028
600268
600880
600519
600015
600138
002482
600123
002230
000157
300104
000970
600048
002273
600016
000024
600176
600637
002104
600271
002535
000069
002353
000002
002241
600199
601166
000423
000651
002376
000895
000858
600216
600030
600805
002436
002635
600707
002415
600015
600837
600406
000063
000568
600348
600694
300171
600742
600157
000157
601808
002086
600376
600123
000887
600104
600267
600702
600066
300070
300064
300124
600570
600887
601118
002430
000630
600801
600588
300115
002050
000961
601009
600779
600600
300054
000650
002266
002294
002589
300088
000935
600060
002672
600547
600718
600517
600036
000858
000568
000401
600348
600166
600104
600403
600425
300090
600312
600498
000422
600827
600048
000968
600376
002375
600079
002482
000012
600563
600372
600276
000719
000661
002385
601888
600895
000983
000002
000536
600498
000998
000988
002169
002093
600292
300105
002292
000049
000532
002089
002190
002604
002261
000661
002249
600593
300012
002168
600519
000858
600887
000651
002024
002304
600104
000568
000527
000895
000069
601888
600690
000100
600660
600177
600600
600694
000581
600415
601009
000887
600030
600519
600720
000671
600048
601628
300020
600036
600395
601336
000616
000527
002035
300070
000888
000401
600261
601166
600837
600750
601000
000651
600141
300087
000024
002096
000937
600036
600138
000024
600016
600048
601601
600050
601933
600015
000002
000581
600978
300096
002025
000860
600362
600497
601798
300182
600028
600489
000786
300222
600596
600585
000060
002353
600535
002236
000001
600036
600637
600015
600535
000656
002244
000024
601328
600312
000002
600559
600261
002415
600570
000639
600518
000858
600068
300146
601717
002024
000001
600036
600970
600104
600519
600000
000527
000338
600690
601808
601718
600050
000651
600196
000581
601009
000895
601857
000423
600519
601088
600036
600123
000538
002073
600582
600062
601398
601699
600276
601888
600000
600518
000963
002415
600723
600741
600104
002041
600050
601888
000423
000527
600104
600036
002007
601288
601398
600031
600887
600298
600030
601299
000927
002230
600549
601318
002202
600519
600048
600362
601006
601601
601898
600000
600123
601333
601088
601628
002628
600837
000002
000957
002142
601288
000933
601258
601336
603366
600199
600016
002503
002325
000895
600519
601166
300267
000540
000650
600015
000550
600742
002310
000616
002205
002400
000596
000858
002157
600266
002140
600805
601601
601009
600067
601808
300020
600816
002195
000961
000789
002344
300058
300171
600397
300156
600376
601288
300291
002369
002457
600240
600887
600633
000551
002658
002094
002345
600066
002099
002155
002179
601808
600060
002583
601318
600549
600208
600036
600694
600016
600395
000933
002028
600893
601699
000024
600048
600406
600000
601601
002024
601166
600858
000656
600778
601933
601866
600166
600031
002185
600132
000063
600077
002387
601669
600489
002153
600720
000625
002309
601808
600060
601318
002583
000581
000651
002028
601699
600858
600015
600549
000933
600893
000024
000939
601866
600395
000656
300124
601601
002185
600694
601166
000750
600547
600481
600585
600778
600077
002024
600348
600104
600406
000501
600048
002230
002309
002340
600166
600000
601669
300187
600029
002230
002638
600559
601111
600056
601318
600583
600062
000779
000400
600019
601601
600795
600702
601299
000059
600048
600153
600016
600015
601333
600030
600048
000568
600887
000651
000630
601336
600271
601699
601009
600362
600519
600502
000598
600376
600395
601299
000338
600739
002292
002261
601766
600266
600138
600048
601002
600519
600166
000528
600787
600015
600755
600111
600362
600383
600495
601088
000538
000001
601006
601166
600993
601169
002281
600859
600723
002255
002177
000581
000338
600267
600694
601699
002152
600195
600079
000799
600036
600702
600111
000401
000630
600030
600362
600016
000671
600837
600031
002474
002450
600585
002325
300216
002241
600208
002503
601555
002138
000002
000823
600048
601688
000718
600288
600383
002321
600549
600104
000826
300273
600537
300219
600376
002594
600223
002485
000528
600809
600036
002344
300115
601888
000423
000568
000538
002241
600583
000596
000776
601688
600519
002230
300020
000858
002106
600837
600030
000157
600016
600496
601688
601318
600887
601398
600009
600900
600352
600066
000629
600690
000425
002024
600031
601601
600837
000063
600104
601088
000625
000858
600383
600376
000401
600585
000543
000002
600690
000581
002277
000028
002387
002385
601699
300257
300119
300100
600697
000869
601628
000983
600028
601166
601808
600111
600016
000970
600060
600489
000792
600031
002177
002241
600785
600835
002277
600176
600315
000858
600790
300167
600519
600169
600143
600039
002288
600153
600101
600655
002156
600098
601908
600491
601169
002458
000090
000799
002129
002583
600970
002106
601318
000402
000501
600036
000750
600030
000729
600739
600694
601601
600594
600823
002261
002482
002024
002005
601788
600068
002030
600879
000002
601088
600000
600376
600050
600015
000401
600176
600489
000063
600028
600519
000728
600511
600697
600694
002065
000887
002281
000527
600875
600298
300144
002344
002038
002436
002236
000858
000596
000423
002216
000568
002086
600697
000776
002241
002334
600406
000028
600702
000876
000937
000623
000630
000933
600000
600123
000425
600015
000878
000651
000666
600549
000527
000888
600195
601166
600036
601666
000807
600875
000061
600837
300070
600694
601601
000792
000983
600383
000858
600867
600858
600827
600062
300040
000895
300090
000069
000422
000410
600036
600132
002241
601166
600406
600031
000401
600000
000566
600690
600970
600383
600585
000423
600104
000012
601699
600549
300027
000800
600015
601169
000401
600016
002167
000527
600458
600581
600266
000937
600376
601166
000799
600395
000024
600837
601699
600519
002244
600123
600426
601009
600066
601808
600383
600612
000002
002304
002460
000776
600489
601601
300257
600309
600153
300115
300146
600000
601766
300251
600028
000596
600742
601311
600104
601336
600547
000762
002450
002574
600141
000656
600066
600016
600104
000002
600153
000651
601166
600518
002024
002007
601318
601669
600837
600875
002430
600036
000423
601628
000024
600406
600177
002038
300070
600585
000528
600048
000527
002269
000933
601288
000792
600036
600104
600111
600010
600875
600739
000877
600117
002594
000001
600528
600887
600000
601988
600048
002389
000858
600519
000623
601699
600031
601166
000538
000783
600416
000629
000522
000630
000651
000417
000880
600259
002024
600303
601669
601555
601398
600248
600585
601009
601566
600240
600016
600048
000960
002230
600549
600376
601688
002157
002155
000671
600537
000680
600837
600276
000799
000858
600383
600312
601088
600597
000630
000999
300075
300115
600422
000969
600068
002296
600535
600199
600021
000039
600267
600547
600048
600031
000002
000157
000425
000581
600809
600337
601233
002325
002051
600060
002299
002434
601318
000933
000983
002344
600098
600406
000826
002431
002063
002056
600546
000927
600337
600089
000528
002004
600066
000635
002281
600348
600376
000568
000656
000895
000063
600518
000024
600050
000858
600837
600177
601668
600887
600686
002474
601088
600778
600875
002273
300083
600036
600015
600519
600030
601166
000401
600655
000858
000937
601699
002024
600875
601717
601117
000063
601628
300228
600208
600068
601601
600406
600030
600887
002261
600111
600100
002148
000705
600106
600354
600675
000616
000527
300251
600058
600549
002646
000540
600779
600259
300077
300079
000002
600015
601318
600208
600028
000568
601601
000616
601336
600837
600019
600048
600383
600030
601898
600702
600704
600240
600325
300059
000157
600031
600742
600588
600900
600104
002123
000823
002025
600519
600030
002313
601006
300124
601628
600383
000895
002073
600038
600276
600741
600028
600000
600036
000024
601788
600016
600795
601328
601898
600060
601607
000527
600177
002546
600426
000059
600410
601288
002440
000039
600585
600104
000630
002146
600048
601088
000528
000527
000895
000401
002106
000550
600362
002024
002029
600970
600031
000651
600600
000937
000157
000858
600801
600597
600312
000616
002250
000400
000049
000060
002353
000786
600309
600315
000063
000656
000002
601699
000338
600750
600835
002353
600068
600582
601369
601798
600199
300027
002063
000858
002304
600383
601139
002269
002277
600048
600594
600123
600519
000002
000568
002024
002638
000937
600116
300267
600292
002456
002311
601669
002414
601688
300260
300064
600256
000063
601628
600502
002594
600068
601668
000001
600048
000666
600585
601699
600000
600600
600104
000002
601669
600028
601717
002029
600016
000400
002123
600348
601009
600123
000423
600000
600123
600585
600015
600588
000651
002069
600066
000869
600805
600177
600153
000876
601336
601717
000538
000858
600009
002277
000987
600327
600694
000568
600887
000063
000417
600519
000069
002029
600260
600166
002251
600280
000581
000858
002325
002157
002024
002293
600543
600739
601929
000895
000024
600066
002024
600547
600048
000522
000759
600340
600238
600104
000563
600583
600143
002594
600141
600309
600266
600739
600100
000792
600331
000979
600862
002249
600036
600383
600118
002024
600865
000024
600016
601166
600418
600315
601601
600403
601628
000527
000800
601989
600371
600519
600406
600016
000069
600019
600015
000598
600352
000026
601336
600098
600048
600518
002236
002037
600809
600276
000596
600016
601166
600395
000423
002024
601009
600271
000417
000963
600000
002277
300171
600535
600519
002376
601699
600403
000002
600436
000858
600519
600887
002146
601336
600702
600415
600406
000651
600325
000522
600563
600383
601169
600637
300134
000400
600271
600502
600588
600837
000069
000001
002024
002161
000629
300146
600337
000538
000063
002123
600048
600195
000581
600884
600104
300056
600111
600729
002396
600009
000858
000776
600600
601318
600469
600168
600739
600369
600323
000422
600999
000568
000792
601088
000623
600048
600881
600021
600388
600216
000423
600196
300204
600511
600436
000650
600521
601318
002001
000963
300026
600594
600079
300171
002551
300146
002241
600518
300119
000522
600529
002038
000623
000538
600267
002038
002073
000001
600261
002001
600585
002152
600153
000423
601717
600406
600252
600887
002037
300010
000661
002065
601166
002415
600016
601288
000792
000933
601166
600395
600036
601398
600104
600111
600259
600010
600875
601377
000877
600519
002594
600528
600887
600117
601988
600048
000538
601328
002056
600000
000629
601699
002389
600312
600332
601106
000522
600157
600739
600183
000157
002024
600027
600309
000858
600585
000651
000880
000623
601088
000860
600303
600416
601009
000423
601566
000783
002273
000630
601717
600549
002007
601318
000001
601166
000858
601006
600000
601398
600015
600519
600256
300027
000568
600837
300251
601998
002405
601336
000422
601169
000963
600900
002400
600030
600880
600551
000858
600016
601699
601601
000999
600036
600594
002385
000651
600123
601628
601933
600887
600015
000157
000780
002457
000926
601010
300070
600517
002431
000581
000961
300146
601336
600085
601000
600060
600141
002050
600066
002385
002051
002410
300142
600716
600976
002025
300079
002308
002154
600583
002535
601311
000157
000800
600100
000009
002024
601318
601088
601166
601009
000563
601669
000024
600893
002142
601169
600050
000629
600585
000969
600315
600685
600516
600010
600642
002007
600031
000400
002385
600104
000858
600729
000568
601166
600016
600048
000501
600805
600036
600742
000002
002024
300171
600280
000069
600581
000527
600859
300179
002322
000651
601318
600697
600519
300020
600383
600809
000024
600720
000629
601601
000417
002304
600859
600690
601166
000002
002081
600036
002293
600383
601998
000651
000961
600016
600048
000527
600837
600518
600000
002572
600111
600067
000069
000799
601088
000001
601006
000718
600582
601318
600036
600315
000983
600348
000538
600739
000858
000927
600267
601898
300070
000528
600276
600875
002429
000776
600111
300062
601766
000423
000157
600030
002398
600259
000823
601628
000401
600585
300241
600015
600498
600011
601088
600027
600068
000937
600031
002005
601106
000540
000858
000877
600348
600741
600000
601669
002056
000001
002385
600050
600586
000522
600637
600383
600785
601009
600519
600060
600887
600050
000858
601009
600048
600376
000895
601318
300291
600518
000538
600016
601628
600036
601398
600312
000650
600875
600036
601288
601333
000001
002024
000157
000527
600028
601318
002073
600104
002038
600585
002304
000651
600309
002001
600292
600153
002415
600060
002296
002503
002469
002586
002375
002369
600518
600309
002081
300025
300039
300070
300228
002241
300083
600970
002313
002367
002475
600271
600519
600256
600030
600837
601318
002123
600383
000516
600549
000527
600252
002283
600406
600056
600844
002094
600750
000776
600150
600376
600016
600837
600048
600373
600030
601318
600208
000049
600015
600801
600088
600779
601901
000800
000895
601601
600585
000776
600529
601727
300101
600383
300002
000858
601788
601669
600000
600276
002244
000002
600583
601688
601166
002205
002055
600079
000661
600537
600187
600128
600839
000869
600425
002465
600104
601628
600036
000895
600519
600016
002024
600125
600887
600000
601006
600271
601126
000063
300144
002106
000596
000651
300058
002353
000527
601607
600723
600036
000028
002024
002405
600518
600828
600276
600859
600875
600827
000538
300027
000157
601166
000024
600690
000400
600690
601318
600637
601668
600050
600547
600837
002041
000568
600529
600060
002073
600068
600325
000998
002123
600739
600518
601989
600118
600742
002482
002421
002475
000069
300090
600549
600739
000024
300105
000826
000157
600518
600519
600143
000858
600519
600101
000527
002129
002001
600790
002288
600491
600153
600050
002243
600655
601117
601318
002009
601992
002179
600104
002241
600104
300303
300285
600030
000656
601991
002285
600549
600559
600581
000888
000536
000568
002570
000961
000562
600048
600266
000758
601601
600016
600637
600837
601288
601166
600050
600015
601717
600395
000063
601088
002277
600048
601669
601328
000786
600143
000001
600491
002055
000592
600809
002155
000960
000157
600123
002013
600707
300079
300241
600009
601766
600406
000423
000999
600183
601169
000338
600104
002369
601857
002484
300207
002185
002234
002385
000596
002241
601009
600697
601318
600068
300070
300020
601166
000001
600348
601601
601699
600805
600029
600010
601800
600418
002008
000792
002080
600115
600303
601318
000407
002073
000726
002024
601398
601288
000937
600123
601669
600036
000858
600837
600366
002007
300070
002450
600048
600888
601766
600060
000776
600585
000630
002230
002012
002477
600880
600188
601988
600161
300058
300188
600809
000598
600030
000939
600547
300039
600376
600348
000001
000999
000893
600050
600104
000858
600887
600048
601166
600519
002106
601628
600036
000895
600383
600015
600585
600612
600702
000157
600016
000528
002024
000063
000401
600068
002304
000338
601668
000562
601601
600837
600030
601788
600050
002063
000024
600298
600742
600015
600016
600199
600266
000650
002503
600376
600519
601699
002325
000540
601166
002310
000550
002157
300267
002146
601808
000937
000616
002140
300020
601311
002099
000858
601288
300156
600397
601601
600805
600067
000961
601009
600976
002400
300058
000789
000596
002205
300291
600531
600633
600702
002195
002658
600816
002041
002094
000551
002430
600887
002375
002179
002457
000608
300130
600066
000651
002038
002369
002037
600395
000566
002155
002344
601555
002583
002535
000951
000811
600197
300171
002055
002417
600585
600519
600050
000792
600111
600123
600549
000961
000895
000776
600395
601699
601318
002635
600458
600376
600340
600016
000686
600048
600216
000527
601628
601398
601009
600016
000400
000800
600108
600104
600157
002012
600837
600636
600642
000651
600739
000002
601288
600030
601939
601398
002304
600519
600256
000527
600036
000063
000895
600016
600118
000581
000002
600830
000559
600048
600887
600267
000848
002236
600018
601991
600011
601727
601558
601139
600998
600027
601098
601918
600546
600377
601933
600403
601258
601333
600022
600143
600827
600350
600406
600376
000858
601688
600585
600276
600887
600519
002140
600015
600104
600362
600036
002146
600535
000401
601628
000002
000680
601336
601318
600123
000895
000650
601088
601169
000937
601166
600383
000540
000157
601601
000656
002603
600000
601766
601009
600256
000527
600690
600395
000069
600030
600859
600223
002154
600805
600778
600199
600383
600031
000858
600742
000157
000562
600109
600395
000776
600104
601918
601888
000024
000650
601009
002571
601318
600376
600801
000686
002007
000861
600458
000430
002146
600337
600720
600123
600967
000069
600141
600048
601336
601169
600366
600881
000528
600750
002073
600837
600557
600183
600690
002436
600010
000568
600335
600535
000527
601699
000937
600079
300088
600166
600016
002457
601992
600015
600153
600239
000596
600096
000039
600188
000616
002092
601166
000566
000759
600770
000024
000650
600403
601607
000876
600149
600009
600383
300079
000919
601006
600422
601208
000887
600266
601668
000566
000759
600310
600770
002266
000858
600176
000012
000528
600467
601928
600100
600970
600633
600456
000060
600559
000630
600298
600066
600702
000783
600637
002656
300182
600809
002511
600048
002353
002456
000562
002238
002431
600123
002594
601101
300058
600754
000937
000568
002648
600016
000858
002595
000001
600160
601208
000422
600028
002582
300245
000415
600036
002099
600177
600694
002624
600498
600153
300144
000002
600048
600036
600015
000024
600104
601699
600383
000651
000630
000568
600581
600016
000636
000858
600123
000157
600741
600395
600702
000750
000562
600426
601166
002349
600416
600637
600585
002181
601009
600502
600519
000338
601888
601377
000401
000789
000927
002152
600498
600031
002013
600340
600837
600376
600887
000961
600036
600261
000423
002007
300058
600276
600519
000538
002179
600518
600335
002073
601006
000024
000960
002025
600161
000999
600511
000616
601766
600519
600518
000895
601601
600036
600256
600009
000024
300273
600354
600859
600048
002011
300070
600141
000858
002438
002385
600383
002073
002638
000983
300241
600582
000968
600028
600050
002480
002325
002445
601669
000861
600085
002024
600739
600048
600378
002253
600153
002413
600831
600995
002431
601333
002129
300241
002296
002387
300086
601766
600316
600088
300107
600880
002310
000850
600837
600125
002457
000519
000961
000888
300032
002620
600468
002091
601002
002379
002205
601299
002405
601106
002671
600694
600389
002414
300004
002448
002221
600963
600153
002408
002458
002485
002400
002099
300253
002029
600880
002223
002526
002283
601727
600271
300214
600535
601601
300273
002369
000888
601628
600030
600028
600585
600252
000157
000002
000401
600031
600010
000425
000983
601601
600016
600050
601166
601377
600085
000423
601933
600111
601311
002024
601006
002353
600376
000639
600060
002422
002662
600048
600785
002299
000528
000540
601100
600011
600729
000527
002477
000069
000338
000521
600837
000895
600881
601398
000680
600383
600015
600104
600322
601288
600827
600009
000729
600256
600027
000651
300003
600036
600000
600009
600549
600383
600690
000063
600519
600694
600176
002007
601166
600467
601766
000002
600858
000527
600015
000401
600999
600267
000895
600970
600703
000423
002482
601601
000926
000596
000858
002241
601318
002236
002415
000423
300070
600519
300115
002304
300251
601888
600016
600123
600809
000869
002055
600015
300058
600422
600138
000401
600199
300005
600079
000002
600809
600048
000024
600376
600588
000998
002156
600360
600325
601009
000568
600805
002254
000869
600875
600362
000039
002407
600584
002421
002638
000651
000650
300088
600742
601336
002375
600104
600557
000718
000858
300020
600036
000776
601169
601566
600582
002436
600397
601009
600109
002106
600458
002073
000401
000430
002482
601166
002138
600223
000750
601888
600239
600983
000423
000970
000157
600528
601699
600031
600967
000789
300046
600369
002038
600166
000002
002457
000540
000562
002582
300241
600123
600387
600716
601699
600348
600887
600519
000858
600199
000423
000869
002063
000895
600406
002415
002123
002057
600104
600260
000928
600519
002024
002050
601101
600778
000651
002007
601336
600837
600030
600348
002045
000002
000887
000860
601601
600315
600588
600702
601088
600271
000001
000792
600166
600036
000063
600111
601800
601669
002583
002161
000338
000895
600016
601101
000521
600875
000629
002430
002153
000417
600600
600388
002643
600537
002008
600425
002056
002106
600739
000807
002254
002296
300077
600801
000758
000901
000987
601717
601318
600519
000026
600406
002241
000799
600518
300171
002422
600060
002055
300105
002430
002236
600422
300043
601566
002415
002475
002327
000417
600141
000541
600354
600887
600383
000423
002638
000024
600837
000895
600030
600376
300020
600406
000998
002384
600048
600183
600588
002041
002281
600594
002547
600426
601601
600312
002106
002226
002244
600143
601166
600048
600036
600376
000919
601010
600019
002385
000625
600067
600015
002065
000060
300074
600000
600150
600295
000963
600525
600655
600331
600111
601555
002594
601669
000861
000970
002638
000063
002480
601101
601788
002005
600256
600893
600143
600458
600058
000407
000789
000602
002299
002325
002033
600521
600594
000568
300027
002024
002081
002220
000876
002353
600195
600079
002023
002014
000423
000596
002041
600280
000726
601088
600036
600000
000799
600549
000858
600267
600111
000656
000001
600702
600068
600123
002001
000568
600348
601898
600016
000401
000024
601009
002024
300070
600063
000002
300087
601601
600048
000877
600036
600837
600166
000422
000530
000671
600139
600050
000887
000651
600694
000596
000858
002241
601318
002236
600519
002415
300070
300115
300251
002304
000423
601888
600123
300058
600809
000869
600422
002055
600079
600016
600138
300005
000401
600199
000002
002241
600803
002477
002214
002155
000792
600111
002089
000400
600195
601179
000629
600517
000635
600406
000059
600395
000800
600805
600739
000937
002503
600585
002434
600240
600067
601088
600452
000002
600519
002304
000024
002073
600383
600970
000858
002244
600050
000651
002375
000983
002081
600801
601699
600585
600694
000926
000895
600970
000527
000061
600827
600036
600015
600837
600511
002161
600312
600028
000002
000858
601288
000888
600068
600157
601601
000639
600403
600276
600030
600125
601088
000799
600383
600337
600557
600581
600104
600048
600597
000024
000650
000415
601006
600900
601336
601669
601628
600048
601688
600660
600795
601668
000666
600582
600011
601601
601988
600837
601939
600976
600376
000002
000858
600785
300039
601898
601088
601398
000970
601166
601566
000401
600388
600366
600010
002430
002241
600050
002583
002603
000592
600559
600637
002630
002292
600149
601669
000157
002400
000546
000661
600837
002456
000651
000527
000069
000002
000046
000776
000778
000417
600048
600098
000001
000024
000800
600030
601601
600976
000927
601669
002146
000501
000960
600027
000568
600016
600887
600765
600995
002129
000423
600694
600372
600223
000680
600837
601166
600468
002155
000001
002452
000550
000895
601601
600585
002011
600425
600481
600079
600048
601788
000630
000401
002268
601991
600058
000039
600143
601818
000100
000060
600585
600809
600188
600835
600557
000568
000401
600000
601166
000656
000877
000680
600089
600104
000651
600376
601601
002482
600048
002277
000063
600000
600016
600036
000568
000858
000538
300124
600276
600778
002007
601328
600031
002269
601699
000826
002474
601939
002091
600858
601717
002535
000799
600535
600079
600809
002482
000780
600348
600197
002475
000568
600502
000596
002238
600280
600859
300015
000705
002397
000001
000422
600875
601166
600000
600015
000157
000527
600068
601088
002152
601607
000623
600104
600031
600426
600887
000937
600366
600058
601628
000895
600887
600519
600036
601888
600030
601336
601006
600298
002024
000799
600125
002106
600104
000858
000888
600893
601788
000650
300144
000562
000789
600009
601566
600016
600000
600015
601009
000568
000401
600559
600467
600999
002422
601688
000792
000063
601669
600138
002086
000665
300026
002387
600600
600115
600837
601398
600597
000630
600406
000568
600887
002308
000983
600875
000415
300068
002273
000937
000581
000665
600686
600054
600723
300070
600519
300083
002299
600118
002450
600366
600104
002001
002073
600141
002309
601100
000786
000527
600166
601088
600875
300182
600196
002250
002063
600309
600376
600823
601006
600837
000858
000001
601311
300059
002069
000562
600875
000550
601628
600066
002414
600495
600000
601699
000933
600011
600518
600881
600256
600028
000069
000877
000157
000858
601998
000656
600123
600742
600491
601088
600050
600436
601699
002179
000063
600741
601808
300274
600016
600157
600036
000799
002485
600376
600031
600079
002073
000001
600497
600288
000063
000417
000792
002594
300245
600015
600000
000728
600585
601088
600970
600031
601318
601628
000063
600502
600496
600104
600036
600460
600016
600456
002024
600837
600030
600309
600809
000423
600535
002230
600761
000039
000425
000861
600887
600000
000157
002223
000562
601888
600315
000402
600322
002010
002501
601699
000001
600588
000527
000937
300124
600737
300077
600546
002470
000848
000430
600547
600123
000869
600143
601717
600303
600029
000868
600739
000338
600801
600418
601808
600208
000559
600239
000012
600686
000926
000918
600585
002092
002594
002244
600583
600802
601318
000729
000957
600027
600875
000877
600815
601006
601328
002320
000783
600021
000602
601288
601991
600787
600584
601628
601857
600549
002345
601918
000723
600750
600978
000060
000983
600185
002056
002457
600641
600325
002277
000800
002104
600166
000039
000050
600875
000024
600694
600858
600594
600837
000028
600741
000002
002273
002277
002396
000858
600563
002563
000597
600517
300070
600582
002334
600406
601566
600176
300058
600141
002037
600426
600702
002410
600837
600267
002157
000422
300274
600535
601888
000651
002603
002293
600498
600362
000157
600422
002138
600079
600809
000527
600157
002638
600805
000750
000718
000001
601166
600016
601998
600111
600015
600000
000528
000581
600875
601088
000400
002142
600456
600409
002024
000002
600585
600827
600637
600016
600036
600000
600166
600383
002230
601166
601006
002081
600837
002547
002375
000028
600048
300144
300185
600157
601318
600104
600015
600028
601009
000869
601088
000625
000869
601318
600143
000858
000895
600887
000423
002419
002073
600519
000568
600395
600978
002267
000527
600315
600060
000596
600585
000001
000527
002024
000001
000418
000876
600000
600267
600079
600521
600729
002277
002353
601808
300124
600406
600795
601169
601010
300171
601166
600030
600383
601318
600837
000002
601601
000858
601688
000960
000776
000568
600519
000423
600549
600058
000630
600256
002073
000069
002142
600583
600111
002564
601808
600527
600160
600585
600066
600048
300135
002024
600015
600376
000024
002155
600031
600406
600616
600518
600123
000800
600765
002296
601100
002422
600694
600636
000895
600467
600362
000157
002157
600276
601718
600881
002068
000423
601006
600276
002007
600261
600036
600518
002179
600519
600028
000538
002073
002025
000630
600079
600893
002024
002022
600161
000063
002041
000998
601009
000858
600837
000423
600500
600395
600315
000630
601398
601333
002081
000063
002024
601918
002320
600348
601088
601139
601928
601699
600489
600337
600900
600183
600694
600809
000338
000937
600585
002474
002073
600036
600016
300257
601899
300134
601336
600157
000778
000001
600362
002092
600970
002038
601717
601933
000656
601168
600997
000755
600779
600991
600376
601318
600143
000002
000869
600169
000402
601800
002594
600425
600102
000800
000592
600702
601238
000895
600187
000725
600837
000596
601318
600030
600104
000983
000063
600547
600835
600489
600050
002081
600588
600859
600970
000001
002405
600518
000002
600535
600271
601166
000568
002299
600406
600585
600458
600518
600036
000650
000063
600887
002106
000513
600582
600176
000157
002025
600383
000858
000568
000423
600015
601009
000858
000002
600030
000063
600518
002353
300037
600000
002400
600694
601555
600096
600143
002638
601699
002341
601166
600583
601717
300146
600079
600406
600809
600741
000651
600739
002340
600337
600315
600348
600157
000783
601118
000961
601857
601928
000970
600519
000568
600549
000858
000423
600827
600199
000590
000869
002038
000983
600406
600778
600729
601788
000417
000750
002223
002099
600380
002216
300068
002293
000538
600031
600518
000650
600859
000049
002672
600675
600312
000937
600036
600123
600000
600519
600016
601555
000858
601088
002304
002081
000651
600030
600031
600549
300070
601398
600111
600518
601668
600537
601628
600048
000970
000983
002146
601088
601001
601601
600547
600366
600271
600123
600383
002041
000961
600489
600066
000776
000686
000002
600000
000858
601601
600060
000501
600519
000568
601668
600875
600498
000069
600123
000527
601398
600729
600309
601166
600805
601318
600104
002152
000888
000651
000858
600837
000937
000002
601788
600518
601318
601601
600383
600519
600694
600104
000401
600123
600312
601699
000630
600858
600376
002024
000001
600970
600519
000527
600690
601009
600104
000338
601718
000869
601808
000895
600050
600969
002099
601166
600583
600196
000581
000002
601166
000423
600031
600837
600030
600123
600519
600036
600056
600489
601699
600559
601989
002589
000527
600594
601006
601117
000799
601766
600887
600028
600104
000157
002549
601088
000059
000858
300027
000069
002445
600036
000979
000043
601601
002283
600295
600016
600887
600827
300048
600987
000933
600009
601139
600750
600327
601939
000999
600363
002501
002458
002321
600967
600723
600232
002327
002394
600036
002548
002484
300101
601398
002330
002369
600461
002378
002492
600016
601008
600587
002142
000566
002365
002301
002159
002565
601799
002612
002124
600396
002144
601857
002477
002467
002572
002568
601088
600975
002045
002472
002425
002522
000715
002085
002485
601199
600356
002550
600282
002020
600729
002461
000900
002557
002486
601628
002293
002216
600000
600798
000789
002582
601318
000886
002558
600801
601601
002126
002502
601169
002044
600697
002351
601166
002034
002421
002317
601518
002448
600668
600548
600318
600111
000661
000868
600073
000885
600366
601001
002336
300147
000425
002406
600122
300118
000012
600888
601628
600418
601006
600873
601666
002106
600362
002435
002172
600835
000559
600676
601288
601398
600816
600697
600060
000792
600050
002081
600694
002344
601699
000063
600011
600750
002422
600729
601666
002241
002369
601006
300134
000651
601601
601088
002065
002073
000024
600805
600068
600000
600376
000858
600584
000001
601318
000423
002063
600019
000527
600048
600036
601166
300020
601169
000650
600362
000528
600778
600266
600519
002115
600795
002341
600460
600123
601898
600742
000656
600360
600031
300025
600741
600585
600056
600690
000488
600880
300241
600498
000002
002146
603001
600546
600208
000001
601808
601336
000630
600000
601717
601288
600016
601988
601006
600251
002405
600600
600900
601588
600028
600050
601628
000969
600837
601318
601669
601601
002528
002613
600383
000895
600048
601088
000656
000401
000024
600132
600060
000858
002006
601166
600519
601898
600518
600019
600271
600050
000792
002477
600096
002465
002638
601117
600141
600875
002583
600118
601699
000527
600331
600123
000720
002215
000002
300027
002299
601989
600795
000877
600391
300015
600059
600519
600348
600547
601718
000639
600893
300036
300006
600316
601299
002116
002206
600309
600563
002011
000877
002236
600690
600172
002293
601299
601717
002006
002055
002056
600828
600060
300263
002081
002389
600383
600015
000024
600036
002023
300113
000401
600760
000783
600239
600893
300024
002094
300055
000069
002106
300187
000776
600104
600166
000024
000568
000651
002146
600383
600376
000046
000069
600887
600197
600256
600694
000513
000762
600546
000718
600052
000963
002004
600456
600256
600104
600585
600048
600123
600637
000783
000002
600276
000581
000998
600702
600383
000895
600875
600535
000969
000562
600085
600016
000858
600016
600309
000895
600104
600048
000001
601166
000063
002269
002344
000423
600519
300077
002086
600157
600030
000157
600298
002481
000024
002236
600859
002535
000729
601088
000538
000001
601006
601166
600993
601169
002281
600859
600723
002255
002177
000581
000338
600267
600694
002152
601699
600195
600079
600050
000063
600887
600036
600588
601318
000527
600600
600519
000423
600535
000538
600875
600079
002029
002223
600809
600143
600694
601336
601318
601669
601166
600030
600519
600642
601601
000063
600000
601328
600837
002405
601607
600009
600036
601336
601688
002069
000527
601628
600123
601717
600970
601318
601601
600109
002385
600276
600546
000069
600125
600016
300257
600585
600030
002041
600547
601669
600369
601939
601006
600166
000423
600016
600519
601009
600015
600036
600887
600837
600585
600085
000069
601601
600750
601699
600060
000002
000776
000538
601336
601318
600582
600406
000858
601699
002063
600366
000417
601601
002310
600546
000568
600887
000527
000401
600600
000528
002431
600267
002099
002298
600312
002466
600106
601601
600260
000735
600606
600239
601800
600675
600015
601928
600395
601798
000002
600143
002024
601166
002438
002460
600096
600121
601318
002252
000061
600383
002179
600119
600716
600724
600246
000024
601866
600839
600643
000917
000616
002307
000718
000009
600300
000415
600168
002353
600582
601798
300027
601369
600835
600199
002277
002304
000002
600383
600048
000858
600066
002583
002573
300164
601139
300105
600104
600036
000937
000858
600104
600690
601006
600362
600383
000895
601088
000630
000002
600028
600887
600875
000401
000527
600805
601111
601669
600050
002583
300020
601166
601009
002106
600030
002099
600383
600498
300070
002236
300105
601288
600718
000568
600016
000002
600015
002038
601601
600066
600030
601888
000623
600837
600048
000917
600739
002430
600518
000039
000024
000069
000581
600366
002065
002344
300170
600588
600837
600383
601336
300136
600157
000002
600518
000568
300027
600895
600673
600266
000927
000527
601668
002179
600036
002415
002638
600322
000800
002146
002230
000961
600521
600067
601628
600893
300048
600393
601788
000776
000661
600309
000630
002241
002055
000536
002024
600888
600976
600030
300101
601633
000651
000826
600887
000538
000423
600388
600600
600406
600518
600547
600298
000581
600079
601566
600031
002001
600458
601088
600694
601808
002230
601288
002140
000858
601166
601088
000799
601328
600048
600587
000157
600104
600199
600000
600690
600315
300198
601668
600177
601169
600016
002385
300146
600066
002447
600761
002244
600383
002024
601808
002375
000501
000895
002069
000069
000858
601318
600123
002304
000783
002254
600050
000024
002073
600585
600048
000012
002230
600312
600801
600406
600256
000581
000979
600616
600062
600702
002603
600036
002266
600104
000608
600030
600535
300228
000401
600887
002283
000527
002094
002576
300218
600585
000750
601628
000738
000895
002036
600276
600048
601088
600188
000799
600779
601336
000937
600015
600036
601009
601166
600252
601169
601939
002024
000001
601601
600221
600030
601318
600050
600016
000792
000778
600739
000936
000625
000002
600894
000708
002387
600406
000543
600749
600585
600742
600048
600329
000401
300043
600521
600723
600588
600893
601866
300074
600519
000858
600809
601566
600111
002293
000423
000656
002353
600636
600031
002327
002241
600559
600585
002304
300216
600113
600693
000869
600883
000568
600160
000623
600695
000411
600734
002344
000703
000895
601628
601318
600887
002535
000858
601898
600519
002485
600298
600395
000630
600111
300171
600426
601808
002029
600741
601126
002586
600637
600104
002041
000998
600518
600519
600050
600177
601318
002073
600048
000423
002069
600366
000895
000858
600066
000651
300027
601989
600016
600637
600088
600060
601169
600519
002024
000858
600111
600742
600123
300251
002594
002638
000537
300146
000527
000937
000100
300027
300017
600240
000598
600549
600048
600703
600208
600831
000402
000686
002161
002353
603001
600036
000783
601699
002646
601169
600123
000895
000562
600519
000869
600436
600256
600422
600387
600637
600535
600763
000629
600104
601588
002603
600893
000783
600585
000939
600388
601808
002123
601166
600079
600309
600837
600048
600739
300017
600015
600089
600557
000024
600376
601000
601139
600383
601106
000001
002177
601088
600993
600585
600859
300079
600403
002255
002565
000538
000423
601169
000783
000728
601006
601166
601318
000338
000869
002179
601088
000568
600887
000063
600778
601009
601601
000024
000656
600686
000858
000423
600016
000402
600518
600223
601668
600050
600406
600036
600123
600887
600549
600518
601166
600690
600585
600009
600108
600132
600570
600760
600770
600298
002230
000925
600000
600859
600900
000024
600383
600048
002146
000718
601398
600019
600028
600675
000932
601857
600005
600010
000898
600808
600173
600688
000537
600376
000031
600111
601318
600803
601601
002293
000792
000568
601117
000596
000651
600143
600588
600809
002214
002140
000858
600079
601668
600376
600016
600267
002106
000799
600537
600256
600535
000024
600383
600021
002140
600549
000423
600036
600276
002157
601179
601717
600030
601208
002241
600815
002266
600481
600802
600143
600586
600674
002417
600339
000069
002518
601766
600583
600303
601028
600123
601166
601699
000937
000858
000069
600016
000651
600153
600036
002146
000002
600837
600157
600395
000961
600030
600376
601318
600000
000527
002081
600809
600887
600031
002310
600518
002474
600383
000401
600519
002241
000028
000024
300251
000625
002013
600519
600383
600048
600741
000568
601117
002081
600406
002375
002146
000024
000858
601299
000157
601601
601633
600104
601717
002236
600837
600376
601898
002024
600199
002073
000656
002185
002241
601628
601169
600031
600016
600123
002037
000090
600887
600271
002068
600467
000063
600875
600594
002656
600183
002431
600066
600036
600309
601901
000968
002484
600030
600383
600066
600805
600376
600157
601318
600016
002155
000848
600664
000880
600795
601166
000063
000811
600199
300088
600837
601009
600173
000876
600123
600048
600036
000858
601318
000568
000501
600383
600729
000417
600000
600519
600970
000001
000069
601166
600362
600837
600546
600111
600000
000933
600739
600259
600010
600875
600104
600015
600837
601699
000807
002056
601377
000630
601898
002005
002129
600303
600166
600720
002594
000522
600383
600761
002091
000568
000877
600036
600058
000540
002024
600388
300219
600416
601288
000537
600123
000001
000858
600312
002069
002638
600519
600068
002249
601088
300139
002167
600403
600418
600585
002227
601009
300101
601908
002024
000729
600030
600016
600519
600104
600166
601668
600362
000568
600216
600266
600036
601318
000002
000069
600741
600585
601601
000800
600266
000848
600009
601877
600642
000528
000987
601808
600875
000999
600060
002299
600031
601933
002572
002122
002353
601010
002051
002367
600187
002501
600461
600875
002045
002645
600288
002242
600327
600233
000602
002454
002485
000715
002048
601318
600805
600694
300217
601336
601318
000024
600048
600141
000402
600239
600880
601088
000002
600875
000937
600037
601918
600739
000811
601628
000623
000919
600038
600108
600519
600048
000002
000538
601601
000858
000001
000876
601808
600016
600153
601318
600015
600518
601088
600637
600741
600030
600585
601166
600348
000983
600000
002055
000527
600376
000069
000401
002636
300104
600050
600388
600487
601336
600184
002154
000528
002223
300025
000811
002028
300102
600741
601699
002123
600079
300070
000527
000789
600581
601299
002266
600875
601318
600016
600015
000876
600266
601699
601888
600549
600030
600303
002249
000858
600403
600166
000566
002266
002155
600739
600685
600117
600016
600048
002236
600153
600036
600015
600827
600518
601117
600406
000002
002025
600027
600000
600098
002304
300101
601668
601333
600354
600030
600837
601668
600999
600036
601318
000002
000858
600177
601788
000001
600048
600600
000729
000024
600266
000728
000069
600141
600369
000860
601088
600016
600657
600724
600528
600559
000926
000783
601601
600123
000627
000540
600138
000876
601328
600887
600185
600115
600557
600702
600502
002630
601299
000338
601766
000528
600815
600458
000680
600970
601002
600495
600031
000157
600068
600050
600761
600138
002482
601717
600787
000738
601006
600111
600519
600425
000002
600009
600098
600660
000895
002450
600031
601336
002481
002304
600967
000888
000961
002353
600238
601010
601788
601318
300216
600795
600066
600123
601006
601009
600546
000937
600028
600309
600637
002585
600395
002353
600383
600036
000002
000927
300190
600019
600858
000778
002230
600582
000590
600885
000728
600383
000002
000401
000069
600031
600741
000960
600518
600581
600066
002431
600588
600125
600118
600276
600761
002353
600348
002236
601808
600104
600887
600036
000895
000063
601006
600519
002353
601628
002065
002024
600016
601126
000888
600271
000596
600125
300144
600837
000858
000858
600395
600837
000651
600048
600276
600741
601699
600383
000568
600030
601009
000951
601117
000783
600373
000630
600309
600859
601336
600518
600266
600489
601336
000523
001696
002283
600048
000776
600702
600257
600858
300187
002025
600208
601808
600383
600895
000666
000750
601166
600433
600875
000727
000415
300022
600104
300218
600107
601991
600749
600565
600086
601377
002214
002465
600491
002059
600138
600009
600387
002182
600826
000059
000997
600704
002635
600724
002229
600528
000516
600376
601088
000063
600525
600031
600172
601668
300012
600837
002281
300074
601010
002415
601718
600295
002376
002073
600887
000625
000778
601318
601166
601601
000528
600535
000869
600060
002024
000039
600015
601699
600587
600685
000937
000999
000024
000568
000792
600031
600348
000869
600036
600000
600337
601377
600015
600276
600016
600489
000999
000650
601601
601699
000858
000401
600009
002089
600835
600519
000002
600036
000858
600104
600000
601117
600048
600015
000002
600066
601766
600030
000157
601009
000069
600267
600383
600519
000799
600010
600557
600837
601669
600123
601166
600801
600010
000789
000792
000895
000933
600303
000001
600348
002080
600729
002008
002340
600257
600418
600893
600460
600600
000858
600252
600256
600406
000869
002236
000596
600887
000568
000895
601601
600369
600199
600559
600157
002310
600123
002422
000157
002073
600887
002024
600016
600036
600839
600352
000877
000538
600000
000401
601166
600585
000568
601328
601288
601939
600655
600028
600104
601398
600111
600267
601166
600060
600079
600309
000581
002041
601798
300072
002422
600261
600582
000998
600048
000024
600741
600050
600826
000799
000002
000858
601006
600518
000568
600016
000596
600406
601318
601601
601628
601009
002400
000063
000636
300174
601699
002017
002144
600276
600587
002152
600535
600900
600027
600079
600750
601336
600694
000651
600675
600637
300058
300253
002156
600036
600583
000538
000895
601717
600340
601106
600256
601006
600068
600050
601166
600086
600028
600831
601688
600316
600016
600036
000659
000046
000063
000718
000069
600107
600000
600900
601166
600199
600887
000858
600875
002024
600260
600519
000423
600143
000069
000538
600016
600354
601669
600256
601601
002582
600518
600123
000826
600887
000538
600600
000423
000581
600406
600388
600547
600079
600031
601566
601808
600298
600518
600458
002001
601088
002230
600694
601601
600518
600048
600742
601336
600376
601628
601318
600111
600406
600612
600383
300115
600123
000423
600458
600741
600015
600887
000826
600395
000002
600702
300105
002024
002038
002230
600138
600529
000656
601918
000568
000049
000869
002025
600298
600519
600809
600991
601166
000527
600016
601328
600376
600036
000063
000540
600585
000581
600694
000537
601555
300113
600060
000401
601336
601669
000926
601336
600519
601628
600739
601601
000811
601901
000338
600585
600837
600166
002482
600118
600031
000858
601088
600893
601106
601899
600875
600267
600079
002038
600216
002099
000999
000963
000028
600252
000538
000423
600521
300039
600535
000513
600276
002007
600557
600594
002001
600585
000401
000002
600690
600066
600801
600875
600141
002044
600153
600802
600048
000983
600486
000625
002069
600594
000049
000061
600251
600519
002304
000858
000009
601117
600770
000559
601328
600498
000568
600000
600366
002236
600208
002091
600795
600880
000562
002013
601208
601628
000858
600104
000895
600036
000527
600298
600498
600585
601006
600015
600016
600999
000002
600050
000401
002535
601668
601888
000885
601006
000157
601318
600500
600397
000001
600469
600036
600066
600309
600377
600109
000825
002671
000516
300216
600141
002262
300306
002293
002638
600176
002622
002511
300274
600521
601601
600016
002528
300031
600537
002116
601718
600096
002008
300077
600340
002419
600881
300102
601669
600015
600739
002481
300002
002604
002387
000623
002456
000680
600519
601998
000024
600016
000157
601601
600031
601318
600036
600809
000423
600015
601808
600720
300070
000776
600585
000999
002069
600519
000858
600970
601318
000024
600276
600518
000651
600048
600585
601808
002422
600015
000002
601939
600028
600498
002564
601117
600000
601328
002115
600016
000650
600030
000423
601006
000876
601166
601633
600106
600312
000797
600239
600260
002049
002298
600143
000837
601928
000061
002438
600675
000009
601727
002466
002177
601866
600716
000401
601288
300256
601928
300259
600048
601333
600123
600000
601398
000957
601898
600030
601628
601601
601336
600837
002142
600376
601088
000002
601601
000568
600036
000623
600030
002073
600188
600739
600585
000422
600795
601117
300022
601668
600050
002241
600518
002024
601088
600000
300058
000776
300217
002157
300253
600971
300210
600354
600276
600322
002063
002603
002436
002055
002132
002353
300146
600348
600406
000028
000998
300170
300245
002254
002041
000799
002110
000012
002344
601888
600418
600720
600048
000869
000718
000046
000937
600837
600518
600436
002496
601566
600176
601919
000999
002375
000895
600403
300169
600426
600104
600583
600511
600581
600096
600516
002410
600078
600208
600307
000157
002039
002400
601678
002484
002054
600011
600027
000521
600859
000417
000401
600563
601866
002007
300015
600050
000002
002073
000651
000024
002304
600694
002244
600519
600383
000858
002375
600801
002563
000887
002081
600143
600970
600266
000926
600787
600143
600770
601628
600028
000968
000528
000009
600815
600694
600888
600736
600031
601601
002052
600837
601788
601989
000727
300102
600585
000776
000983
600750
600837
600801
600111
600031
600395
002230
601888
600348
601699
000661
601601
600030
002285
600809
000423
601336
600498
601318
000568
600267
600376
601166
600104
000527
600887
300104
300146
600048
000937
000783
000338
300251
000528
600694
600425
002024
000581
300101
002055
600015
002477
000799
002325
300079
002292
000024
600702
002081
600059
002306
002037
002106
600489
000650
000789
000069
600587
600141
000651
000926
002481
002594
600559
002073
600582
600066
002233
600016
600048
600153
002236
600827
601117
000568
000002
002025
600015
600027
600000
600098
300101
600406
002261
600354
601333
600125
601668
600383
300049
000988
600693
600325
600015
600067
000530
600741
600694
600482
002122
600557
000826
002060
000848
600560
600257
002343
002597
601318
600366
600406
000581
600887
601166
002146
000568
600036
000869
000002
600395
600496
000527
002277
000629
600660
600600
002157
600048
000001
600354
002603
601101
600208
600383
000987
600723
000713
600970
000402
600267
000651
600637
601669
000069
600521
000998
600036
600138
002024
000869
600415
000568
600406
600519
002123
600386
600352
600557
601088
000858
000423
002003
000522
600298
600329
600332
600062
600588
600000
600015
600585
600036
601288
000417
000527
002277
002024
600019
600888
000528
000568
600546
000811
600016
600196
000581
601607
601088
600048
600518
600887
600517
600009
600436
002304
601009
600104
000895
002415
600252
002038
000826
601311
002106
601628
002007
002375
600376
000858
000157
600016
000028
600881
600489
000527
600426
002024
000625
601628
300323
002255
600208
600837
600741
600236
002033
000049
300171
601818
601699
000937
601166
000630
600546
601766
000878
000876
000527
600036
000933
000623
000776
600362
601299
000060
600123
600195
600997
601857
600015
600036
601009
601328
600048
000001
601288
600030
600325
600383
601169
000024
600000
000002
000776
601998
000893
600827
601688
601006
601088
000858
600036
600016
600900
002293
600335
601988
002353
002029
600642
600795
600009
600019
002250
601333
600377
600012
600422
600406
600028
600050
601009
000998
601939
600456
000858
600415
600585
600801
600418
600383
600970
600835
600036
600778
600702
002304
000680
002036
600809
000417
601800
002277
600199
000423
000596
600809
002422
600123
601628
600729
002304
600859
000858
600467
002431
600267
000650
002293
000999
600557
601328
000937
002475
600315
601933
300146
300077
002038
300059
002353
300015
002638
600521
600697
600315
600637
600859
000661
600050
000417
002456
000100
600809
300002
