600900 80 74 154
600019 80 70 150
600028 72 66 138
600050 68 64 132
600036 70 61 131
600009 63 63 126
600005 56 69 125
000063 68 56 124
600018 45 57 102
000002 49 53 102
600320 41 37 78
000039 30 46 76
600519 39 37 76
000983 31 40 71
000898 31 40 71
600016 40 28 68
600000 42 24 66
000402 36 28 64
600309 33 30 63
600269 40 21 61
600026 20 40 60
000069 34 24 58
600002 25 30 55
600660 23 31 54
000088 26 28 54
600887 34 20 54
600011 26 27 53
600029 18 34 52
000866 24 28 52
000792 29 22 51
000895 27 21 48
600795 26 19 45
000858 29 16 45
600583 25 20 45
600012 21 22 43
600694 23 20 43
600383 23 19 42
000900 26 16 42
600428 19 23 42
000022 17 24 41
600717 22 19 41
000538 21 19 40
000581 19 21 40
002024 19 20 39
600642 21 17 38
600085 16 20 36
600096 11 24 35
600033 21 14 35
600123 17 15 32
000027 18 13 31
600348 13 18 31
600104 11 17 28
000423 14 12 26
600688 14 12 26
000488 8 18 26
000937 9 16 25
600832 14 11 25
600361 15 9 24
600004 12 12 24
600600 10 14 24
600585 9 14 23
600350 15 7 22
600037 13 9 22
000726 9 12 21
000625 9 12 21
600886 10 11 21
600177 7 13 20
600015 13 6 19
600150 10 8 18
600406 8 9 17
600418 10 7 17
600308 7 10 17
000933 8 9 17
000630 8 9 17
600188 5 12 17
000911 8 9 17
600591 8 9 17
600008 11 6 17
000541 9 8 17
000651 8 9 17
600020 8 8 16
600636 9 7 16
600971 4 11 15
600125 8 6 14
600089 6 8 14
600415 11 3 14
600098 6 8 14
000024 9 5 14
002025 8 6 14
600205 6 8 14
600271 12 2 14
600270 7 7 14
600426 5 9 14
600030 9 5 14
000970 8 6 14
600970 10 4 14
600879 12 2 14
600276 7 6 13
600058 6 7 13
600596 7 6 13
600330 7 6 13
600535 7 6 13
000729 5 8 13
000012 4 8 12
000617 8 4 12
600299 10 2 12
600628 9 3 12
000089 6 6 12
600066 7 4 11
600875 6 5 11
000839 6 5 11
600183 5 6 11
000869 7 4 11
000422 4 7 11
000825 5 5 10
000930 6 4 10
600547 7 3 10
600362 4 6 10
600761 7 3 10
600550 5 5 10
600835 5 5 10
000060 4 6 10
000157 5 4 9
600521 4 5 9
600267 3 6 9
000513 5 4 9
600143 6 3 9
000527 3 6 9
002001 5 4 9
600331 5 4 9
000763 5 4 9
000817 5 4 9
000731 3 5 8
000932 6 2 8
600549 7 1 8
000539 5 3 8
002023 4 4 8
600202 5 3 8
600196 4 4 8
600216 4 4 8
600597 4 4 8
600588 5 3 8
600616 8 0 8
600500 3 5 8
600436 6 2 8
600258 4 4 8
000960 4 4 8
002041 4 3 7
600316 4 3 7
600497 3 4 7
600438 5 2 7
600360 3 4 7
600598 3 4 7
600027 3 4 7
600296 3 4 7
600031 2 5 7
600323 3 4 7
600488 3 4 7
600825 4 2 6
000956 2 4 6
600352 1 5 6
600863 3 3 6
002028 4 2 6
600475 3 3 6
000618 4 2 6
000759 3 3 6
600160 4 2 6
600580 4 2 6
000061 5 1 6
600332 4 2 6
600302 3 3 6
600489 3 3 6
600399 4 2 6
000550 3 2 5
600087 2 3 5
600010 4 1 5
600377 4 1 5
000100 3 2 5
600631 3 2 5
600787 5 0 5
600327 3 2 5
600060 4 1 5
600592 3 2 5
600289 3 2 5
600834 4 1 5
000888 3 2 5
600153 2 3 5
000400 1 4 5
600963 1 3 4
002012 2 2 4
600006 2 2 4
600151 3 1 4
000623 2 2 4
000662 3 1 4
000037 1 3 4
600874 2 2 4
600469 1 3 4
002034 2 2 4
000755 2 2 4
002031 2 2 4
000619 2 2 4
600754 1 3 4
600563 1 3 4
600460 2 2 4
002032 2 2 4
600855 2 2 4
002007 2 2 4
600858 4 0 4
600966 1 3 4
002039 3 1 4
000989 2 2 4
000927 3 1 4
002019 1 3 4
600420 3 1 4
600035 3 1 4
600328 3 1 4
600166 0 4 4
000068 0 4 4
600740 0 4 4
000410 2 1 3
600827 1 2 3
600978 2 1 3
000629 2 1 3
600001 2 1 3
600054 2 1 3
600410 2 1 3
600305 2 1 3
600312 2 1 3
600993 1 2 3
002021 1 2 3
000520 2 1 3
600118 2 1 3
000912 2 1 3
600367 2 1 3
000852 3 0 3
000758 1 2 3
600176 1 2 3
600594 2 1 3
002008 2 1 3
600456 3 0 3
000800 2 1 3
600880 1 2 3
600280 1 2 3
600078 1 2 3
600282 1 2 3
000951 2 1 3
600333 1 2 3
600837 3 0 3
000939 1 2 3
000876 2 1 3
000690 2 1 3
600386 1 2 3
600635 1 2 3
000559 2 1 3
000997 2 1 3
600586 0 3 3
000968 0 3 3
600135 0 3 3
000829 2 0 2
000822 1 1 2
600495 1 1 2
600298 1 1 2
002045 2 0 2
600533 2 0 2
600470 2 0 2
600824 1 1 2
600467 1 1 2
600075 1 1 2
600074 1 1 2
600071 1 1 2
000919 2 0 2
002026 1 1 2
600423 1 1 2
600169 1 1 2
002037 1 1 2
600114 1 1 2
600548 1 1 2
600317 1 1 2
000568 2 0 2
600059 1 1 2
600198 1 1 2
600557 2 0 2
600809 2 0 2
600182 1 1 2
000503 1 1 2
600649 1 1 2
600582 1 1 2
002046 1 1 2
000677 1 1 2
000528 2 0 2
000905 1 1 2
000860 1 1 2
000780 1 1 2
000978 1 1 2
000875 2 0 2
600400 1 1 2
600584 1 1 2
600210 0 2 2
600790 0 2 2
600780 0 2 2
000778 0 2 2
002047 1 0 1
000826 1 0 1
000155 1 0 1
000099 1 0 1
000031 1 0 1
000598 1 0 1
600812 1 0 1
600811 1 0 1
600729 1 0 1
600416 1 0 1
600067 1 0 1
002050 1 0 1
600718 1 0 1
000786 1 0 1
600493 1 0 1
002022 1 0 1
002020 1 0 1
600708 1 0 1
600697 1 0 1
600479 1 0 1
600786 1 0 1
600472 1 0 1
600686 1 0 1
600685 1 0 1
600674 1 0 1
000021 1 0 1
600172 1 0 1
600261 1 0 1
600808 1 0 1
000848 1 0 1
002038 1 0 1
600601 1 0 1
600161 1 0 1
600512 1 0 1
600221 1 0 1
600508 1 0 1
600482 1 0 1
600859 1 0 1
000768 1 0 1
000429 1 0 1
600536 1 0 1
000987 1 0 1
600439 1 0 1
000401 1 0 1
000001 1 0 1
600529 1 0 1
600739 1 0 1
600973 0 1 1
000543 0 1 1
600307 0 1 1
600726 0 1 1
600227 0 1 1
000739 0 1 1
000659 0 1 1
600207 0 1 1
600569 0 1 1
600573 0 1 1
002043 0 1 1
000709 0 1 1
002011 0 1 1
600643 0 1 1
600232 0 1 1
600236 0 1 1
600627 0 1 1
000767 0 1 1
600639 0 1 1
000425 0 1 1
000958 0 1 1
600195 0 1 1
600823 0 1 1
000969 0 1 1
