600887 181 238 419
601318 151 168 319
000002 148 147 295
000651 116 161 277
002241 109 149 258
600109 125 126 251
600703 105 129 234
000625 108 120 228
600406 109 118 227
002415 87 135 222
300070 90 116 206
600048 109 96 205
002236 83 118 201
000538 85 114 199
300133 105 88 193
002008 118 73 191
000895 74 109 183
300058 82 96 178
601166 93 79 172
600030 77 94 171
000024 80 91 171
600315 77 87 164
600690 69 90 159
000001 83 71 154
600535 72 82 154
300315 77 76 153
300104 82 67 149
600261 85 62 147
002353 68 78 146
600196 72 73 145
600079 79 66 145
600422 68 74 142
002065 77 64 141
000400 65 75 140
000581 64 74 138
600028 80 57 137
002292 71 64 135
600597 64 71 135
600519 67 65 132
002400 70 62 132
600637 58 73 131
600016 63 65 128
002475 69 58 127
600089 49 75 124
300124 66 56 122
300017 66 56 122
600000 64 57 121
603000 59 62 121
600585 41 78 119
600276 49 70 119
600588 64 52 116
600352 50 66 116
000963 59 56 115
002390 68 45 113
600446 62 51 113
000541 64 47 111
002410 57 54 111
000049 48 63 111
300059 64 46 110
600518 39 70 109
002375 51 57 108
600104 43 64 107
601633 39 66 105
300043 62 42 104
002385 42 61 103
600036 47 55 102
000333 42 59 101
600340 54 47 101
002146 49 51 100
300170 61 39 100
600557 56 44 100
002230 44 54 98
601998 48 49 97
600998 60 37 97
000858 58 39 97
002456 47 49 96
002022 53 43 96
300002 47 49 96
600699 55 38 93
600525 44 49 93
300020 49 43 92
601231 52 39 91
600837 38 51 89
601766 37 51 88
002219 43 44 87
002005 43 44 87
300115 40 46 86
601299 42 44 86
601601 37 49 86
300026 45 41 86
600309 30 55 85
002396 47 38 85
300005 46 39 85
300273 44 40 84
600372 39 45 84
000712 49 35 84
600600 35 49 84
300212 44 39 83
600718 40 43 83
600804 42 40 82
002153 42 40 82
600584 44 37 81
300037 43 38 81
300113 48 32 80
002202 44 36 80
300090 30 50 80
002174 43 37 80
600594 47 33 80
002191 46 32 78
000423 33 45 78
600570 35 43 78
600050 51 27 78
002450 38 39 77
000997 40 37 77
002594 43 33 76
000671 37 38 75
600066 29 45 74
300157 37 37 74
002368 42 32 74
600312 39 34 73
600999 32 41 73
300251 33 39 72
000826 24 48 72
300024 33 39 72
002104 43 29 72
300074 32 38 70
600587 35 35 70
000063 32 38 70
002030 38 32 70
300287 38 31 69
002081 32 37 69
603288 51 18 69
600060 25 43 68
002024 33 35 68
300207 39 29 68
600872 33 35 68
000516 36 32 68
300146 31 36 67
002185 34 33 67
002038 32 35 67
300253 35 31 66
002440 31 35 66
002148 31 35 66
300183 35 31 66
002465 37 28 65
600835 29 36 65
600150 32 33 65
600880 30 35 65
300274 34 29 63
600332 31 32 63
300147 34 28 62
002285 31 31 62
600383 16 46 62
601668 28 33 61
300295 36 25 61
002439 30 31 61
002551 35 26 61
600563 38 22 60
002437 32 28 60
002019 26 34 60
000919 42 17 59
601288 29 30 59
002635 28 31 59
600583 26 31 57
300291 38 19 57
600571 35 22 57
000069 24 33 57
600832 26 30 56
000977 25 31 56
600893 24 32 56
300182 28 27 55
600886 31 24 55
300010 35 20 55
002004 32 23 55
002664 26 28 54
600633 26 28 54
000513 28 26 54
600884 30 24 54
000848 27 27 54
002108 37 17 54
000851 28 26 54
300137 31 22 53
300166 34 19 53
300303 30 23 53
600330 30 23 53
300077 29 23 52
601992 26 26 52
300326 30 22 52
002117 27 25 52
600323 32 19 51
600376 25 26 51
300168 28 23 51
002223 26 25 51
002570 17 34 51
000661 25 26 51
002041 23 27 50
300323 27 23 50
600292 14 36 50
002249 25 24 49
002312 22 27 49
600499 26 23 49
601808 20 29 49
300369 24 25 49
002714 35 14 49
002527 30 19 49
002701 29 20 49
002555 30 19 49
600522 29 20 49
600418 23 26 49
002085 23 26 49
300226 25 24 49
002268 22 26 48
600763 31 17 48
300039 20 28 48
300128 21 26 47
600511 30 17 47
600240 25 22 47
300015 22 25 47
002063 26 20 46
600138 23 23 46
002049 21 25 46
002309 20 26 46
601006 17 29 46
300269 25 20 45
600741 18 27 45
300003 33 12 45
600118 20 25 45
002454 25 19 44
300367 23 21 44
300219 27 17 44
600270 26 18 44
300307 23 21 44
300255 21 22 43
300075 17 26 43
002470 22 21 43
002271 23 20 43
000559 25 18 43
002609 22 21 43
300030 24 19 43
600705 19 24 43
300049 26 16 42
600153 21 21 42
600794 23 19 42
601965 23 19 42
002214 20 22 42
000028 22 20 42
000811 18 24 42
000039 24 18 42
002023 22 20 42
600566 20 21 41
600252 17 24 41
002605 18 23 41
002152 26 15 41
300101 22 18 40
000402 23 17 40
000793 21 19 40
002261 22 18 40
600967 22 18 40
000568 17 23 40
300359 21 19 40
600085 15 25 40
600894 20 20 40
300232 20 20 40
002138 27 13 40
300244 21 18 39
300144 24 15 39
002376 26 13 39
000998 12 27 39
300300 19 20 39
002358 18 21 39
300271 27 11 38
300045 10 28 38
601169 21 17 38
300238 21 17 38
300228 11 27 38
600335 20 18 38
002474 19 18 37
002421 27 10 37
002508 22 15 37
300177 18 19 37
002364 22 15 37
600867 15 22 37
300016 25 12 37
300072 24 12 36
600624 19 17 36
600978 19 17 36
002229 16 20 36
002531 22 14 36
002603 18 18 36
600885 22 14 36
300205 18 18 36
002638 22 14 36
601877 20 16 36
600436 17 18 35
002094 22 13 35
002382 23 12 35
300027 17 18 35
601398 18 17 35
002299 24 11 35
600660 22 13 35
600661 21 14 35
603008 19 16 35
002242 15 19 34
601989 14 20 34
002672 25 9 34
300178 16 18 34
600305 13 21 34
601555 16 18 34
600517 22 12 34
600536 16 18 34
300332 17 17 34
300012 21 13 34
600809 16 17 33
002051 23 10 33
600366 20 13 33
300155 14 19 33
000800 11 22 33
002711 20 13 33
002565 15 18 33
000988 20 13 33
300014 8 25 33
601099 16 17 33
002007 14 19 33
300006 18 15 33
300079 13 19 32
002482 11 21 32
300296 18 14 32
300363 18 14 32
600767 16 16 32
000961 16 16 32
600266 14 18 32
600271 16 16 32
601098 21 11 32
002653 15 17 32
300054 18 13 31
300266 17 14 31
002304 18 13 31
002502 16 15 31
002020 20 11 31
002001 14 17 31
600108 11 19 30
300065 15 15 30
002250 15 15 30
000413 13 17 30
300129 18 12 30
000681 19 11 30
600795 12 18 30
000915 12 18 30
000916 18 12 30
600686 14 16 30
600175 22 8 30
601377 16 14 30
000768 22 8 30
002550 16 14 30
601607 9 21 30
300021 13 17 30
601628 9 21 30
002035 16 14 30
002584 16 14 30
300110 17 12 29
002477 19 10 29
300298 14 15 29
002048 22 7 29
002429 13 16 29
002436 17 12 29
600759 18 11 29
601117 9 20 29
300322 13 16 29
002111 16 13 29
300202 18 11 29
000860 11 18 29
601328 14 14 28
002466 20 8 28
300246 14 14 28
002444 16 12 28
600549 15 13 28
600373 20 8 28
000596 15 13 28
300150 20 8 28
600198 17 11 28
002405 19 9 28
600256 9 19 28
600081 18 10 28
300334 16 12 28
601888 15 13 28
600859 13 14 27
300248 16 11 27
002262 13 14 27
601222 16 11 27
600787 12 15 27
601012 14 13 27
600761 11 16 27
300379 17 10 27
600649 11 16 27
000823 19 8 27
002028 14 13 27
002484 11 15 26
600580 21 5 26
000938 10 16 26
600015 13 13 26
002273 15 11 26
002416 13 13 26
002181 12 14 26
600776 16 10 26
300164 16 10 26
002535 14 12 26
601901 8 18 26
600739 8 18 26
000729 11 15 26
002610 12 14 26
601933 9 17 26
002373 20 6 26
300206 13 13 26
002649 16 10 26
300252 13 12 25
600855 13 12 25
600351 18 7 25
000550 9 16 25
600416 13 12 25
000739 15 10 25
300352 12 13 25
002614 17 8 25
600389 14 11 25
000876 11 14 25
000917 8 16 24
601988 13 11 24
002073 14 10 24
600062 10 14 24
300263 13 11 24
002279 14 10 24
002518 13 11 24
000970 11 13 24
002091 13 11 24
000558 15 9 24
002371 10 14 24
600667 18 6 24
600284 15 9 24
601857 15 8 23
600559 10 13 23
300289 14 9 23
300136 8 15 23
002699 13 10 23
000100 10 13 23
002422 8 15 23
600187 16 7 23
000718 12 11 23
000733 15 8 23
300008 12 11 23
002064 10 12 22
300275 12 10 22
002317 16 6 22
600122 12 10 22
600011 9 13 22
600801 8 14 22
002507 14 8 22
600185 11 11 22
300083 15 7 22
002414 10 12 22
002557 10 12 22
600080 12 10 22
600720 12 10 22
600879 11 11 22
002018 10 12 22
601311 11 10 21
600201 12 9 21
300145 11 10 21
000776 8 13 21
601799 11 10 21
600770 14 7 21
300188 11 10 21
002604 10 11 21
600267 10 11 21
000530 10 11 21
600073 5 16 21
002294 9 12 21
000525 8 13 21
002489 10 10 20
601336 11 9 20
002311 13 7 20
300265 11 9 20
600158 9 11 20
002690 11 9 20
000592 13 7 20
300088 9 11 20
600401 14 6 20
002179 13 7 20
300034 11 9 20
600729 9 11 20
002281 9 11 20
300203 14 6 20
002157 11 9 20
300011 15 5 20
600708 12 8 20
600027 9 11 20
000656 11 9 20
601186 7 12 19
000401 12 7 19
300245 11 8 19
601688 9 10 19
300055 7 12 19
000939 10 9 19
600572 12 7 19
000748 8 11 19
600976 9 10 19
300142 9 10 19
600704 7 12 19
601028 7 12 19
002712 10 9 19
300195 14 5 19
000547 11 8 19
000999 6 13 19
300335 9 10 19
600290 12 7 19
600713 11 8 19
002349 12 7 19
601515 13 6 19
603005 13 6 19
300078 9 9 18
002325 12 6 18
600827 1 17 18
300267 14 4 18
002303 7 11 18
002411 10 8 18
002514 10 8 18
002215 12 6 18
002433 14 4 18
002432 7 11 18
300094 10 8 18
300165 10 8 18
002402 10 8 18
600438 11 7 18
300171 12 6 18
000726 8 10 18
601126 4 14 18
002572 11 7 18
601700 11 7 18
000669 12 6 18
000060 10 8 18
601519 9 9 18
002344 5 13 18
601088 9 9 18
600596 6 12 18
002460 10 7 17
002497 12 5 17
601333 6 11 17
300285 10 7 17
002207 10 7 17
600369 7 10 17
002539 12 5 17
000620 6 11 17
002231 9 8 17
002520 9 8 17
600527 7 10 17
000553 10 7 17
600410 11 6 17
300357 9 8 17
300351 11 6 17
300036 9 8 17
002595 11 6 17
600054 11 6 17
300224 10 7 17
002340 11 6 17
002017 9 8 17
300073 12 4 16
300118 7 9 16
002253 5 11 16
000418 5 11 16
000786 8 8 16
600839 7 9 16
603308 8 8 16
600993 10 6 16
600697 8 8 16
002158 8 8 16
600420 7 9 16
000709 9 7 16
300347 8 8 16
000957 9 7 16
000732 8 8 16
300190 10 6 16
601939 7 9 16
300032 12 4 16
600651 11 5 16
002369 10 6 16
002630 3 13 16
002642 10 6 16
000888 9 7 16
002126 7 9 16
300257 8 7 15
600582 9 6 15
002665 14 1 15
600009 7 8 15
300293 7 8 15
002446 9 6 15
300288 9 6 15
300130 9 6 15
002055 8 7 15
002516 9 6 15
002197 7 8 15
002501 5 10 15
300096 11 4 15
002080 6 9 15
600180 8 7 15
600237 8 7 15
000716 9 6 15
300370 8 7 15
601179 11 4 15
600757 10 5 15
600521 3 12 15
600067 7 8 15
002577 8 7 15
300338 7 8 15
000521 7 8 15
002583 10 5 15
600388 2 13 15
002648 4 11 15
002348 9 6 15
000099 6 8 14
600206 7 7 14
600429 7 7 14
300383 8 6 14
002227 5 9 14
000801 9 5 14
002235 7 7 14
000921 7 7 14
000829 8 6 14
300197 3 11 14
300324 6 8 14
300038 7 7 14
300339 9 5 14
300337 9 5 14
300025 10 4 14
002296 8 6 14
600900 7 7 14
300259 4 9 13
002334 5 8 13
002060 7 6 13
600547 6 7 13
600019 9 4 13
600208 2 11 13
300149 5 8 13
600562 7 6 13
600875 9 4 13
600171 3 10 13
300371 7 6 13
002234 7 6 13
002140 3 10 13
002178 8 5 13
600398 9 4 13
600460 7 6 13
000728 7 6 13
300028 9 4 13
002367 3 10 13
002354 10 3 13
300223 10 3 13
300312 9 4 13
002129 5 8 13
600858 6 6 12
600329 7 5 12
002663 2 10 12
600820 7 5 12
600824 6 6 12
600316 6 6 12
000789 6 6 12
300050 8 4 12
002683 5 7 12
002449 6 6 12
002698 8 4 12
600149 7 5 12
000009 7 5 12
002431 2 10 12
600990 5 7 12
300368 7 5 12
600694 4 8 12
600343 7 5 12
300084 8 4 12
000906 8 4 12
600409 6 6 12
600742 9 3 12
300353 7 5 12
600390 6 6 12
300217 6 6 12
300210 6 6 12
600728 3 9 12
002286 6 6 12
300235 7 5 12
300309 6 6 12
600702 3 9 12
002131 6 6 12
600056 3 9 12
300004 6 6 12
600111 5 7 12
600612 6 5 11
002469 6 5 11
002327 5 6 11
002329 7 4 11
601208 7 4 11
002305 4 7 11
600217 7 4 11
000778 4 7 11
000006 4 7 11
002216 6 5 11
600685 4 7 11
002183 7 4 11
600199 5 6 11
002532 6 5 11
600166 4 7 11
000705 6 5 11
300184 5 6 11
300348 7 4 11
300196 5 6 11
601600 6 5 11
300329 6 5 11
002571 6 5 11
300301 6 5 11
300076 5 5 10
002245 7 3 10
600617 7 3 10
600037 10 0 10
002462 7 3 10
300068 5 5 10
000901 5 5 10
002326 6 4 10
601238 3 7 10
600485 4 6 10
002678 6 4 10
300052 5 5 10
300126 5 5 10
002266 8 2 10
600498 4 6 10
600010 5 5 10
300041 5 5 10
300047 7 3 10
002483 6 4 10
600151 4 6 10
000430 4 6 10
600575 5 5 10
600325 4 6 10
601818 6 4 10
002727 10 0 10
002726 9 1 10
600426 3 7 10
600983 7 3 10
000816 5 5 10
002709 7 3 10
000700 5 5 10
002553 5 5 10
600749 7 3 10
601928 4 6 10
601929 4 6 10
300199 7 3 10
002549 4 6 10
600640 5 5 10
300033 5 5 10
601258 4 6 10
000061 2 8 10
300209 5 5 10
600716 5 5 10
600863 3 7 10
000511 6 4 10
600038 4 5 9
002467 4 5 9
300066 2 7 9
002078 5 4 9
601009 7 2 9
002587 5 4 9
600497 7 2 9
600125 4 5 9
300284 5 4 9
600375 6 3 9
002453 5 4 9
600970 8 1 9
000766 5 4 9
002226 1 8 9
002089 7 2 9
600439 2 7 9
300085 4 5 9
300080 4 5 9
600298 4 5 9
000566 4 5 9
002496 6 3 9
300358 4 5 9
002547 6 3 9
002280 5 4 9
000536 4 5 9
002563 6 3 9
002567 3 6 9
600869 6 3 9
002100 3 6 9
002646 2 7 9
300316 6 3 9
000503 4 5 9
002013 5 4 9
000877 6 3 9
601699 3 5 8
600100 5 3 8
300241 3 5 8
002255 3 5 8
600489 4 4 8
002675 4 4 8
000783 2 6 8
002310 1 7 8
000338 4 4 8
603168 8 0 8
002056 7 1 8
002142 4 4 8
600363 4 4 8
300151 3 5 8
002509 5 3 8
300386 8 0 8
601000 5 3 8
002700 3 5 8
601100 2 6 8
002392 5 3 8
600526 4 4 8
300194 5 3 8
000725 4 4 8
300215 4 4 8
300213 7 1 8
002573 4 4 8
002029 4 4 8
002626 4 4 8
300331 6 2 8
002566 5 3 8
000528 4 4 8
600677 4 4 8
600674 1 7 8
000883 5 3 8
000937 3 5 8
300229 4 4 8
300001 4 4 8
600845 3 5 8
000501 4 4 8
001696 4 4 8
600337 4 4 8
002658 4 4 8
300250 5 2 7
300258 5 2 7
002339 4 3 7
600616 3 4 7
002069 4 3 7
603369 7 0 7
600825 3 4 7
002070 4 3 7
600481 2 5 7
300299 7 0 7
002269 6 1 7
002264 3 4 7
002441 4 3 7
600157 3 4 7
300140 2 5 7
002192 4 3 7
002194 5 2 7
002198 3 4 7
002427 4 3 7
600216 2 5 7
300158 4 3 7
300154 4 3 7
002184 4 3 7
600192 4 3 7
002438 4 3 7
000012 3 4 7
600509 4 3 7
002719 3 4 7
300378 3 4 7
600754 2 5 7
000965 4 3 7
600405 3 4 7
002554 3 4 7
002391 2 5 7
002176 6 1 7
600648 3 4 7
600063 5 2 7
600391 4 3 7
300218 3 4 7
300216 3 4 7
002115 4 3 7
002025 4 3 7
002032 4 3 7
002586 4 3 7
002589 4 3 7
000880 4 3 7
300222 5 2 7
002342 3 4 7
300071 1 5 6
601678 3 3 6
002488 4 2 6
601058 3 3 6
300119 1 5 6
002254 3 3 6
600480 3 3 6
600552 1 5 6
000788 4 2 6
002315 4 2 6
300121 4 2 6
300127 4 2 6
002447 3 3 6
300048 3 3 6
002276 4 2 6
601225 4 2 6
600791 1 5 6
600378 3 3 6
600377 4 2 6
002695 3 3 6
002458 6 0 6
002206 3 3 6
002519 5 1 6
601369 3 3 6
002195 4 2 6
600688 2 4 6
600176 4 2 6
002180 3 3 6
600425 3 3 6
300385 6 0 6
300382 3 3 6
000016 3 3 6
600995 3 3 6
300098 4 2 6
002221 2 4 6
600162 2 4 6
600161 2 4 6
000807 3 3 6
002713 4 2 6
600432 3 3 6
300086 5 1 6
300373 2 4 6
600755 3 3 6
002412 4 2 6
002090 3 3 6
002707 4 2 6
300349 2 4 6
002398 3 3 6
600529 2 4 6
600737 3 3 6
600086 2 4 6
002618 3 3 6
000839 3 3 6
000050 4 2 6
002282 3 3 6
002599 4 2 6
002568 2 4 6
002101 5 1 6
002293 3 3 6
601717 3 3 6
002639 3 3 6
600285 3 3 6
300302 3 3 6
601899 3 3 6
000887 1 5 6
300227 3 3 6
300318 5 1 6
300007 4 2 6
600114 3 3 6
600387 0 6 6
300254 2 3 5
002332 2 3 5
002481 4 1 5
002244 2 3 5
601218 4 1 5
300247 3 2 5
600486 2 3 5
000415 2 3 5
600318 3 2 5
600551 3 2 5
300297 3 2 5
601233 5 0 5
600495 2 3 5
600018 1 4 5
000697 3 2 5
002144 4 1 5
300148 2 3 5
000911 4 1 5
000597 3 2 5
000590 2 3 5
300159 2 3 5
600680 2 3 5
000587 3 2 5
600428 2 3 5
300161 2 3 5
600184 2 3 5
002155 4 1 5
000571 3 2 5
000021 3 2 5
300375 2 3 5
600750 2 3 5
002099 2 3 5
000812 3 2 5
000639 1 4 5
300187 1 4 5
000920 4 1 5
000731 1 4 5
002602 3 2 5
002383 3 2 5
600889 2 3 5
002169 3 2 5
600645 3 2 5
600642 2 3 5
000543 2 3 5
600897 3 2 5
002118 4 1 5
002283 3 2 5
600475 2 3 5
300336 4 1 5
002037 1 4 5
000987 3 2 5
000983 3 2 5
000852 3 2 5
300310 4 1 5
002345 4 1 5
002341 4 1 5
600598 3 2 5
000652 2 3 5
000650 1 4 5
002637 0 5 5
600280 0 5 5
002650 0 5 5
600783 1 3 4
002480 2 2 4
002661 4 0 4
300240 3 1 4
300067 2 2 4
601669 2 2 4
002491 3 1 4
002079 2 2 4
600482 2 2 4
600131 2 2 4
002476 3 1 4
002318 2 2 4
002316 4 0 4
002313 3 1 4
600833 2 2 4
002267 3 1 4
002045 3 1 4
600545 2 2 4
000687 2 2 4
600546 2 2 4
000750 1 3 4
300261 3 1 4
603766 2 2 4
300282 2 2 4
002308 2 2 4
002306 4 0 4
600805 1 3 4
300131 1 3 4
002691 2 2 4
600812 2 2 4
600816 2 2 4
601788 3 1 4
600141 1 3 4
600362 2 2 4
002428 2 2 4
600965 2 2 4
600173 2 2 4
002186 2 2 4
600195 1 3 4
300169 4 0 4
300362 2 2 4
002228 3 1 4
600765 2 2 4
600760 2 2 4
600183 4 0 4
000572 2 2 4
000905 3 1 4
000903 3 1 4
300176 2 2 4
300376 2 2 4
000908 2 2 4
002232 2 2 4
002522 3 1 4
002419 1 3 4
600249 4 0 4
002706 2 2 4
000638 2 2 4
000950 2 2 4
000600 2 2 4
000045 2 2 4
300356 2 2 4
601111 2 2 4
002381 2 2 4
600731 2 2 4
600084 2 2 4
000948 2 2 4
600395 2 2 4
002612 1 3 4
000831 2 2 4
000616 2 2 4
000059 1 3 4
002576 3 1 4
002377 2 2 4
002372 1 3 4
600655 2 2 4
600656 2 2 4
002021 3 1 4
002623 3 1 4
002562 3 1 4
601390 2 2 4
002107 1 3 4
600663 2 2 4
600664 2 2 4
002631 1 3 4
000673 3 1 4
300233 4 0 4
300306 3 1 4
600673 3 1 4
600059 1 3 4
600459 2 2 4
600458 1 3 4
600230 2 2 4
002643 1 3 4
002124 2 2 4
600021 1 3 4
600026 2 2 4
002011 1 3 4
600112 2 2 4
002651 3 1 4
002654 2 2 4
000898 2 2 4
002251 0 4 4
000157 2 1 3
002331 2 1 3
002335 3 0 3
300106 1 2 3
300102 1 2 3
600589 1 2 3
002660 2 1 3
603699 2 1 3
300064 2 1 3
300114 2 1 3
002076 1 2 3
000416 2 1 3
002478 2 1 3
300056 2 1 3
300057 1 2 3
600638 1 2 3
002044 1 2 3
600129 2 1 3
300262 2 1 3
300044 2 1 3
300281 2 1 3
600803 1 2 3
300139 1 2 3
600797 2 1 3
002697 2 1 3
002693 2 1 3
600811 1 2 3
600213 2 1 3
000960 2 1 3
000004 2 1 3
603328 3 0 3
600873 1 2 3
600683 1 2 3
600197 2 1 3
601801 2 1 3
600448 2 1 3
300365 1 2 3
002533 2 1 3
600167 2 1 3
600500 1 2 3
000573 2 1 3
002715 2 1 3
002718 1 2 3
000020 1 2 3
000027 2 1 3
002141 1 2 3
002095 1 2 3
300180 2 1 3
300346 1 2 3
002552 2 1 3
002559 3 0 3
002393 1 2 3
601618 2 1 3
002177 2 1 3
600259 1 2 3
000555 2 1 3
000040 2 1 3
300355 1 2 3
002541 3 0 3
002543 2 1 3
002380 2 1 3
002387 2 1 3
600064 3 0 3
600068 2 1 3
002617 2 1 3
002619 2 1 3
300328 2 1 3
300327 2 1 3
000411 1 2 3
600098 1 2 3
600658 2 1 3
600479 1 2 3
600478 1 2 3
600476 2 1 3
600277 2 1 3
002106 1 2 3
002298 3 0 3
600666 1 2 3
002582 3 0 3
600283 2 1 3
300236 2 1 3
002350 1 2 3
600057 2 1 3
000869 1 2 3
600029 2 1 3
600023 2 1 3
002010 1 2 3
600115 2 1 3
002657 3 0 3
603006 3 0 3
002338 0 3 3
300123 0 3 3
600810 0 3 3
601798 0 3 3
600177 0 3 3
600221 0 3 3
600997 0 3 3
002159 0 3 3
300087 0 3 3
300181 0 3 3
601718 1 1 2
000529 1 1 2
600360 1 1 2
600367 1 1 2
300108 2 0 2
002486 1 1 2
002240 1 1 2
600611 1 1 2
600613 1 1 2
601216 1 1 2
600031 1 1 2
600033 2 0 2
600035 1 1 2
600322 1 1 2
000792 1 1 2
000797 1 1 2
000799 1 1 2
002321 2 0 2
002323 1 1 2
002494 1 1 2
002072 1 1 2
600135 2 0 2
600137 1 1 2
600310 1 1 2
600313 2 0 2
002472 1 1 2
600007 2 0 2
000301 1 1 2
000780 1 1 2
601991 1 1 2
300272 2 0 2
300292 1 1 2
601001 1 1 2
300120 1 1 2
002260 1 1 2
600630 1 1 2
002042 2 0 2
002043 2 0 2
600123 1 1 2
000425 1 1 2
000420 1 1 2
600302 1 1 2
002686 1 1 2
002681 1 1 2
600012 2 0 2
603167 1 1 2
600392 1 1 2
002302 1 1 2
300134 1 1 2
002272 1 1 2
002053 1 1 2
002052 2 0 2
600796 1 1 2
600370 1 1 2
002694 1 1 2
002692 1 1 2
600573 1 1 2
600202 1 1 2
600209 1 1 2
002417 1 1 2
300141 1 1 2
600327 1 1 2
600148 1 1 2
600781 1 1 2
002199 1 1 2
600241 1 1 2
002424 1 1 2
600215 1 1 2
600211 1 1 2
600219 1 1 2
000599 1 1 2
002210 1 1 2
002218 1 1 2
600778 1 1 2
600513 2 0 2
600510 1 1 2
000586 1 1 2
002721 1 1 2
600356 1 1 2
002188 1 1 2
603555 1 1 2
300380 1 1 2
603333 1 1 2
300091 2 0 2
300167 1 1 2
300366 1 1 2
300360 1 1 2
600160 1 1 2
600188 2 0 2
002154 2 0 2
601588 1 1 2
600507 1 1 2
002717 1 1 2
000979 1 1 2
000710 1 1 2
000626 1 1 2
000623 1 1 2
000026 2 0 2
600986 1 1 2
600354 1 1 2
300172 1 1 2
300372 1 1 2
002233 1 1 2
601177 1 1 2
002524 1 1 2
002143 1 1 2
600537 1 1 2
002098 1 1 2
000818 1 1 2
000815 1 1 2
600243 1 1 2
000561 1 1 2
002702 2 0 2
000969 1 1 2
000703 1 1 2
000630 1 1 2
002442 1 1 2
601918 1 1 2
300186 1 1 2
300340 1 1 2
002597 1 1 2
600523 1 1 2
600250 1 1 2
600419 1 1 2
000738 1 1 2
002606 1 1 2
000605 2 0 2
000608 1 1 2
000609 1 1 2
300198 1 1 2
300191 1 1 2
300192 1 1 2
601118 2 0 2
002540 2 0 2
002388 1 1 2
002164 1 1 2
600399 1 1 2
600393 1 1 2
002615 1 1 2
002613 1 1 2
000836 1 1 2
000612 1 1 2
000610 1 1 2
000058 1 1 2
000055 2 0 2
600898 1 1 2
000821 1 1 2
002119 1 1 2
002116 1 1 2
002287 1 1 2
002284 1 1 2
000539 2 0 2
600386 1 1 2
600380 1 1 2
000993 1 1 2
000995 1 1 2
300204 2 0 2
300201 1 1 2
300022 1 1 2
002569 1 1 2
002365 1 1 2
002361 1 1 2
600719 1 1 2
600717 2 0 2
002290 1 1 2
600668 1 1 2
600662 1 1 2
000526 1 1 2
002636 1 1 2
600289 1 1 2
600707 2 0 2
002136 1 1 2
002133 1 1 2
002006 1 1 2
000802 1 1 2
002644 1 1 2
600293 1 1 2
300221 1 1 2
600423 1 1 2
002362 2 0 2
300314 1 1 2
300009 2 0 2
002347 1 1 2
600843 1 1 2
600844 1 1 2
000892 1 1 2
002655 1 1 2
601880 2 0 2
603001 1 1 2
000893 1 1 2
600851 0 2 2
300107 0 2 2
002324 0 2 2
600628 0 2 2
600139 0 2 2
600303 0 2 2
000690 0 2 2
600818 0 2 2
600143 0 2 2
600780 0 2 2
601158 0 2 2
002151 0 2 2
600248 0 2 2
000926 0 2 2
002171 0 2 2
002607 0 2 2
000830 0 2 2
000665 0 2 2
603077 0 2 2
000982 0 2 2
300019 0 2 2
002014 0 2 2
300256 1 0 1
002330 1 0 1
600854 1 0 1
300103 1 0 1
002243 1 0 1
600619 1 0 1
000409 1 0 1
002666 1 0 1
002662 1 0 1
002669 1 0 1
603366 1 0 1
300061 1 0 1
600822 1 0 1
600487 1 0 1
600133 1 0 1
600311 1 0 1
600005 1 0 1
300053 1 0 1
300290 1 0 1
300122 1 0 1
000933 1 0 1
600307 1 0 1
002684 1 0 1
002445 1 0 1
000680 1 0 1
600543 1 0 1
600461 1 0 1
300046 1 0 1
002270 1 0 1
002050 1 0 1
002059 1 0 1
600577 1 0 1
600365 1 0 1
002420 1 0 1
000593 1 0 1
000410 1 0 1
000777 1 0 1
600969 1 0 1
600178 1 0 1
002182 1 0 1
600777 1 0 1
600774 1 0 1
600226 1 0 1
000582 1 0 1
000589 1 0 1
600355 1 0 1
600353 1 0 1
600779 1 0 1
300387 1 0 1
600055 1 0 1
600992 1 0 1
601018 1 0 1
002224 1 0 1
002536 1 0 1
002401 1 0 1
600233 1 0 1
002716 1 0 1
000973 1 0 1
000711 1 0 1
000150 1 0 1
300082 1 0 1
600985 1 0 1
300173 1 0 1
300175 1 0 1
300179 1 0 1
002147 1 0 1
600530 1 0 1
600531 1 0 1
002093 1 0 1
000962 1 0 1
000635 1 0 1
000032 1 0 1
603993 1 0 1
600071 1 0 1
002556 1 0 1
600746 1 0 1
600745 1 0 1
600251 1 0 1
600094 1 0 1
300193 1 0 1
002546 1 0 1
002548 1 0 1
600734 1 0 1
600735 1 0 1
002165 1 0 1
000540 1 0 1
600468 1 0 1
000833 1 0 1
002578 1 0 1
600258 1 0 1
600896 1 0 1
600650 1 0 1
002621 1 0 1
300208 1 0 1
300200 1 0 1
601139 1 0 1
002102 1 0 1
000679 1 0 1
000863 1 0 1
000922 1 0 1
002351 1 0 1
002137 1 0 1
002130 1 0 1
600058 1 0 1
600456 1 0 1
600455 1 0 1
000089 1 0 1
600346 1 0 1
300311 1 0 1
600333 1 0 1
600331 1 0 1
600785 0 1 1
000918 0 1 1
600850 0 1 1
300105 0 1 1
600581 0 1 1
000902 0 1 1
002322 0 1 1
600823 0 1 1
600828 0 1 1
002259 0 1 1
002252 0 1 1
600629 0 1 1
002473 0 1 1
002479 0 1 1
600008 0 1 1
000785 0 1 1
300279 0 1 1
300270 0 1 1
300125 0 1 1
002689 0 1 1
000759 0 1 1
300132 0 1 1
002277 0 1 1
002592 0 1 1
002452 0 1 1
601958 0 1 1
600971 0 1 1
002512 0 1 1
002510 0 1 1
002426 0 1 1
601566 0 1 1
600218 0 1 1
600687 0 1 1
002503 0 1 1
600172 0 1 1
600771 0 1 1
600191 0 1 1
600516 0 1 1
600223 0 1 1
000584 0 1 1
002222 0 1 1
600168 0 1 1
002156 0 1 1
600502 0 1 1
600239 0 1 1
000809 0 1 1
600435 0 1 1
600345 0 1 1
000978 0 1 1
000488 0 1 1
600984 0 1 1
002239 0 1 1
002237 0 1 1
600403 0 1 1
002288 0 1 1
600096 0 1 1
000031 0 1 1
600077 0 1 1
601101 0 1 1
601616 0 1 1
002173 0 1 1
600520 0 1 1
002598 0 1 1
000959 0 1 1
000951 0 1 1
000952 0 1 1
000601 0 1 1
601113 0 1 1
600088 0 1 1
000545 0 1 1
600397 0 1 1
300031 0 1 1
002112 0 1 1
600099 0 1 1
600072 0 1 1
002625 0 1 1
300333 0 1 1
002564 0 1 1
002291 0 1 1
000524 0 1 1
002588 0 1 1
000856 0 1 1
000506 0 1 1
600433 0 1 1
002139 0 1 1
600675 0 1 1
000519 0 1 1
002003 0 1 1
601898 0 1 1
000932 0 1 1
601872 0 1 1
600592 0 1 1
600595 0 1 1
600608 0 1 1
