600036 89 77 166
600028 79 80 159
000002 63 74 137
000063 55 66 121
600900 40 72 112
600009 37 68 105
600016 46 59 105
000069 51 48 99
600050 37 59 96
000858 43 36 79
600519 34 43 77
600000 31 44 75
600030 37 34 71
000060 38 31 69
000402 31 38 69
600887 40 29 69
600331 36 33 69
600320 34 34 68
002024 38 27 65
600019 24 41 65
600879 38 25 63
600694 36 27 63
600037 28 34 62
600688 28 33 61
600583 20 38 58
600348 26 32 58
000898 30 26 56
000792 30 23 53
600309 24 26 50
000039 35 8 43
000024 21 20 41
600547 20 20 40
600361 23 16 39
000538 20 19 39
600316 22 15 37
600489 17 19 36
600018 11 25 36
000839 23 13 36
600795 19 16 35
600205 15 20 35
600033 15 20 35
600269 11 24 35
600761 18 16 34
600717 17 16 33
000983 15 18 33
600123 15 18 33
000157 21 11 32
600271 15 16 31
600456 20 11 31
600549 12 19 31
600183 17 14 31
600415 15 15 30
600616 20 10 30
600015 11 19 30
000970 17 13 30
000568 17 12 29
600362 16 13 29
600005 14 15 29
600596 8 21 29
000625 16 12 28
600150 14 13 27
600811 14 13 27
600832 10 17 27
600406 16 10 26
600660 14 12 26
000895 14 12 26
000630 11 14 25
000825 19 6 25
000900 12 13 25
600296 14 11 25
600585 11 14 25
000869 12 12 24
000528 10 14 24
600418 11 13 24
600809 13 11 24
000088 11 12 23
600089 10 13 23
600151 15 7 22
600383 10 12 22
600636 10 12 22
600085 7 15 22
000423 11 11 22
600010 10 12 22
000758 13 9 22
000729 13 9 22
000061 13 8 21
000410 16 5 21
000651 8 13 21
002025 9 11 20
600855 10 9 19
600001 11 8 19
600497 7 12 19
600472 10 8 18
600177 8 10 18
600330 10 8 18
000027 8 9 17
600031 12 5 17
600104 11 6 17
600739 12 5 17
600628 6 11 17
000866 4 13 17
000911 3 13 16
600535 8 8 16
600312 10 6 16
000768 11 5 16
600125 7 9 16
000619 9 7 16
600270 4 11 15
600276 8 7 15
000960 6 9 15
000617 8 7 15
600118 7 8 15
000807 9 6 15
000629 9 5 14
600859 10 4 14
000709 10 4 14
000400 10 4 14
000001 8 6 14
600550 8 6 14
600875 7 7 14
600675 7 7 14
600299 6 8 14
000012 7 7 14
600600 3 11 14
000927 7 6 13
600002 4 9 13
600582 9 4 13
600533 5 8 13
000852 8 5 13
600642 4 9 13
600308 3 10 13
000878 8 5 13
000488 7 6 13
000623 9 3 12
600895 6 6 12
000997 7 5 12
600588 6 6 12
600718 6 6 12
000031 5 7 12
600787 8 4 12
000917 9 3 12
600219 6 6 12
600685 8 4 12
600426 6 6 12
600831 7 5 12
000932 4 8 12
600011 2 10 12
000612 5 7 12
600029 5 7 12
600438 5 7 12
600584 4 8 12
000021 5 6 11
600350 8 3 11
000951 6 5 11
600008 2 9 11
600196 7 4 11
600835 7 4 11
600066 4 7 11
000930 6 5 11
600460 4 7 11
600161 8 3 11
600035 4 6 10
600143 6 4 10
600963 7 3 10
600416 6 4 10
000956 4 6 10
600058 5 5 10
000581 4 6 10
600423 5 5 10
600420 3 7 10
600631 8 2 10
000933 5 5 10
600597 6 4 10
002027 4 5 9
600360 6 3 9
600475 5 4 9
600202 3 6 9
600858 5 4 9
600325 7 2 9
600563 5 4 9
000987 6 3 9
600521 4 5 9
600256 4 5 9
000550 8 1 9
600677 6 3 9
000089 4 5 9
002041 3 6 9
000616 7 2 9
600598 4 5 9
600764 5 4 9
000099 5 3 8
600755 5 3 8
600289 4 4 8
600886 2 6 8
600004 1 7 8
600410 3 5 8
002008 5 3 8
000680 5 3 8
002029 5 2 7
600327 4 3 7
600970 2 5 7
600973 4 3 7
600740 5 2 7
600176 4 3 7
600880 6 1 7
600436 3 4 7
000837 6 1 7
600160 1 6 7
600026 2 5 7
600439 4 3 7
000831 3 3 6
600096 2 4 6
600386 4 2 6
600863 3 3 6
600282 4 2 6
000006 5 1 6
600132 3 3 6
600060 2 4 6
600172 3 3 6
600054 3 3 6
002001 2 4 6
600236 3 3 6
600220 3 3 6
000767 3 3 6
000762 3 3 6
600012 2 4 6
000759 4 2 6
600592 2 4 6
600594 3 3 6
000050 3 3 6
600188 2 4 6
000800 1 5 6
000708 2 3 5
600153 1 4 5
000022 1 4 5
600710 2 3 5
600786 4 1 5
002038 3 2 5
600216 2 3 5
000598 3 2 5
600627 2 3 5
600006 3 2 5
000733 4 1 5
000608 4 1 5
002007 3 2 5
600302 3 2 5
600639 3 2 5
600084 4 1 5
600260 3 2 5
600261 4 1 5
600262 2 3 5
600595 3 2 5
000541 0 5 5
600893 3 1 4
600075 3 1 4
002021 3 1 4
000100 2 2 4
002028 3 1 4
000690 2 2 4
600322 3 1 4
601988 4 0 4
002037 2 2 4
002032 3 1 4
002039 2 2 4
600825 2 2 4
600741 2 2 4
600525 4 0 4
600138 2 2 4
600315 3 1 4
600686 3 1 4
000761 2 2 4
002045 1 3 4
002046 3 1 4
000937 3 1 4
600690 2 2 4
600432 3 1 4
000978 4 0 4
000657 3 1 4
600808 1 3 4
000829 1 2 3
600729 1 2 3
000833 2 1 3
600790 2 1 3
000539 1 2 3
600078 1 2 3
002023 1 2 3
600572 2 1 3
600366 1 2 3
000848 3 0 3
600102 2 1 3
600249 2 1 3
000963 2 1 3
000969 1 2 3
000406 2 1 3
000910 3 0 3
000569 1 2 3
600211 2 1 3
600824 1 2 3
600748 2 1 3
600485 1 2 3
600317 1 2 3
000822 1 2 3
000826 1 2 3
600468 1 2 3
600088 2 1 3
600779 1 2 3
600775 1 2 3
600195 2 1 3
600258 1 2 3
600881 1 2 3
600888 3 0 3
600491 2 1 3
600649 2 1 3
600064 1 2 3
600062 1 2 3
600307 2 1 3
000876 1 2 3
600693 3 0 3
600697 2 1 3
600590 3 0 3
600500 2 1 3
600502 1 2 3
600332 2 1 3
600377 0 3 3
600557 0 3 3
600337 0 3 3
000972 2 0 2
600724 1 1 2
000028 2 0 2
600792 1 1 2
600651 1 1 2
000533 1 1 2
600378 1 1 2
000928 1 1 2
600372 1 1 2
002022 2 0 2
600479 2 0 2
600007 1 1 2
000958 1 1 2
600581 1 1 2
600754 1 1 2
000811 1 1 2
000707 1 1 2
600867 2 0 2
000522 1 1 2
600363 1 1 2
600449 1 1 2
600162 1 1 2
600218 1 1 2
600099 1 1 2
600736 1 1 2
600829 2 0 2
600737 2 0 2
000511 1 1 2
600637 1 1 2
600022 1 1 2
000823 1 1 2
600571 1 1 2
600555 2 0 2
000783 2 0 2
000786 1 1 2
000602 2 0 2
600871 1 1 2
600872 1 1 2
600815 1 1 2
600117 1 1 2
600777 1 1 2
600459 2 0 2
600517 2 0 2
000906 1 1 2
000938 1 1 2
000939 2 0 2
600643 1 1 2
600467 2 0 2
600397 1 1 2
000686 1 1 2
600268 2 0 2
000755 2 0 2
600591 1 1 2
000503 2 0 2
000501 2 0 2
002014 1 1 2
002010 1 1 2
600230 1 1 2
000652 1 1 2
600806 1 1 2
002051 0 2 2
000926 0 2 2
000662 0 2 2
600580 0 2 2
600323 0 2 2
600328 0 2 2
000527 0 2 2
002031 0 2 2
000513 0 2 2
600221 0 2 2
600428 0 2 2
600837 0 2 2
600723 1 0 1
002052 1 0 1
600094 1 0 1
600655 1 0 1
000531 1 0 1
600298 1 0 1
600352 1 0 1
600392 1 0 1
000695 1 0 1
600611 1 0 1
000819 1 0 1
600978 1 0 1
000793 1 0 1
600861 1 0 1
600149 1 0 1
002030 1 0 1
600371 1 0 1
600820 1 0 1
600742 1 0 1
600622 1 0 1
600408 1 0 1
600528 1 0 1
600965 1 0 1
000301 1 0 1
600122 1 0 1
600197 1 0 1
600052 1 0 1
600458 1 0 1
600511 1 0 1
000549 1 0 1
600884 1 0 1
600630 1 0 1
002049 1 0 1
600343 1 0 1
600067 1 0 1
000727 1 0 1
000726 1 0 1
000682 1 0 1
600267 1 0 1
000897 1 0 1
600548 1 0 1
600184 1 0 1
600110 1 0 1
600435 1 0 1
000718 1 0 1
000717 1 0 1
000155 0 1 1
000090 0 1 1
002020 0 1 1
000998 0 1 1
600750 0 1 1
600536 0 1 1
000962 0 1 1
600405 0 1 1
600812 0 1 1
600814 0 1 1
000401 0 1 1
600662 0 1 1
600664 0 1 1
000919 0 1 1
600367 0 1 1
002033 0 1 1
600569 0 1 1
600217 0 1 1
000988 0 1 1
600827 0 1 1
600481 0 1 1
600529 0 1 1
600318 0 1 1
600708 0 1 1
600059 0 1 1
600512 0 1 1
600834 0 1 1
000422 0 1 1
600495 0 1 1
600498 0 1 1
600087 0 1 1
000429 0 1 1
600305 0 1 1
600993 0 1 1
600391 0 1 1
600396 0 1 1
000725 0 1 1
000618 0 1 1
600601 0 1 1
600508 0 1 1
600114 0 1 1
600482 0 1 1
000806 0 1 1
000875 0 1 1
000655 0 1 1
000715 0 1 1
000036 0 1 1
