600585 130 123 253
601318 87 150 237
600036 142 93 235
601166 103 106 209
600000 130 70 200
600031 91 78 169
000858 94 71 165
600048 92 72 164
600362 70 94 164
000063 86 76 162
600030 94 68 162
600519 94 68 162
601601 84 78 162
600016 96 60 156
601699 73 82 155
601088 105 46 151
000401 67 72 139
000983 58 81 139
600050 74 64 138
600383 76 60 136
000568 75 61 136
000002 69 67 136
000937 65 71 136
000157 86 49 135
000527 75 55 130
002024 59 63 122
000630 50 68 118
600068 52 66 118
000651 71 44 115
600104 67 41 108
000039 46 61 107
600887 55 52 107
600015 65 35 100
601006 61 37 98
000629 62 34 96
601766 42 54 96
000877 51 45 96
600309 53 41 94
000895 41 53 94
000680 44 49 93
601299 38 53 91
000423 38 51 89
002106 37 50 87
600875 33 54 87
600123 33 51 84
600739 39 44 83
601288 55 27 82
600970 39 43 82
600395 40 42 82
600518 36 43 79
000001 46 32 78
601668 57 21 78
600111 31 45 76
600028 41 30 71
002001 43 26 69
601169 28 41 69
600188 43 25 68
600425 37 30 67
601111 22 45 67
600089 32 35 67
000528 37 29 66
600376 36 29 65
601117 33 32 65
000425 20 45 65
600809 33 32 65
002073 34 30 64
600537 31 32 63
600406 26 37 63
000792 33 30 63
000581 29 33 62
600029 33 29 62
601009 34 27 61
000338 32 29 61
000069 33 26 59
601989 25 34 59
600418 32 27 59
600348 24 35 59
600415 21 37 58
000933 33 25 58
600690 27 31 58
600720 30 27 57
600276 25 32 57
600019 36 21 57
600150 33 23 56
000024 32 24 56
002155 22 33 55
600497 30 22 52
600125 20 32 52
000012 18 34 52
002008 24 27 51
600581 32 18 50
600256 19 31 50
002304 21 29 50
000538 23 26 49
002142 28 21 49
601607 19 30 49
600805 28 20 48
600547 21 27 48
002202 13 34 47
601101 25 22 47
600498 17 30 47
600660 23 23 46
000422 19 27 46
600694 22 24 46
002146 24 21 45
600216 28 17 45
600271 24 19 43
601808 17 26 43
000960 18 24 42
601857 21 21 42
601106 19 23 42
600009 27 14 41
000729 19 22 41
600801 22 19 41
600600 15 25 40
600079 22 18 40
600458 18 22 40
000540 19 21 40
601888 18 22 40
000060 14 24 38
002038 19 19 38
000887 16 22 38
600066 21 17 38
600997 19 19 38
000926 18 19 37
600535 16 21 37
600837 20 16 36
600176 21 15 36
002006 17 19 36
601168 15 21 36
000800 14 22 36
600267 15 20 35
000998 11 24 35
002123 16 19 35
000400 19 15 34
601628 10 23 33
600664 8 25 33
000778 20 13 33
600741 15 18 33
000009 10 23 33
600795 22 10 32
601186 16 16 32
601678 16 16 32
600742 15 17 32
600496 12 20 32
600060 19 13 32
600266 20 12 32
000623 20 11 31
600859 21 10 31
000759 14 17 31
002081 12 19 31
000789 14 17 31
002007 16 15 31
600231 17 14 31
600426 17 14 31
600096 11 19 30
600582 18 12 30
601818 17 13 30
600312 9 21 30
000550 17 13 30
601899 12 18 30
600208 14 15 29
000635 17 12 29
600143 16 13 29
600221 12 17 29
600239 16 13 29
000961 16 12 28
600815 15 13 28
002422 18 10 28
600352 13 15 28
600141 13 15 28
000876 20 8 28
000417 18 9 27
600153 20 7 27
002244 17 10 27
601666 10 17 27
000869 14 13 27
600900 19 8 27
000758 10 17 27
600765 14 13 27
600157 12 14 26
600880 11 15 26
601688 15 11 26
600549 12 14 26
600502 12 14 26
600339 14 12 26
000402 20 5 25
600416 14 11 25
600456 17 8 25
600428 10 15 25
600881 17 8 25
600160 9 16 25
000807 16 9 25
600583 11 13 24
601717 13 11 24
600449 16 8 24
002122 15 9 24
002129 10 14 24
601939 11 13 24
600331 15 9 24
000698 12 11 23
000061 13 10 23
601958 9 14 23
600252 7 16 23
600636 10 13 23
600729 15 7 22
000848 9 13 22
601398 12 10 22
000776 14 8 22
600963 10 12 22
002041 8 14 22
002344 10 12 22
600169 7 15 22
000501 8 14 22
601866 12 9 21
002140 13 8 21
002091 11 10 21
600100 7 14 21
000968 13 8 21
000709 15 6 21
601328 8 13 21
000860 7 14 21
002167 9 12 21
600761 11 10 21
002029 14 6 20
002230 5 15 20
601118 10 10 20
000969 8 12 20
600284 11 9 20
600823 12 8 20
000513 5 15 20
600489 7 13 20
000826 6 14 20
600550 10 10 20
600195 12 8 20
600303 10 10 20
000932 13 7 20
600261 8 12 20
002011 9 11 20
002375 11 8 19
600038 8 11 19
000783 11 8 19
600388 8 10 18
002236 10 8 18
002415 8 10 18
002065 12 6 18
000596 10 8 18
000597 15 3 18
601998 11 7 18
600631 11 7 18
002161 5 13 18
600166 4 14 18
002152 12 6 18
002249 9 8 17
600570 9 8 17
600812 5 12 17
600688 15 2 17
600295 10 7 17
600067 10 7 17
600467 7 10 17
600318 9 7 16
601179 6 10 16
600588 9 7 16
002241 7 9 16
600240 8 8 16
000963 9 7 16
002154 8 8 16
002078 8 8 16
600525 4 12 16
000825 9 7 16
002013 7 9 16
600557 10 6 16
600511 2 14 16
601377 10 6 16
600697 14 2 16
002056 6 9 15
600750 4 11 15
600835 12 3 15
600693 6 9 15
601390 8 7 15
600863 5 10 15
600366 6 9 15
601788 9 6 15
601333 11 4 15
600251 5 10 15
601992 10 5 15
600770 6 9 15
600085 6 9 15
600062 9 6 15
000939 6 9 15
600199 8 7 15
600522 4 11 15
600332 5 10 15
600354 4 10 14
600298 6 8 14
000999 3 11 14
600707 4 10 14
600546 6 8 14
600685 9 5 14
600516 4 10 14
600580 3 11 14
000099 7 6 13
600723 3 10 13
002118 4 9 13
000028 9 4 13
600475 6 7 13
600858 5 8 13
600320 9 4 13
000811 7 6 13
000562 7 6 13
600528 7 6 13
600058 5 8 13
600644 7 6 13
000755 7 6 13
600594 7 6 13
000898 7 6 13
000878 3 10 13
000530 8 4 12
000951 4 8 12
002060 4 8 12
600403 8 4 12
000639 7 5 12
600869 5 7 12
002293 7 5 12
600785 9 3 12
002254 6 6 12
002176 6 6 12
600523 6 6 12
600316 10 2 12
600703 4 8 12
600673 5 7 12
600172 5 7 12
000880 6 6 12
600778 7 5 12
600010 7 5 12
600595 7 5 12
600118 7 5 12
000718 5 7 12
600893 6 5 11
600115 4 7 11
601002 5 6 11
002233 4 7 11
002063 2 9 11
000566 5 6 11
000708 6 5 11
600290 7 4 11
601919 6 5 11
000911 7 4 11
600737 6 5 11
002179 8 3 11
600521 8 3 11
600468 5 6 11
002158 4 7 11
600380 4 7 11
002215 5 6 11
000602 8 3 11
002132 6 5 11
002139 7 4 11
600773 4 7 11
002310 6 5 11
600069 4 7 11
600642 9 2 11
000650 4 7 11
000837 6 5 11
000972 8 3 11
600806 5 6 11
002277 6 4 10
000823 4 6 10
002055 4 6 10
002028 1 9 10
600499 2 8 10
601216 5 5 10
600101 7 3 10
002099 7 3 10
600971 4 6 10
002092 5 5 10
600866 5 5 10
600717 6 4 10
002299 3 7 10
600686 6 4 10
600056 5 5 10
300124 6 4 10
002261 6 4 10
600121 7 3 10
000426 4 6 10
600018 6 4 10
002079 5 5 10
002128 4 6 10
002408 5 5 10
600072 4 5 9
600375 5 4 9
300080 5 4 9
000861 5 4 9
600270 6 3 9
002353 5 4 9
600108 3 6 9
000420 3 6 9
002206 5 4 9
002108 5 4 9
000598 3 6 9
002033 4 5 9
000988 4 5 9
002250 6 3 9
601618 8 1 9
002177 4 5 9
600139 3 6 9
000780 5 4 9
601799 8 1 9
600170 7 2 9
000762 2 7 9
000888 8 1 9
000559 1 8 9
300070 5 4 9
002266 5 4 9
600884 3 6 9
600995 6 3 9
600063 4 5 9
600307 4 5 9
600469 6 3 9
000725 5 4 9
600268 1 8 9
002080 1 8 9
600337 3 6 9
600487 3 6 9
600432 6 3 9
600802 5 4 9
600146 6 3 9
000410 5 4 9
600587 4 4 8
600095 3 5 8
300002 3 5 8
300086 1 7 8
002022 1 7 8
601001 3 5 8
000669 4 4 8
600005 5 3 8
000612 3 5 8
002526 5 3 8
002480 2 6 8
600589 5 3 8
002089 4 4 8
601988 6 2 8
600782 4 4 8
600378 3 5 8
000987 4 4 8
600828 5 3 8
300083 4 4 8
600027 6 2 8
000551 6 2 8
300157 5 3 8
002214 3 5 8
000707 3 5 8
002138 2 6 8
600054 6 2 8
002430 5 3 8
002490 6 2 8
300022 5 3 8
300054 4 4 8
601898 4 4 8
600888 7 1 8
000686 4 4 8
600011 6 2 8
600844 2 6 8
002121 4 4 8
601268 4 4 8
600187 6 2 8
002153 5 3 8
300048 3 5 8
000893 5 3 8
600360 4 4 8
300134 7 1 8
002273 3 4 7
600787 5 2 7
000666 2 5 7
002410 4 3 7
002096 4 3 7
002094 3 4 7
600325 5 2 7
600322 4 3 7
002564 6 1 7
002281 5 2 7
600598 6 1 7
002035 3 4 7
002037 1 6 7
300115 3 4 7
000962 2 5 7
600386 1 6 7
600529 2 5 7
600967 3 4 7
002475 5 2 7
000786 5 2 7
601991 5 2 7
600439 3 4 7
600879 2 5 7
002503 2 5 7
600674 3 4 7
000021 2 5 7
600198 4 3 7
300146 4 3 7
002045 2 5 7
002168 2 5 7
600754 4 3 7
600460 4 3 7
000059 3 4 7
002086 2 5 7
600760 3 4 7
002156 4 3 7
600527 4 3 7
000829 3 3 6
002051 4 2 6
002283 3 3 6
600651 2 4 6
000536 2 4 6
002458 3 3 6
002334 1 5 6
002482 4 2 6
002068 4 2 6
002050 1 5 6
002093 3 3 6
600107 3 3 6
600327 3 3 6
600668 3 3 6
601566 5 1 6
300111 3 3 6
600628 1 5 6
600481 2 4 6
000822 4 2 6
600586 3 3 6
002216 2 4 6
002506 3 3 6
002182 3 3 6
002009 4 2 6
300025 4 2 6
600236 5 1 6
600517 1 5 6
600831 3 3 6
000768 4 2 6
002269 2 4 6
002042 4 2 6
002048 3 3 6
600999 5 1 6
600991 1 5 6
300090 3 3 6
002449 2 4 6
000727 3 3 6
002226 4 2 6
002223 1 5 6
000616 3 3 6
601933 5 1 6
000503 3 3 6
002157 2 4 6
002010 1 5 6
600223 3 3 6
600409 5 1 6
000656 4 2 6
002303 2 4 6
600808 3 3 6
600803 4 2 6
300136 3 3 6
002069 0 6 6
002017 0 6 6
000716 0 6 6
600248 2 3 5
002110 3 2 5
002115 3 2 5
000625 3 2 5
300082 3 2 5
000903 1 4 5
000915 4 1 5
601003 4 1 5
300101 4 1 5
600612 4 1 5
002061 2 3 5
002469 2 3 5
300029 2 3 5
600373 4 1 5
600718 2 3 5
600710 3 2 5
002282 2 3 5
002296 2 3 5
000521 4 1 5
002039 4 1 5
600563 2 3 5
600219 3 2 5
000590 2 3 5
600288 2 3 5
000777 2 3 5
000927 3 2 5
002551 3 2 5
002170 3 2 5
600151 2 3 5
600485 3 2 5
600486 2 3 5
002456 1 4 5
600132 2 3 5
000415 2 3 5
000419 3 2 5
300159 5 0 5
600702 3 2 5
002185 1 4 5
300050 3 2 5
300179 5 0 5
000046 3 2 5
000936 1 4 5
600495 2 3 5
600064 5 0 5
000935 3 2 5
600993 1 4 5
600545 3 2 5
300006 2 3 5
600461 5 0 5
600843 1 4 5
600503 1 4 5
600482 3 2 5
000578 2 3 5
002082 4 1 5
000973 2 3 5
000970 2 3 5
300169 3 2 5
002302 4 1 5
600479 0 5 5
600572 0 5 5
000050 0 5 5
002271 1 3 4
600978 2 2 4
000026 1 3 4
000027 3 1 4
600790 1 3 4
600966 2 2 4
600387 2 2 4
600478 3 1 4
600576 1 3 4
600202 1 3 4
600218 2 2 4
600850 1 3 4
600410 2 2 4
002417 2 2 4
002062 1 3 4
600102 2 2 4
600976 2 2 4
600816 2 2 4
300027 2 2 4
300020 3 1 4
000022 1 3 4
002297 1 3 4
002032 1 3 4
002384 1 3 4
000982 1 3 4
600289 1 3 4
600282 2 2 4
002325 3 1 4
002327 2 2 4
002023 3 1 4
002253 2 2 4
601208 3 1 4
002074 3 1 4
600259 2 2 4
000418 2 2 4
002477 2 2 4
600559 3 1 4
000761 1 3 4
002136 3 1 4
000609 3 1 4
600704 2 2 4
002131 2 2 4
002501 1 3 4
000589 3 1 4
000543 4 0 4
002049 2 2 4
601877 4 0 4
000930 2 2 4
600990 2 2 4
600713 1 3 4
000830 2 2 4
300004 3 1 4
601718 2 2 4
600597 2 2 4
002535 4 0 4
600163 2 2 4
600183 1 3 4
600021 2 2 4
600116 1 3 4
600232 2 2 4
000978 2 2 4
000713 1 3 4
002117 0 4 4
002234 0 4 4
300105 0 4 4
300065 0 4 4
600258 0 4 4
002479 0 4 4
600292 0 4 4
600193 0 4 4
000655 0 4 4
600895 2 1 3
600257 2 1 3
600655 1 2 3
600075 1 2 3
000925 1 2 3
600724 1 2 3
300174 3 0 3
300077 1 2 3
002238 2 1 3
601727 1 2 3
300104 2 1 3
002485 2 1 3
002242 3 0 3
600614 1 2 3
600616 1 2 3
002414 1 2 3
002066 1 2 3
600531 1 2 3
002097 2 1 3
600323 1 2 3
000561 3 0 3
300122 2 1 3
300024 2 1 3
300142 3 0 3
000799 3 0 3
002563 3 0 3
600825 1 2 3
600326 2 1 3
002518 3 0 3
000031 2 1 3
002292 1 2 3
002036 1 2 3
002428 1 2 3
002583 3 0 3
002582 2 1 3
300187 3 0 3
000850 3 0 3
600283 1 2 3
600280 1 2 3
002321 2 1 3
002169 1 2 3
600488 1 2 3
300118 2 1 3
600184 1 2 3
002493 1 2 3
002021 3 0 3
600749 2 1 3
000921 2 1 3
600138 2 1 3
002407 2 1 3
600311 1 2 3
600962 2 1 3
600961 3 0 3
002450 1 2 3
600006 1 2 3
002085 1 2 3
300015 3 0 3
300150 2 1 3
600500 1 2 3
002003 1 2 3
002434 1 2 3
002436 1 2 3
600226 1 2 3
300171 3 0 3
300055 1 2 3
002251 1 2 3
002549 2 1 3
002385 2 1 3
600886 2 1 3
601600 2 1 3
600491 1 2 3
002165 1 2 3
002367 1 2 3
002444 1 2 3
002218 3 0 3
000721 2 1 3
600862 3 0 3
000839 2 1 3
000617 1 2 3
002126 1 2 3
600596 2 1 3
600343 1 2 3
600161 2 1 3
600185 2 1 3
000006 2 1 3
001696 1 2 3
002015 1 2 3
600509 1 2 3
600507 1 2 3
002104 1 2 3
601918 2 1 3
000659 3 0 3
600804 2 1 3
000488 1 2 3
300135 2 1 3
600422 0 3 3
002232 0 3 3
600098 0 3 3
002102 0 3 3
600738 0 3 3
002252 0 3 3
000507 0 3 3
300018 0 3 3
600178 0 3 3
002437 0 3 3
002345 0 3 3
000715 0 3 3
000627 1 1 2
002378 1 1 2
000159 1 1 2
600725 2 0 2
600894 1 1 2
002052 1 1 2
300008 2 0 2
600090 1 1 2
600657 1 1 2
300058 2 0 2
000100 2 0 2
002457 1 1 2
002454 1 1 2
600277 2 0 2
002208 1 1 2
600392 1 1 2
000661 1 1 2
000667 2 0 2
601177 1 1 2
600263 1 1 2
600555 1 1 2
300102 2 0 2
600446 1 1 2
002313 1 1 2
300203 2 0 2
600328 1 1 2
000541 1 1 2
600819 1 1 2
600811 1 1 2
600351 1 1 2
300026 2 0 2
300143 1 1 2
300140 1 1 2
601890 1 1 2
002098 1 1 2
000810 1 1 2
002285 2 0 2
300010 1 1 2
600797 1 1 2
600663 1 1 2
000522 1 1 2
600363 2 0 2
002324 1 1 2
002326 2 0 2
000679 1 1 2
002556 1 1 2
002557 2 0 2
002554 2 0 2
600637 2 0 2
600889 1 1 2
002392 1 1 2
600626 1 1 2
300088 1 1 2
600137 1 1 2
600969 1 1 2
000554 1 1 2
002470 2 0 2
600007 2 0 2
002308 1 1 2
002210 1 1 2
000600 1 1 2
002419 1 1 2
600870 1 1 2
600683 1 1 2
601099 1 1 2
600897 1 1 2
600677 1 1 2
600173 2 0 2
002187 1 1 2
002186 1 1 2
000519 1 1 2
600055 1 1 2
002004 1 1 2
002005 2 0 2
600459 1 1 2
300011 2 0 2
300193 1 1 2
000905 1 1 2
600350 1 1 2
000558 1 1 2
000882 2 0 2
002209 1 1 2
000089 2 0 2
002264 1 1 2
600736 1 1 2
002368 1 1 2
000632 1 1 2
300049 1 1 2
600051 1 1 2
000979 1 1 2
002446 1 1 2
300093 1 1 2
300168 2 0 2
600260 1 1 2
600262 2 0 2
300005 1 1 2
002221 1 1 2
000610 2 0 2
600606 1 1 2
002019 1 1 2
002151 2 0 2
300216 2 0 2
600508 1 1 2
600117 1 1 2
600335 2 0 2
600233 2 0 2
000875 2 0 2
600361 1 1 2
300037 2 0 2
002290 1 1 2
300137 1 1 2
300132 1 1 2
600584 1 1 2
000413 0 2 2
002376 0 2 2
002111 0 2 2
002025 0 2 2
600389 0 2 2
600400 0 2 2
002474 0 2 2
002330 0 2 2
002336 0 2 2
002484 0 2 2
600551 0 2 2
000881 0 2 2
000816 0 2 2
300003 0 2 2
002100 0 2 2
002294 0 2 2
600783 0 2 2
000989 0 2 2
600071 0 2 2
600827 0 2 2
002386 0 2 2
600571 0 2 2
002212 0 2 2
600196 0 2 2
600059 0 2 2
002431 0 2 2
002432 0 2 2
300064 0 2 2
600306 0 2 2
600177 0 2 2
300078 0 2 2
002399 0 2 2
002043 0 2 2
002163 0 2 2
000407 0 2 2
600436 0 2 2
002340 0 2 2
002401 0 2 2
002144 0 2 2
300041 0 2 2
002306 0 2 2
000712 0 2 2
002528 0 2 2
300034 0 2 2
002575 1 0 1
002572 1 0 1
002573 1 0 1
000918 1 0 1
000537 1 0 1
600078 1 0 1
002020 1 0 1
000158 1 0 1
002455 1 0 1
600578 1 0 1
002338 1 0 1
000428 1 0 1
002527 1 0 1
002486 1 0 1
000065 1 0 1
000062 1 0 1
600536 1 0 1
300202 1 0 1
600106 1 0 1
000815 1 0 1
002088 1 0 1
600539 1 0 1
002205 1 0 1
000636 1 0 1
002369 1 0 1
600867 1 0 1
002291 1 0 1
600365 1 0 1
002034 1 0 1
002584 1 0 1
002589 1 0 1
002424 1 0 1
000548 1 0 1
600215 1 0 1
600210 1 0 1
000690 1 0 1
300189 1 0 1
300182 1 0 1
300183 1 0 1
300180 1 0 1
300117 1 0 1
002550 1 0 1
002497 1 0 1
002397 1 0 1
600744 1 0 1
600748 1 0 1
600983 1 0 1
601616 1 0 1
002077 1 0 1
600824 1 0 1
000952 1 0 1
600780 1 0 1
600838 1 0 1
300225 1 0 1
000785 1 0 1
300154 1 0 1
600708 1 0 1
002133 1 0 1
600684 1 0 1
000016 1 0 1
600675 1 0 1
002183 1 0 1
600776 1 0 1
600053 1 0 1
600543 1 0 1
002439 1 0 1
600512 1 0 1
000584 1 0 1
300198 1 0 1
300195 1 0 1
300191 1 0 1
002317 1 0 1
600839 1 0 1
300126 1 0 1
600305 1 0 1
002541 1 0 1
600779 1 0 1
002164 1 0 1
000517 1 0 1
002445 1 0 1
600052 1 0 1
600391 1 0 1
600397 1 0 1
000723 1 0 1
000720 1 0 1
000683 1 0 1
002309 1 0 1
600287 1 0 1
300163 1 0 1
002301 1 0 1
002222 1 0 1
600390 1 0 1
002534 1 0 1
300217 1 0 1
300213 1 0 1
600022 1 0 1
600505 1 0 1
601010 1 0 1
300046 1 0 1
000066 1 0 1
300036 1 0 1
300035 1 0 1
600113 0 1 1
002279 0 1 1
002278 0 1 1
002396 0 1 1
002243 0 1 1
601588 0 1 1
002053 0 1 1
600784 0 1 1
600794 0 1 1
600379 0 1 1
300087 0 1 1
600985 0 1 1
600382 0 1 1
600420 0 1 1
000910 0 1 1
000990 0 1 1
000996 0 1 1
000997 0 1 1
300172 0 1 1
300178 0 1 1
300059 0 1 1
300072 0 1 1
300073 0 1 1
600279 0 1 1
300071 0 1 1
002332 0 1 1
600855 0 1 1
002315 0 1 1
300108 0 1 1
002488 0 1 1
002522 0 1 1
002247 0 1 1
002245 0 1 1
600619 0 1 1
600037 0 1 1
002418 0 1 1
002064 0 1 1
600533 0 1 1
600321 0 1 1
600973 0 1 1
600979 0 1 1
002467 0 1 1
002465 0 1 1
002204 0 1 1
600712 0 1 1
601369 0 1 1
002195 0 1 1
000916 0 1 1
002031 0 1 1
000901 0 1 1
002192 0 1 1
002211 0 1 1
000591 0 1 1
000671 0 1 1
600372 0 1 1
002320 0 1 1
002322 0 1 1
600639 0 1 1
000090 0 1 1
002494 0 1 1
002412 0 1 1
600186 0 1 1
002393 0 1 1
002256 0 1 1
600746 0 1 1
600740 0 1 1
002438 0 1 1
000966 0 1 1
002171 0 1 1
600480 0 1 1
002400 0 1 1
600135 0 1 1
600871 0 1 1
600960 0 1 1
600829 0 1 1
600553 0 1 1
002159 0 1 1
600008 0 1 1
600577 0 1 1
300158 0 1 1
002358 0 1 1
000700 0 1 1
600877 0 1 1
600873 0 1 1
600872 0 1 1
601158 0 1 1
601098 0 1 1
600122 0 1 1
600120 0 1 1
000045 0 1 1
600774 0 1 1
600197 0 1 1
002435 0 1 1
600830 0 1 1
300190 0 1 1
600297 0 1 1
002311 0 1 1
000885 0 1 1
000767 0 1 1
000889 0 1 1
300123 0 1 1
600992 0 1 1
000571 0 1 1
600629 0 1 1
600883 0 1 1
002405 0 1 1
002427 0 1 1
000019 0 1 1
002362 0 1 1
600438 0 1 1
300091 0 1 1
000795 0 1 1
000728 0 1 1
000897 0 1 1
601018 0 1 1
600540 0 1 1
002228 0 1 1
002342 0 1 1
002225 0 1 1
002220 0 1 1
000751 0 1 1
600845 0 1 1
002084 0 1 1
600592 0 1 1
600590 0 1 1
000711 0 1 1
002014 0 1 1
002409 0 1 1
000717 0 1 1
600238 0 1 1
000430 0 1 1
002489 0 1 1
600435 0 1 1
600433 0 1 1
002298 0 1 1
300033 0 1 1
300139 0 1 1
300133 0 1 1
300131 0 1 1
