601318 215 220 435
600036 185 204 389
601166 166 210 376
600000 164 186 350
601601 174 163 337
000983 128 162 290
000858 135 129 264
600519 121 141 262
000063 116 130 246
600016 96 138 234
601111 118 108 226
601169 92 132 224
600048 114 98 212
000001 88 113 201
600030 73 126 199
600031 80 114 194
600050 104 90 194
000002 110 82 192
600739 91 100 191
000937 95 92 187
601628 81 106 187
601699 100 78 178
600585 97 77 174
002024 69 96 165
600362 97 67 164
600887 94 70 164
000651 78 81 159
000568 75 83 158
600348 62 96 158
600104 63 86 149
600547 67 82 149
000338 61 88 149
600383 80 67 147
000060 71 74 145
600028 56 87 143
000792 75 65 140
000933 62 78 140
000401 68 69 137
000800 60 73 133
000024 58 72 130
600690 68 58 126
600123 67 58 125
600015 60 65 125
601398 53 69 122
600029 61 60 121
002106 63 56 119
000527 53 66 119
600111 54 65 119
600518 66 48 114
600019 33 80 113
601328 46 66 112
600489 60 50 110
600837 38 70 108
600309 56 52 108
600068 60 47 107
601088 42 65 107
601288 58 46 104
000422 42 58 100
600276 55 43 98
600089 45 51 96
000960 49 46 95
000423 54 41 95
600406 47 45 92
000425 44 48 92
600660 37 54 91
000012 53 37 90
000400 48 41 89
600875 47 41 88
000157 31 56 87
601168 50 37 87
600694 46 41 87
000069 37 49 86
600256 40 45 85
601006 39 45 84
002038 45 39 84
002202 44 39 83
601666 37 46 83
601899 43 40 83
600100 42 40 82
601939 35 46 81
000898 29 51 80
002142 35 44 79
000630 54 25 79
000581 43 36 79
601607 48 31 79
600900 39 40 79
600312 46 31 77
600115 40 37 77
600600 43 33 76
600809 38 38 76
600664 37 38 75
600570 42 33 75
600125 44 31 75
601009 32 42 74
600415 43 31 74
600425 34 39 73
600352 37 36 73
000729 42 31 73
000623 30 42 72
600271 47 25 72
600859 38 34 72
002007 41 31 72
600537 40 31 71
600037 36 34 70
601766 33 37 70
600166 34 36 70
601299 42 27 69
002073 42 27 69
000538 32 36 68
000878 38 30 68
000061 35 32 67
601001 31 35 66
600970 41 25 66
000528 31 35 66
600498 34 31 65
002123 44 21 65
600581 27 37 64
601989 38 26 64
600376 37 27 64
600067 37 27 64
002155 39 25 64
600221 36 27 63
000999 32 30 62
000009 31 31 62
000848 33 29 62
600395 34 28 62
000926 34 27 61
000559 34 27 61
600511 33 28 61
600079 35 25 60
600549 27 33 60
600582 27 32 59
600535 32 26 58
600418 28 30 58
000759 29 29 58
000895 33 25 58
000829 25 32 57
002041 28 29 57
600481 33 23 56
600267 32 24 56
600141 27 28 55
002241 27 28 55
002008 32 23 55
000877 28 27 55
002304 35 20 55
000718 28 27 55
600720 25 29 54
601788 24 30 54
601857 25 29 54
601998 26 28 54
002001 24 30 54
600880 27 27 54
601888 29 25 54
600588 28 25 53
601958 24 29 53
600741 28 25 53
600557 25 28 53
002230 28 24 52
600583 29 23 52
000402 18 34 52
600216 25 26 51
600315 24 27 51
000612 24 27 51
000963 26 24 50
600195 28 22 50
600060 19 31 50
002022 23 26 49
002146 25 24 49
600188 27 22 49
600879 26 23 49
600997 28 21 49
000917 24 24 48
600580 26 22 48
600143 31 17 48
600805 24 24 48
000998 27 20 47
000969 22 25 47
000823 24 23 47
600096 31 15 46
600354 25 21 46
600298 23 23 46
600858 24 22 46
601668 19 26 45
000860 25 20 45
600467 25 20 45
002056 23 21 44
000826 23 21 44
600750 21 23 44
000869 28 16 44
600062 25 19 44
600303 21 23 44
300002 27 17 44
002080 24 20 44
000021 24 19 43
002065 21 21 42
600563 21 21 42
600331 21 21 42
600038 23 18 41
000039 26 15 41
600198 24 17 41
000762 20 21 41
600693 22 19 41
002092 18 22 40
601988 19 21 40
002415 24 15 39
600325 15 24 39
600812 22 17 39
600366 16 23 39
600176 20 19 39
600456 19 20 39
600737 20 19 39
002152 25 14 39
000776 20 18 38
601106 22 16 38
600066 20 18 38
600261 22 16 38
600202 20 17 37
002063 22 15 37
600884 18 19 37
002154 18 19 37
601808 17 19 36
600252 14 22 36
600546 18 18 36
600765 19 17 36
600183 18 18 36
601186 16 19 35
002081 20 15 35
601688 21 14 35
600742 13 22 35
600458 18 17 35
600426 10 25 35
002028 17 17 34
600208 20 14 34
002269 18 16 34
600085 21 13 34
600266 16 18 34
600118 19 15 34
000650 23 11 34
600410 14 19 33
000961 20 13 33
600196 18 15 33
600487 16 17 33
600655 11 21 32
600388 19 13 32
002236 16 16 32
002244 17 15 32
000778 16 16 32
600963 15 17 32
000951 15 17 32
600704 12 20 32
600197 17 15 32
002261 17 15 32
600993 16 16 32
600595 15 17 32
002017 18 14 32
600239 18 14 32
300070 24 7 31
002422 20 11 31
600521 14 17 31
600517 16 15 31
002310 16 15 31
600499 18 12 30
601179 17 13 30
600009 15 15 30
600718 14 16 30
000501 17 13 30
601919 14 16 30
000968 16 13 29
600785 18 11 29
000825 7 22 29
002214 18 11 29
600778 12 17 29
000887 22 7 29
002344 18 11 29
600594 13 16 29
000028 13 15 28
002148 14 14 28
000811 19 9 28
000596 17 11 28
600550 12 16 28
600439 16 12 28
000680 13 15 28
600316 13 15 28
000059 13 15 28
600161 16 12 28
002029 13 14 27
600380 12 15 27
000540 15 12 27
600289 17 10 27
600525 16 11 27
600122 12 15 27
600844 14 13 27
600590 15 12 27
002157 14 13 27
002273 15 11 26
002375 16 10 26
000911 16 10 26
000541 14 12 26
002104 16 10 26
600523 14 12 26
600703 14 12 26
002048 14 12 26
002086 14 12 26
600761 11 15 26
600153 8 17 25
000513 14 11 25
000783 13 12 25
600508 9 16 25
600231 9 16 25
600468 11 14 25
000758 8 17 25
002153 15 10 25
600146 12 13 25
600893 12 12 24
600795 11 13 24
600978 11 13 24
601390 9 15 24
601818 17 7 24
600529 13 11 24
000417 12 12 24
600251 12 12 24
600416 13 11 24
600169 12 12 24
002353 13 11 24
600707 13 11 24
002089 12 12 24
600432 11 13 24
000537 12 11 23
600866 9 14 23
000987 11 12 23
600823 15 8 23
600628 14 9 23
600138 9 14 23
000786 12 11 23
600460 10 13 23
002045 11 12 23
002121 11 12 23
600804 13 10 23
000713 11 12 23
300080 11 11 22
600479 10 12 22
600475 14 8 22
002091 11 11 22
002215 13 9 22
000602 15 7 22
600631 11 11 22
600193 10 12 22
002161 13 9 22
600596 8 14 22
000050 13 9 22
000973 11 11 22
600268 12 9 21
601717 13 8 21
002250 11 10 21
600983 7 14 21
002315 11 10 21
600307 8 13 21
002165 8 13 21
600999 11 10 21
000876 18 3 21
600522 11 10 21
002140 9 11 20
600329 10 10 20
002249 11 9 20
600770 10 10 20
600199 11 9 20
002277 13 6 19
000629 16 3 19
600584 6 13 19
000598 10 9 19
000522 11 8 19
600622 10 9 19
000418 10 9 19
600295 9 10 19
600428 10 9 19
002194 8 11 19
000837 10 9 19
000655 9 10 19
600723 14 4 18
002115 9 9 18
600586 8 10 18
600754 11 7 18
002069 11 7 18
000566 11 7 18
600351 10 8 18
600713 9 9 18
600326 8 10 18
002266 12 6 18
600403 13 5 18
600697 8 10 18
600559 10 8 18
600500 9 9 18
600177 10 8 18
600178 7 11 18
600888 12 6 18
601600 10 8 18
600644 8 10 18
000728 9 9 18
000625 8 10 18
002013 11 7 18
600335 13 5 18
000893 9 9 18
600157 9 8 17
002238 9 8 17
600005 5 12 17
600035 9 8 17
600327 12 5 17
002129 12 5 17
002293 10 7 17
002252 7 10 17
600026 8 9 17
600132 11 6 17
000550 9 8 17
600571 8 9 17
600673 13 4 17
600058 9 8 17
002005 8 9 17
601898 6 11 17
000936 10 7 17
000839 10 7 17
600527 9 8 17
002158 10 7 17
002055 10 6 16
002336 10 6 16
002233 8 8 16
000562 8 8 16
600971 9 7 16
002254 9 7 16
601999 8 8 16
600054 9 7 16
000903 9 7 16
000888 7 9 16
600422 7 9 16
002128 9 7 16
002303 9 7 16
600361 11 4 15
000962 9 6 15
002099 6 9 15
000988 10 5 15
600486 7 8 15
000551 8 7 15
601158 8 7 15
600779 7 8 15
002437 8 7 15
600223 7 8 15
000639 9 6 15
000939 8 7 15
600160 6 9 15
600509 7 8 15
600438 8 7 15
002051 8 6 14
600150 8 6 14
300027 8 6 14
002200 4 10 14
600502 8 6 14
600330 6 8 14
002475 10 4 14
002185 7 7 14
300058 9 5 14
000661 8 6 14
600830 6 8 14
600139 9 5 14
300048 8 6 14
000970 7 7 14
600897 7 6 13
300082 7 6 13
600273 7 6 13
002232 9 4 13
600616 6 7 13
002064 4 9 13
600869 7 6 13
002296 9 4 13
002320 8 5 13
002326 7 6 13
300015 8 5 13
600059 7 6 13
600056 5 8 13
002262 7 6 13
600087 5 8 13
600991 9 4 13
300003 7 6 13
600185 8 5 13
002019 5 8 13
600075 5 7 12
600575 9 3 12
002242 6 6 12
002299 9 3 12
601918 5 7 12
000989 6 6 12
000927 3 9 12
002324 5 7 12
000090 6 6 12
002410 7 5 12
600485 5 7 12
002003 4 8 12
002431 7 5 12
600292 7 5 12
000930 6 6 12
002384 7 5 12
600436 7 5 12
600545 6 6 12
002223 7 5 12
000616 6 6 12
000715 8 4 12
002159 6 6 12
600337 8 4 12
600409 5 7 12
002376 7 4 11
600420 7 4 11
300077 6 5 11
002414 6 5 11
002094 6 5 11
600106 5 6 11
600815 6 5 11
000799 6 5 11
300029 6 5 11
600863 5 6 11
002011 6 5 11
600825 6 5 11
002253 6 5 11
600528 3 8 11
600257 7 4 11
600829 6 5 11
002138 6 5 11
000514 5 6 11
600055 6 5 11
000707 5 6 11
002430 6 5 11
300055 7 4 11
000861 6 5 11
000547 6 5 11
002251 6 5 11
600496 8 3 11
000972 7 4 11
000016 3 8 11
600649 4 7 11
601618 5 6 11
000652 7 4 11
002340 5 6 11
000712 7 4 11
600117 6 5 11
600332 6 5 11
601866 5 5 10
600657 5 5 10
002457 5 5 10
601678 5 5 10
002482 6 4 10
000046 5 5 10
002067 5 5 10
000708 6 4 10
002023 4 6 10
000415 7 3 10
600872 4 6 10
600587 5 5 10
000785 5 5 10
000608 5 5 10
000100 4 6 10
300124 8 2 10
600497 4 6 10
600491 5 5 10
000686 6 4 10
600597 7 3 10
000055 5 5 10
600507 5 5 10
000656 6 4 10
300039 6 4 10
600729 4 5 9
000419 4 5 9
002050 3 6 9
002285 5 4 9
002025 4 5 9
000990 4 5 9
600270 4 5 9
002334 6 3 9
600108 6 3 9
600323 4 5 9
600269 3 6 9
000965 3 6 9
002037 6 3 9
002032 5 4 9
600284 6 3 9
600820 4 5 9
600828 4 5 9
000677 3 6 9
600738 4 5 9
002255 6 3 9
000507 5 4 9
600967 5 4 9
000780 4 5 9
600598 3 6 9
002004 6 3 9
002006 5 4 9
300059 5 4 9
002187 4 5 9
002168 3 6 9
600990 3 6 9
002220 4 5 9
000755 6 3 9
002325 6 3 9
002156 6 3 9
002110 4 4 8
002117 4 4 8
600095 4 4 8
600797 3 5 8
600373 5 3 8
600392 3 5 8
600612 5 3 8
300004 5 3 8
600560 4 4 8
002088 4 4 8
002297 4 4 8
000919 5 3 8
002036 5 3 8
002031 6 2 8
600446 4 4 8
600995 5 3 8
000671 4 4 8
600280 6 2 8
002322 4 4 8
002327 5 3 8
600881 4 4 8
002179 5 3 8
600702 5 3 8
601101 4 4 8
600877 5 3 8
600873 4 4 8
002139 4 4 8
002268 3 5 8
002042 4 4 8
002167 7 1 8
002163 4 4 8
002449 5 3 8
600461 4 4 8
000667 2 6 8
002345 4 4 8
600843 4 4 8
600423 3 5 8
600760 5 3 8
600184 4 4 8
600339 4 4 8
600259 4 3 7
600895 3 4 7
600086 4 3 7
600790 5 2 7
600375 5 2 7
600576 3 4 7
000997 4 3 7
000665 5 2 7
600240 5 2 7
000426 5 2 7
600816 4 3 7
600867 3 4 7
600710 4 3 7
600102 3 4 7
000519 4 3 7
002291 4 3 7
002292 4 3 7
601718 4 3 7
000901 5 2 7
600219 3 4 7
000536 3 4 7
600435 4 3 7
600827 4 3 7
002256 3 4 7
002408 3 4 7
002010 3 4 7
300018 4 3 7
600088 2 5 7
600459 3 4 7
600227 3 4 7
600831 2 5 7
600832 6 1 7
601801 4 3 7
000932 3 4 7
600642 3 4 7
002339 4 3 7
600017 4 3 7
600391 4 3 7
000726 3 4 7
002078 3 4 7
600480 4 3 7
600360 5 2 7
300041 4 3 7
002298 3 4 7
600808 1 6 7
000099 3 3 6
000026 3 3 6
600962 3 3 6
600369 3 3 6
600378 3 3 6
600368 3 3 6
600377 4 2 6
600382 3 3 6
002371 2 4 6
300072 5 1 6
000669 6 0 6
000428 3 3 6
300101 4 2 6
600551 4 2 6
002248 3 3 6
002068 1 5 6
002097 3 3 6
000565 2 4 6
000635 3 3 6
600717 2 4 6
002294 2 4 6
600365 3 3 6
002424 3 3 6
000413 3 3 6
300064 4 2 6
300115 4 2 6
000862 3 3 6
600386 3 3 6
002407 3 3 6
002358 4 2 6
001696 2 4 6
600682 3 3 6
600683 3 3 6
600170 3 3 6
600172 3 3 6
600053 3 3 6
600543 3 3 6
600510 2 4 6
600226 3 3 6
300022 4 2 6
000905 3 3 6
000546 3 3 6
000768 3 3 6
601117 5 1 6
600081 3 3 6
600129 4 2 6
600078 3 3 6
002342 4 2 6
600531 4 2 6
600801 5 1 6
000503 3 3 6
000807 5 1 6
600168 3 3 6
002386 4 2 6
000066 3 3 6
300033 5 1 6
002290 4 2 6
600258 2 3 5
002243 4 1 5
000821 3 2 5
000925 4 1 5
300086 3 2 5
002020 3 2 5
600987 2 3 5
600470 3 2 5
002332 2 3 5
002330 3 2 5
600850 3 2 5
002318 2 3 5
000948 1 4 5
002147 2 3 5
002066 3 2 5
002096 2 3 5
002469 4 1 5
002122 3 2 5
600350 2 3 5
600478 1 4 5
002225 3 2 5
600363 2 3 5
002033 3 2 5
600449 3 2 5
000530 2 3 5
000928 2 3 5
300065 3 2 5
000679 2 3 5
600736 2 3 5
002397 4 1 5
600824 2 3 5
600311 3 2 5
600137 3 2 5
600961 2 3 5
600488 2 3 5
600004 2 3 5
000959 2 3 5
600008 3 2 5
000952 3 2 5
002217 2 3 5
002351 3 2 5
600675 2 3 5
002183 4 1 5
600773 3 2 5
002009 2 3 5
000900 2 3 5
600839 2 3 5
002399 4 1 5
002387 2 3 5
002264 1 4 5
600641 2 3 5
300096 2 3 5
600396 3 2 5
300005 4 1 5
601877 3 2 5
300105 3 2 5
600189 2 3 5
002015 3 2 5
002014 2 3 5
600343 2 3 5
000488 2 3 5
300036 3 2 5
002271 2 2 4
000627 3 1 4
002060 2 2 4
600894 2 2 4
300054 3 1 4
600248 3 1 4
002114 2 2 4
600158 1 3 4
002286 2 2 4
600658 3 1 4
002456 4 0 4
002454 2 2 4
002453 2 2 4
002452 3 1 4
601002 2 2 4
002419 2 2 4
002093 3 1 4
600107 4 0 4
600101 1 3 4
600810 2 2 4
600814 2 2 4
300026 2 2 4
000796 2 2 4
002206 2 2 4
600592 2 2 4
002109 3 1 4
000404 1 3 4
002197 2 2 4
000915 3 1 4
002035 2 2 4
600826 2 2 4
300067 2 2 4
002498 2 2 4
000548 2 2 4
000777 2 2 4
300150 4 0 4
000921 3 1 4
600408 2 2 4
600783 3 1 4
600960 2 2 4
600966 1 3 4
002272 2 2 4
600469 3 1 4
300010 2 2 4
002216 3 1 4
600874 2 2 4
002134 2 2 4
002132 3 1 4
000014 2 2 4
600677 2 2 4
000042 2 2 4
600109 2 2 4
600236 2 2 4
002311 2 2 4
002313 2 2 4
002385 3 1 4
600629 2 2 4
000636 2 2 4
601377 2 2 4
000918 2 2 4
002405 3 1 4
002368 3 1 4
000868 2 2 4
300049 2 2 4
002362 2 2 4
600305 2 2 4
600012 1 3 4
000685 1 3 4
002226 2 2 4
002227 1 3 4
000619 2 2 4
600861 2 2 4
000897 2 2 4
000158 2 2 4
601268 2 2 4
600359 1 3 4
002018 2 2 4
600553 2 2 4
600503 2 2 4
000578 2 2 4
300040 2 2 4
300047 2 2 4
300045 2 2 4
002302 2 2 4
002301 1 3 4
002306 3 1 4
300037 2 2 4
300137 2 2 4
600725 0 4 4
000717 0 4 4
002193 2 1 3
000822 1 2 3
002053 2 1 3
002118 2 1 3
600379 1 2 3
600071 1 2 3
600986 1 2 3
600572 2 1 3
600201 1 2 3
600218 2 1 3
000607 1 2 3
600855 2 1 3
000748 2 1 3
002245 2 1 3
000880 2 1 3
600033 1 2 3
600322 1 2 3
600976 1 2 3
300122 2 1 3
600811 1 2 3
300020 1 2 3
300143 2 1 3
300144 2 1 3
000022 1 2 3
002369 2 1 3
002283 2 1 3
000031 2 1 3
002100 3 0 3
002192 1 2 3
600782 2 1 3
002151 2 1 3
601369 2 1 3
600666 1 2 3
002421 2 1 3
600569 2 1 3
000597 2 1 3
600007 1 2 3
600372 1 2 3
600285 1 2 3
000410 2 1 3
000036 2 1 3
300113 3 0 3
300083 3 0 3
002493 2 1 3
002392 3 0 3
002328 2 1 3
300088 1 2 3
002079 2 1 3
002172 2 1 3
002438 1 2 3
002177 3 0 3
600310 2 1 3
000554 2 1 3
000683 1 2 3
600838 2 1 3
000788 2 1 3
600688 2 1 3
002503 3 0 3
600121 1 2 3
600777 1 2 3
600774 2 1 3
300025 2 1 3
600516 3 0 3
000584 1 2 3
002316 2 1 3
002208 1 2 3
300118 1 2 3
000420 2 1 3
000789 3 0 3
002380 1 2 3
002043 2 1 3
600749 2 1 3
000407 2 1 3
300099 2 1 3
002444 2 1 3
300090 2 1 3
000721 3 0 3
000727 3 0 3
600399 2 1 3
002228 2 1 3
600848 1 2 3
002432 2 1 3
601933 3 0 3
600763 2 1 3
600098 3 0 3
600505 2 1 3
600803 2 1 3
600318 1 2 3
300030 1 2 3
300134 3 0 3
600238 1 1 2
002278 2 0 2
000159 1 1 2
002396 2 0 2
600780 1 1 2
600787 1 1 2
000049 1 1 2
002111 1 1 2
600090 1 1 2
600573 1 1 2
002450 2 0 2
000995 1 1 2
000996 1 1 2
600871 2 0 2
600290 1 1 2
600272 1 1 2
600277 1 1 2
002338 1 1 2
600262 1 1 2
000949 1 1 2
300102 1 1 2
000610 1 1 2
000698 1 1 2
002488 1 1 2
002484 1 1 2
600589 1 1 2
600835 1 1 2
002416 1 1 2
002413 1 1 2
000881 1 1 2
000006 1 1 2
002095 1 1 2
600320 1 1 2
600536 1 1 2
000564 1 1 2
002465 1 1 2
000977 1 1 2
600405 1 1 2
002309 1 1 2
000032 1 1 2
600077 1 1 2
000709 1 1 2
300024 1 1 2
300142 2 0 2
002085 1 1 2
002364 1 1 2
600211 1 1 2
000678 1 1 2
002281 1 1 2
000592 2 0 2
600097 1 1 2
002102 2 0 2
600784 1 1 2
600789 1 1 2
000524 1 1 2
002398 1 1 2
002098 1 1 2
600565 1 1 2
300089 1 1 2
000982 1 1 2
300068 2 0 2
000920 1 1 2
600638 1 1 2
002390 1 1 2
000544 1 1 2
002176 1 1 2
002077 1 1 2
002400 1 1 2
600253 1 1 2
000735 1 1 2
600577 1 1 2
000301 1 1 2
002308 1 1 2
002210 1 1 2
002352 1 1 2
002355 1 1 2
002356 1 1 2
600708 1 1 2
002133 1 1 2
600870 1 1 2
600685 1 1 2
600676 1 1 2
600674 1 1 2
600027 1 1 2
600171 1 1 2
002182 1 1 2
002184 1 1 2
000793 1 1 2
002458 1 1 2
002348 1 1 2
600228 1 1 2
300012 1 1 2
601727 1 1 2
600230 1 1 2
600306 1 1 2
600297 1 1 2
002317 1 1 2
000882 1 1 2
600834 1 1 2
600173 1 1 2
600061 1 1 2
600735 1 1 2
002044 1 1 2
002164 2 0 2
000516 1 1 2
600992 1 1 2
000979 1 1 2
600299 1 1 2
002446 1 1 2
000720 1 1 2
000725 2 0 2
600265 1 1 2
300009 1 1 2
300006 1 1 2
600540 1 1 2
000752 1 1 2
002433 1 1 2
000710 1 1 2
600011 1 1 2
000506 1 1 2
002289 2 0 2
600069 1 1 2
000909 1 1 2
002411 1 1 2
600233 1 1 2
000572 1 1 2
000571 1 1 2
300043 2 0 2
300046 1 1 2
600346 1 1 2
600345 1 1 2
600010 1 1 2
600806 1 1 2
002528 2 0 2
002263 1 1 2
300034 2 0 2
002267 0 2 2
600159 0 2 2
000539 0 2 2
600558 0 2 2
002062 0 2 2
000525 0 2 2
600186 0 2 2
000533 0 2 2
000089 0 2 2
000601 0 2 2
600126 0 2 2
002082 0 2 2
000088 0 2 2
600018 0 2 2
002275 1 0 1
000062 1 0 1
300158 1 0 1
002247 1 0 1
002372 1 0 1
600724 1 0 1
300091 1 0 1
600650 1 0 1
000534 1 0 1
300087 1 0 1
600985 1 0 1
600980 1 0 1
002455 1 0 1
000910 1 0 1
601003 1 0 1
300076 1 0 1
002489 1 0 1
002485 1 0 1
002480 1 0 1
600619 1 0 1
600822 1 0 1
002418 1 0 1
002401 1 0 1
600743 1 0 1
000816 1 0 1
601118 1 0 1
600819 1 0 1
600151 1 0 1
002367 1 0 1
002474 1 0 1
601872 1 0 1
600712 1 0 1
600665 1 0 1
000521 1 0 1
300151 1 0 1
002039 1 0 1
600187 1 0 1
002477 1 0 1
600215 1 0 1
000590 1 0 1
000591 1 0 1
002321 1 0 1
002169 1 0 1
601107 1 0 1
002490 1 0 1
002494 1 0 1
600400 1 0 1
600740 1 0 1
600748 1 0 1
002074 1 0 1
600969 1 0 1
002479 1 0 1
002409 1 0 1
600006 1 0 1
000761 1 0 1
002191 1 0 1
000700 1 0 1
002131 1 0 1
300011 1 0 1
601588 1 0 1
000045 1 0 1
002181 1 0 1
600128 1 0 1
600455 1 0 1
000582 1 0 1
300056 1 0 1
600063 1 0 1
300128 1 0 1
002209 1 0 1
600639 1 0 1
600706 1 0 1
002162 1 0 1
002234 1 0 1
002447 1 0 1
601018 1 0 1
000833 1 0 1
600263 1 0 1
600120 1 0 1
000751 1 0 1
600555 1 0 1
600482 1 0 1
600336 1 0 1
000570 1 0 1
600283 1 0 1
000978 1 0 1
300136 1 0 1
000716 1 0 1
601126 1 0 1
002059 0 1 1
600651 0 1 1
000151 0 1 1
002239 0 1 1
600429 0 1 1
000766 0 1 1
000886 0 1 1
600755 0 1 1
002337 0 1 1
600105 0 1 1
002258 0 1 1
600973 0 1 1
600207 0 1 1
600864 0 1 1
000889 0 1 1
000526 0 1 1
600213 0 1 1
000531 0 1 1
000690 0 1 1
300097 0 1 1
600281 0 1 1
600371 0 1 1
002329 0 1 1
600022 0 1 1
000967 0 1 1
600520 0 1 1
601333 0 1 1
600133 0 1 1
600308 0 1 1
600112 0 1 1
600064 0 1 1
002436 0 1 1
300123 0 1 1
600636 0 1 1
002046 0 1 1
002047 0 1 1
300062 0 1 1
002049 0 1 1
002219 0 1 1
600862 0 1 1
002126 0 1 1
600279 0 1 1
600607 0 1 1
002237 0 1 1
