000002 171 153 324
600030 164 156 320
600036 167 150 317
600028 152 159 311
600019 161 144 305
600000 153 139 292
600016 140 141 281
601318 147 130 277
600005 144 132 276
601628 129 124 253
600900 125 111 236
601006 128 106 234
600050 118 115 233
601398 113 110 223
000898 122 101 223
000858 98 111 209
601166 115 91 206
600519 99 101 200
000063 102 96 198
000001 105 86 191
601919 97 92 189
000069 98 89 187
600009 88 90 178
600383 88 81 169
000402 73 88 161
000983 88 71 159
600309 80 75 155
601111 78 76 154
600048 84 68 152
601088 92 59 151
002024 76 71 147
000024 73 66 139
600015 77 62 139
000039 58 79 137
600675 65 71 136
601939 83 53 136
600104 64 71 135
000825 65 69 134
000709 74 57 131
600887 58 73 131
600583 63 67 130
000157 65 63 128
600029 66 60 126
000878 65 61 126
000792 57 67 124
000625 62 61 123
000568 64 56 120
600717 59 59 118
600037 54 63 117
000623 50 62 112
600739 54 57 111
600795 64 46 110
600320 57 52 109
000651 67 42 109
601857 57 50 107
000060 56 50 106
600428 53 50 103
600026 52 49 101
600585 53 47 100
600694 52 48 100
000800 57 42 99
000031 49 49 98
000933 49 49 98
600150 55 41 96
000401 50 43 93
600748 52 41 93
600269 44 47 91
601001 46 43 89
600031 46 43 89
600325 48 41 89
600886 45 43 88
000528 45 42 87
000612 43 44 87
600879 38 48 86
600685 42 44 86
600348 47 39 86
600100 44 40 84
600489 41 43 84
000839 40 44 84
600690 47 37 84
000895 37 47 84
000960 47 36 83
601988 39 44 83
600096 42 38 80
600808 42 37 79
600631 43 34 77
600011 39 38 77
600219 31 45 76
600616 36 39 75
601328 49 26 75
600415 36 39 75
600547 38 37 75
600895 36 38 74
000807 30 44 74
000869 35 37 72
600761 35 37 72
600628 39 32 71
600058 40 31 71
600596 38 33 71
600361 39 31 70
000410 31 37 68
600859 33 35 68
600456 35 33 68
601600 22 46 68
600266 34 34 68
600183 38 30 68
000338 31 36 67
600001 38 27 65
600331 34 31 65
000717 35 30 65
600067 33 31 64
600600 34 30 64
600123 31 32 63
600085 32 31 63
601699 32 30 62
600308 30 32 62
601390 37 24 61
600143 33 28 61
600299 32 29 61
600835 30 31 61
600809 24 36 60
600195 27 32 59
600997 39 20 59
600022 32 27 59
000562 30 27 57
600177 28 29 57
000088 31 26 57
600161 30 27 57
000951 29 27 56
000539 33 22 55
000729 31 24 55
000917 27 27 54
000012 29 24 53
000027 25 27 52
600276 25 27 52
600963 26 26 52
000423 28 24 52
600312 23 28 51
600089 25 26 51
600500 24 27 51
600111 28 23 51
600660 29 21 50
600282 26 24 50
000538 21 29 50
000937 28 22 50
000680 24 26 50
601666 33 16 49
600066 25 23 48
000759 27 21 48
600004 23 24 47
600832 24 23 47
000089 25 22 47
601169 27 20 47
600655 23 23 46
000758 28 18 46
000927 23 22 45
000422 26 19 45
600591 23 22 45
600528 21 23 44
600236 24 20 44
600426 23 21 44
600423 24 20 44
601601 28 16 44
600087 27 17 44
000652 21 23 44
600350 24 19 43
000581 25 18 43
000829 24 19 43
600718 20 22 42
600582 22 19 41
600639 20 21 41
600875 19 22 41
600511 24 17 41
600535 23 17 40
600406 20 20 40
000793 15 25 40
000778 19 21 40
600307 20 20 40
000755 20 20 40
000616 19 21 40
000488 22 18 40
600584 22 17 39
000768 22 17 39
600166 20 19 39
600271 20 18 38
600008 22 16 38
600125 20 18 38
600642 19 19 38
600169 19 18 37
600649 20 17 37
000061 20 17 37
000629 19 17 36
600376 24 12 36
600258 17 19 36
000046 19 17 36
601168 13 23 36
002022 22 13 35
600786 18 17 35
600549 18 17 35
000831 18 17 35
000963 21 13 34
000400 19 15 34
600176 17 17 34
600352 20 14 34
000751 18 16 34
600270 19 14 33
000910 18 15 33
600820 21 12 33
000006 15 18 33
600138 16 17 33
002007 18 15 33
600396 19 14 33
600508 19 14 33
600208 15 17 32
600240 16 16 32
000822 15 17 32
600688 17 15 32
600970 14 17 31
000522 18 13 31
600362 20 11 31
600880 18 13 31
000837 16 15 31
600697 17 13 30
000501 18 12 30
600529 16 14 30
000718 19 11 30
600360 17 13 30
600075 18 11 29
000527 14 15 29
000987 17 12 29
600823 18 11 29
601333 14 15 29
000550 14 15 29
600007 14 15 29
600153 17 11 28
600357 15 13 28
600588 14 14 28
000022 14 14 28
600785 15 13 28
600686 14 14 28
000900 15 13 28
600831 13 15 28
600497 15 13 28
002069 10 17 27
600978 15 12 27
002106 14 13 27
600569 16 11 27
600829 14 13 27
600316 10 17 27
600062 18 9 27
600268 16 11 27
600162 16 11 27
600438 11 16 27
600472 11 15 26
600867 14 12 26
600663 12 14 26
600607 13 13 26
002028 11 14 25
600201 15 10 25
600327 11 14 25
600713 15 10 25
002078 14 11 25
600521 13 12 25
000559 13 12 25
600416 11 14 25
000972 12 13 25
600432 14 11 25
000978 10 15 25
600570 11 13 24
600858 13 11 24
000860 11 13 24
601808 13 11 24
600010 14 10 24
600118 14 10 24
600337 13 11 24
000848 11 12 23
600533 14 9 23
000815 10 13 23
000968 16 7 23
600315 14 9 23
600966 14 9 23
600122 13 10 23
000876 10 13 23
600467 11 12 23
000667 11 11 22
000690 14 8 22
600837 13 9 22
600230 11 11 22
600102 12 9 21
600971 13 8 21
600210 11 10 21
000608 11 10 21
600673 12 9 21
000619 10 11 21
600488 12 9 21
600586 10 10 20
000090 10 10 20
600117 12 8 20
600458 10 10 20
600012 10 10 20
600115 12 8 20
600206 9 10 19
601009 9 10 19
600754 10 9 19
600780 10 9 19
600188 10 9 19
600059 8 11 19
002008 13 6 19
000932 10 9 19
002155 9 10 19
002010 10 9 19
000657 10 9 19
000531 10 8 18
000999 8 10 18
000666 8 10 18
600973 6 12 18
000630 10 8 18
600598 11 7 18
600280 10 8 18
600736 11 7 18
000419 9 9 18
600256 8 10 18
000952 10 8 18
600054 8 10 18
600518 10 8 18
600290 9 9 18
000661 9 9 18
000748 9 9 18
600261 8 10 18
002122 14 4 18
600527 8 10 18
000655 9 9 18
600797 10 7 17
600750 8 9 17
600033 9 8 17
002037 9 8 17
002038 9 8 17
600563 10 7 17
600740 8 9 17
000828 8 9 17
000042 8 9 17
600436 7 10 17
600641 10 7 17
000617 6 11 17
600693 10 7 17
600729 9 7 16
000028 12 4 16
000537 11 5 16
002029 10 6 16
600035 9 7 16
000708 10 6 16
600665 8 8 16
600216 10 6 16
000926 7 9 16
000761 9 7 16
600888 8 8 16
002128 9 7 16
002084 6 10 16
600509 9 7 16
600439 8 8 16
601866 7 8 15
600202 10 5 15
600557 11 4 15
600581 10 5 15
000888 7 8 15
600787 6 9 15
002032 8 7 15
000959 8 7 15
002001 8 7 15
600082 8 7 15
600597 8 7 15
000970 8 7 15
600267 8 6 14
002025 6 8 14
600662 7 7 14
600812 8 6 14
600189 9 5 14
002073 7 7 14
600725 6 8 14
600962 7 7 14
000762 9 5 14
002045 7 7 14
600495 6 8 14
600064 4 10 14
600303 7 7 14
600548 7 7 14
600027 6 8 14
000823 6 7 13
600071 5 8 13
002097 8 5 13
000707 7 6 13
600098 6 7 13
000852 6 7 13
000677 8 5 13
600525 7 6 13
600482 6 7 13
000009 8 5 13
600470 6 7 13
600830 8 5 13
000425 6 7 13
600069 9 4 13
600017 8 5 13
002152 10 3 13
600572 6 6 12
601002 6 6 12
000698 6 6 12
600323 7 5 12
600863 7 5 12
600825 7 5 12
600409 7 5 12
600317 6 6 12
600257 6 6 12
600961 7 5 12
600418 6 6 12
600677 6 6 12
600779 8 4 12
600196 8 4 12
600052 6 6 12
600459 5 7 12
600517 6 6 12
600499 6 6 12
000723 7 5 12
600469 6 6 12
000897 5 7 12
600590 6 6 12
600897 6 5 11
002021 4 7 11
600612 6 5 11
600109 6 5 11
002092 8 3 11
600322 5 6 11
000560 6 5 11
000021 4 7 11
000911 6 5 11
000912 6 5 11
002031 5 6 11
600995 6 5 11
000920 5 6 11
600824 5 6 11
600828 7 4 11
600737 6 5 11
600132 5 6 11
600479 8 3 11
600192 5 6 11
000908 6 5 11
000541 5 6 11
600121 5 6 11
600801 7 4 11
000930 5 6 11
000685 6 5 11
002080 6 5 11
600408 6 5 11
001696 4 7 11
000417 6 4 10
600298 4 6 10
600790 5 5 10
600380 5 5 10
600410 3 7 10
002142 6 4 10
002067 7 3 10
600810 4 6 10
600072 5 5 10
600481 5 5 10
600486 5 5 10
002003 5 5 10
600088 4 6 10
600263 7 3 10
600601 5 5 10
600110 4 6 10
000507 6 4 10
002111 6 3 9
600377 7 2 9
600855 5 4 9
600638 4 5 9
600238 5 4 9
600827 4 5 9
600550 3 6 9
600684 5 4 9
600086 6 3 9
600993 4 5 9
600018 5 4 9
600592 5 4 9
600021 4 5 9
000572 3 6 9
600806 5 4 9
600720 4 4 8
002054 5 3 8
600378 4 4 8
600386 4 4 8
000159 5 3 8
000997 5 3 8
600391 5 3 8
000428 2 6 8
600580 4 4 8
600611 4 4 8
002146 6 2 8
600755 2 6 8
002061 5 3 8
600246 5 3 8
000597 5 3 8
000777 2 6 8
600627 4 4 8
002076 4 4 8
600006 5 3 8
600872 4 4 8
600129 3 5 8
600636 3 5 8
600635 5 3 8
002041 3 5 8
600343 4 4 8
600991 4 4 8
600861 3 5 8
600595 4 4 8
000059 4 4 8
002018 4 4 8
000973 4 4 8
600251 4 3 7
002052 3 4 7
600475 4 3 7
600555 4 3 7
002140 5 2 7
002056 3 4 7
600531 4 3 7
002082 3 4 7
000598 3 4 7
000520 3 4 7
600960 4 3 7
000602 4 3 7
000043 3 4 7
000510 3 4 7
600198 3 4 7
600231 3 4 7
600834 4 3 7
000767 3 4 7
600491 4 3 7
600305 4 3 7
600332 4 3 7
000066 4 3 7
002129 4 2 6
600253 3 3 6
600159 3 3 6
000919 3 3 6
600389 4 2 6
600896 3 3 6
000887 3 3 6
000062 3 3 6
600589 3 3 6
600839 2 4 6
000819 2 4 6
002123 4 2 6
000790 3 3 6
000797 4 2 6
002202 4 2 6
002083 3 3 6
002098 3 3 6
600371 2 4 6
600782 3 3 6
600664 3 3 6
600365 4 2 6
600561 3 3 6
000929 3 3 6
000850 2 4 6
600559 4 2 6
000785 4 2 6
002183 5 1 6
600055 3 3 6
600221 3 3 6
600838 3 3 6
600884 3 3 6
600881 3 3 6
000636 3 3 6
002046 2 4 6
000935 3 3 6
600522 3 3 6
002153 6 0 6
600151 3 3 6
600501 3 3 6
601918 0 6 6
000826 3 2 5
000026 2 3 5
000151 3 2 5
002023 2 3 5
000100 2 3 5
000662 3 2 5
600141 3 2 5
002068 4 1 5
002095 3 2 5
000565 3 2 5
000563 4 1 5
000969 3 2 5
600811 2 3 5
600814 2 3 5
600060 3 2 5
002081 3 2 5
002093 4 1 5
002102 3 2 5
600367 3 2 5
600449 3 2 5
600215 2 3 5
000530 2 3 5
600741 3 2 5
600622 2 3 5
600020 2 3 5
600252 5 0 5
000731 3 2 5
600476 3 2 5
601998 2 3 5
000609 2 3 5
600815 3 2 5
601872 3 2 5
000513 3 2 5
002009 2 3 5
000584 3 2 5
600425 3 2 5
600273 3 2 5
600302 2 3 5
600640 2 3 5
000429 2 3 5
000939 2 3 5
000727 2 3 5
000726 3 2 5
600765 3 2 5
600131 3 2 5
601588 2 2 4
002116 2 2 4
600791 2 2 4
601003 2 2 4
600262 2 2 4
000663 2 2 4
000886 2 2 4
600710 2 2 4
000525 2 2 4
000548 2 2 4
000533 2 2 4
000988 2 2 4
600289 1 3 4
600630 2 2 4
000014 1 3 4
002050 2 2 4
000821 2 2 4
600967 3 1 4
600478 2 2 4
000780 2 2 4
601991 2 2 4
600287 2 2 4
600708 2 2 4
600877 1 3 4
600546 2 2 4
002133 3 1 4
000519 2 2 4
000515 3 1 4
600170 2 2 4
000545 2 2 4
600279 2 2 4
002043 2 2 4
600990 2 2 4
600390 2 2 4
000686 2 2 4
000836 2 2 4
600393 2 2 4
600840 2 2 4
002088 4 0 4
002120 2 2 4
002124 2 2 4
600606 3 1 4
600160 2 2 4
600805 2 2 4
600587 1 2 3
000418 2 1 3
000830 2 1 3
600650 1 2 3
000534 2 1 3
600375 2 1 3
600420 1 2 3
600854 1 2 3
000882 2 1 3
600379 1 2 3
600538 2 1 3
600328 2 1 3
000567 2 1 3
000798 1 2 3
600485 1 2 3
002101 2 1 3
000716 2 1 3
600704 2 1 3
000903 2 1 3
000975 1 2 3
000859 2 1 3
600284 2 1 3
600738 2 1 3
002070 1 2 3
600874 1 2 3
600135 1 2 3
000922 1 2 3
600702 3 0 3
600871 1 2 3
002132 2 1 3
600682 2 1 3
600770 2 1 3
600197 2 1 3
002004 1 2 3
000906 1 2 3
002048 2 1 3
600496 1 2 3
600126 1 2 3
600084 1 2 3
000877 2 1 3
002005 1 2 3
002177 3 0 3
600764 1 2 3
002017 2 1 3
002013 1 2 3
600330 2 1 3
600232 2 1 3
600487 2 1 3
600460 1 2 3
000875 2 1 3
600804 2 1 3
000516 0 3 3
000155 1 1 2
000628 1 1 2
600723 1 1 2
600726 1 1 2
002194 2 0 2
002110 2 0 2
600265 1 1 2
600651 1 1 2
600653 1 1 2
600074 1 1 2
000923 1 1 2
600382 1 1 2
000407 1 1 2
600578 1 1 2
600363 1 1 2
600200 1 1 2
000990 1 1 2
000998 1 1 2
600366 1 1 2
601005 1 1 2
600359 1 1 2
600277 1 1 2
600429 1 1 2
000949 1 1 2
000068 1 1 2
002147 2 0 2
000881 1 1 2
002063 1 1 2
600247 1 1 2
002064 1 1 2
002094 1 1 2
600107 1 1 2
600106 1 1 2
600243 1 1 2
000566 1 1 2
000961 1 1 2
600405 1 1 2
000966 1 1 2
000700 1 1 2
600351 1 1 2
000796 1 1 2
000637 1 1 2
600868 1 1 2
000868 1 1 2
600168 1 1 2
600798 1 1 2
600358 1 1 2
600217 1 1 2
600211 1 1 2
600285 1 1 2
600281 1 1 2
600889 1 1 2
600634 1 1 2
600621 1 1 2
600182 1 1 2
002071 1 1 2
600520 1 1 2
002154 1 1 2
600821 1 1 2
600826 1 1 2
600133 1 1 2
600388 2 0 2
000521 1 1 2
000786 1 1 2
601999 1 1 2
000600 1 1 2
000607 1 1 2
600679 1 1 2
002187 2 0 2
600452 1 1 2
600461 1 1 2
000582 1 1 2
600301 1 1 2
000011 1 1 2
600356 1 1 2
600300 1 1 2
600063 2 0 2
000078 1 1 2
000936 1 1 2
600068 1 1 2
002047 1 1 2
002074 1 1 2
000632 1 1 2
002164 1 1 2
600643 1 1 2
000668 1 1 2
600463 1 1 2
600865 1 1 2
000683 1 1 2
000687 1 1 2
000838 1 1 2
000712 1 1 2
600594 1 1 2
600599 1 1 2
600199 1 1 2
002086 1 1 2
002012 1 1 2
600114 1 1 2
600233 1 1 2
000976 1 1 2
600566 1 1 2
000899 1 1 2
600803 1 1 2
000958 0 2 2
002065 0 2 2
002006 0 2 2
002051 1 0 1
600372 1 0 1
600985 1 0 1
600205 1 0 1
601008 1 0 1
600536 1 0 1
600816 1 0 1
600108 1 0 1
600175 1 0 1
000635 1 0 1
600446 1 0 1
002179 1 0 1
000050 1 0 1
000503 1 0 1
002170 1 0 1
600203 1 0 1
600683 1 0 1
002131 1 0 1
002138 1 0 1
600674 1 0 1
002181 1 0 1
000016 1 0 1
002121 1 0 1
002011 1 0 1
000036 1 0 1
000158 0 1 1
600094 0 1 1
600576 0 1 1
600894 0 1 1
002039 0 1 1
000962 0 1 1
002201 0 1 1
600156 0 1 1
600860 0 1 1
000811 0 1 1
600090 0 1 1
002191 0 1 1
002033 0 1 1
600212 0 1 1
600732 0 1 1
600184 0 1 1
600749 0 1 1
002172 0 1 1
002075 0 1 1
600480 0 1 1
000733 0 1 1
600056 0 1 1
600992 0 1 1
002036 0 1 1
002171 0 1 1
600552 0 1 1
002019 0 1 1
002014 0 1 1
600237 0 1 1
000659 0 1 1
600802 0 1 1
