600028 43 35 78
600050 34 38 72
600036 33 31 64
600900 32 31 63
600019 26 32 58
600688 22 26 48
600029 22 26 48
600104 19 29 48
600009 23 21 44
600016 23 17 40
000002 24 16 40
000100 19 21 40
600011 20 19 39
000866 18 21 39
600002 20 18 38
000898 21 17 38
000063 18 17 35
000088 16 18 34
600000 16 15 31
600018 9 19 28
000039 18 10 28
600026 14 13 27
000027 15 11 26
600205 11 15 26
600031 15 11 26
600005 12 12 24
600642 7 17 24
600795 6 17 23
000800 8 14 22
000581 14 8 22
000983 15 6 21
600519 14 7 21
000068 12 9 21
000630 9 11 20
600585 11 9 20
600660 10 9 19
600188 15 4 19
600362 6 12 18
600500 11 5 16
600808 8 7 15
000629 7 7 14
000717 7 7 14
600348 8 6 14
600123 9 4 13
000920 9 4 13
000729 12 1 13
600183 3 10 13
600887 6 7 13
600591 6 6 12
000066 9 3 12
000625 7 4 11
600085 6 5 11
600308 4 7 11
000858 1 10 11
600717 5 5 10
600270 2 8 10
600597 5 5 10
600004 4 6 10
000895 7 3 10
000488 8 2 10
600710 5 4 9
000726 9 0 9
600812 4 5 9
000400 4 5 9
600210 3 6 9
600886 9 0 9
600296 6 3 9
000927 3 6 9
000968 6 3 9
000825 3 5 8
600309 2 6 8
000037 4 4 8
600600 5 3 8
600020 1 7 8
600428 6 2 8
600030 4 4 8
600740 4 4 8
000089 8 0 8
000060 5 3 8
000550 2 5 7
000024 4 3 7
000727 6 1 7
000612 5 2 7
600360 6 1 7
600460 5 2 7
600563 5 2 7
600282 6 1 7
600037 6 1 7
000069 5 2 7
600415 5 1 6
000636 3 3 6
000157 3 3 6
000532 5 1 6
600267 5 1 6
600220 4 2 6
600839 3 3 6
600583 1 5 6
600584 4 2 6
600825 4 1 5
600497 5 0 5
000012 5 0 5
000792 3 2 5
600780 3 2 5
600418 4 1 5
600008 3 2 5
000022 4 1 5
000680 1 4 5
600475 3 2 5
600207 4 1 5
600060 2 3 5
600602 2 3 5
000999 3 2 5
000541 5 0 5
600100 2 3 5
000651 4 1 5
000659 4 1 5
000001 3 2 5
000009 3 2 5
600827 2 2 4
600074 2 2 4
000725 3 1 4
600386 2 2 4
600012 3 1 4
000528 3 1 4
600477 1 3 4
000525 3 1 4
600276 4 0 4
000511 2 2 4
600595 3 1 4
600071 4 0 4
600166 1 3 4
000402 4 0 4
600143 2 2 4
600408 2 2 4
600406 3 1 4
600997 0 4 4
600694 2 1 3
000700 1 2 3
600521 3 0 3
600089 2 1 3
000956 2 1 3
600066 1 2 3
600307 1 2 3
600303 2 1 3
600863 2 1 3
000538 3 0 3
600547 1 2 3
000527 3 0 3
000758 1 2 3
600177 2 1 3
600569 2 1 3
000839 1 2 3
000518 1 2 3
000515 3 0 3
002001 1 2 3
600598 1 2 3
600707 1 2 3
600674 1 2 3
600726 2 1 3
600333 2 1 3
600096 3 0 3
600035 1 2 3
000763 2 1 3
000731 2 1 3
000939 3 0 3
600320 1 2 3
600884 2 1 3
600481 2 1 3
000969 3 0 3
600015 0 3 3
002002 0 3 3
600022 0 3 3
000677 1 1 2
600317 1 1 2
600870 1 1 2
600967 1 1 2
000623 1 1 2
000016 1 1 2
600895 1 1 2
600087 1 1 2
600001 1 1 2
600641 1 1 2
000933 2 0 2
000631 2 0 2
600992 1 1 2
000021 2 0 2
000028 1 1 2
600467 1 1 2
600153 1 1 2
600985 1 1 2
600260 1 1 2
000831 1 1 2
600663 1 1 2
600269 1 1 2
000902 1 1 2
600420 1 1 2
600367 1 1 2
000031 1 1 2
000617 1 1 2
600456 1 1 2
600171 1 1 2
600057 1 1 2
000510 1 1 2
600594 2 0 2
600601 1 1 2
600607 1 1 2
000050 1 1 2
600161 2 0 2
600552 1 1 2
600232 2 0 2
000498 1 1 2
000070 1 1 2
600508 1 1 2
600111 1 1 2
000767 2 0 2
600835 1 1 2
600875 1 1 2
600744 1 1 2
600573 1 1 2
000937 1 1 2
000401 2 0 2
600323 1 1 2
600322 1 1 2
600383 1 1 2
600631 1 1 2
000960 1 1 2
600135 2 0 2
600966 0 2 2
600991 0 2 2
002005 0 2 2
000817 0 2 2
600352 0 2 2
002008 0 2 2
600221 0 2 2
000778 0 2 2
600611 0 2 2
600421 0 2 2
600609 1 0 1
000822 1 0 1
600495 1 0 1
600517 1 0 1
600125 1 0 1
000543 1 0 1
000542 1 0 1
000425 1 0 1
000783 1 0 1
000930 1 0 1
000423 1 0 1
600718 1 0 1
600790 1 0 1
000531 1 0 1
000520 1 0 1
000926 1 0 1
600375 1 0 1
000807 1 0 1
600960 1 0 1
600879 1 0 1
600871 1 0 1
600706 1 0 1
600705 1 0 1
600572 1 0 1
600201 1 0 1
600366 1 0 1
600675 1 0 1
600115 1 0 1
600770 1 0 1
000688 1 0 1
600458 1 0 1
600058 1 0 1
600055 1 0 1
600198 1 0 1
600596 1 0 1
000662 1 0 1
600160 1 0 1
000806 1 0 1
600288 1 0 1
600289 1 0 1
600488 1 0 1
600550 1 0 1
600182 1 0 1
000503 1 0 1
600823 1 0 1
600582 1 0 1
000006 1 0 1
000869 1 0 1
000709 1 0 1
600119 1 0 1
600291 1 0 1
600331 1 0 1
600187 1 0 1
600236 1 0 1
600223 1 0 1
000568 1 0 1
600108 1 0 1
600439 1 0 1
000875 1 0 1
000958 1 0 1
000422 1 0 1
600803 1 0 1
600880 1 0 1
600480 1 0 1
000593 1 0 1
600561 1 0 1
600866 0 1 1
600963 0 1 1
600962 0 1 1
600493 0 1 1
600811 0 1 1
600815 0 1 1
002003 0 1 1
600469 0 1 1
600990 0 1 1
000876 0 1 1
000989 0 1 1
600761 0 1 1
000988 0 1 1
600202 0 1 1
600981 0 1 1
600980 0 1 1
000912 0 1 1
600114 0 1 1
600395 0 1 1
600190 0 1 1
600690 0 1 1
002004 0 1 1
002006 0 1 1
002009 0 1 1
600461 0 1 1
600733 0 1 1
600649 0 1 1
002010 0 1 1
600426 0 1 1
600357 0 1 1
600350 0 1 1
600755 0 1 1
600292 0 1 1
600535 0 1 1
600976 0 1 1
600483 0 1 1
600635 0 1 1
600138 0 1 1
