601166 223 272 495
000002 233 210 443
600048 182 226 408
600016 177 208 385
601318 161 210 371
600837 160 195 355
600519 147 175 322
600030 130 185 315
600000 132 176 308
600383 158 146 304
000024 135 148 283
600585 129 147 276
000001 120 127 247
600887 137 103 240
600104 99 138 237
000651 100 137 237
002241 138 93 231
601601 90 134 224
600036 92 130 222
002415 126 88 214
000625 115 97 212
000423 96 104 200
600518 86 80 166
601117 79 87 166
600809 77 88 165
601628 47 114 161
601169 61 99 160
600406 99 56 155
600315 70 81 151
601788 68 80 148
000100 74 71 145
000063 79 65 144
000895 72 70 142
000157 60 81 141
002236 70 70 140
002081 71 66 137
002146 66 67 133
600703 85 45 130
600031 50 79 129
002106 67 62 129
000581 62 65 127
000069 41 84 125
601901 60 63 123
600028 52 70 122
601699 55 67 122
600276 58 63 121
601668 57 62 119
300115 70 49 119
300027 70 47 117
002038 68 49 117
002375 59 57 116
600332 71 45 116
000049 59 56 115
002273 51 61 112
300070 63 48 111
601288 58 53 111
600418 54 56 110
600011 46 64 110
600690 42 61 103
002456 47 54 101
000400 57 44 101
600309 49 51 100
600256 55 44 99
600805 38 61 99
600079 49 48 97
300088 57 39 96
000538 47 48 95
600199 45 50 95
600535 40 54 94
002482 46 45 91
002140 43 48 91
000826 48 43 91
600157 36 54 90
600352 57 33 90
000937 42 47 89
000568 33 55 88
600596 49 39 88
000800 48 40 88
002450 47 40 87
600261 56 31 87
600801 43 44 87
600637 52 34 86
002570 50 34 84
000858 33 51 84
600376 33 51 84
600795 44 39 83
600067 45 38 83
002353 58 24 82
000999 33 48 81
002230 38 42 80
600066 35 45 80
601633 36 43 79
600362 38 39 77
601377 31 46 77
002005 53 24 77
600060 34 43 77
600388 33 43 76
300058 48 28 76
002385 33 43 76
601328 30 45 75
000338 34 41 75
601888 36 38 74
002431 40 33 73
300090 39 34 73
601398 29 43 72
000848 42 30 72
600557 30 41 71
601088 25 46 71
600340 41 30 71
300136 41 30 71
000028 35 35 70
002022 47 23 70
000661 39 31 70
600062 32 37 69
000401 33 35 68
002310 33 35 68
000725 38 30 68
601009 24 44 68
000731 40 27 67
600312 34 32 66
600702 28 38 66
002138 40 26 66
600015 23 43 66
000963 30 35 65
000776 21 44 65
600498 35 30 65
601607 34 31 65
600108 42 22 64
000527 38 26 64
600741 14 50 64
600252 46 18 64
600594 31 33 64
300104 31 32 63
600583 40 23 63
600867 44 19 63
601998 24 39 63
300026 35 26 61
300083 32 29 61
300273 41 20 61
600089 39 22 61
002400 32 29 61
300251 30 30 60
000671 29 31 60
002325 34 25 59
601299 26 33 59
600521 31 28 59
300228 31 28 59
600085 30 29 59
002304 21 38 59
002065 31 27 58
000961 26 32 58
601688 28 30 58
601336 29 29 58
600123 21 36 57
600422 25 31 56
601006 30 26 56
300105 24 32 56
002294 20 36 56
300024 32 24 56
300168 26 30 56
600348 30 26 56
000656 29 27 56
600750 28 27 55
600511 26 29 55
600597 29 25 54
300113 29 24 53
600559 23 30 53
300017 29 24 53
002008 26 27 53
600880 32 21 53
300315 32 21 53
600720 29 23 52
600196 26 26 52
000012 29 23 52
002305 30 22 52
002055 30 21 51
002007 31 20 51
600372 30 20 50
300074 32 18 50
000562 20 30 50
600570 22 27 49
002638 31 18 49
002250 23 26 49
600027 26 23 49
002244 22 26 48
600546 21 27 48
601886 22 26 48
600153 23 24 47
002422 23 24 47
002028 26 20 46
000525 25 21 46
601928 34 12 46
000970 22 24 46
600166 21 25 46
300079 27 18 45
002635 24 21 45
601669 12 33 45
300207 20 24 44
000596 22 22 44
002646 27 17 44
300303 28 16 44
600886 25 19 44
600050 22 22 44
600547 14 30 44
300039 16 28 44
600395 17 26 43
300133 28 15 43
002573 23 19 42
002554 23 19 42
002073 22 20 42
000513 17 25 42
300124 25 17 42
002440 26 16 42
300072 21 20 41
002063 21 20 41
600329 20 21 41
300241 18 23 41
300014 22 19 41
000050 24 17 41
300146 25 15 40
300059 21 19 40
600999 19 21 40
000630 15 24 39
000522 18 21 39
002475 19 20 39
002223 22 17 39
000598 15 23 38
300182 20 18 38
600316 22 16 38
300057 23 15 38
300005 18 20 38
002653 18 20 38
300020 20 17 37
000917 22 15 37
002630 24 13 37
600900 17 20 37
600267 20 17 37
601939 20 17 37
600366 24 12 36
000783 11 25 36
002104 24 12 36
002292 23 13 36
002317 18 18 36
002311 15 21 36
600118 17 19 36
600804 18 18 36
002271 21 14 35
002024 15 20 35
002064 21 14 35
300205 22 13 35
601989 19 16 35
601766 11 24 35
600517 21 14 35
000860 20 15 35
600549 11 24 35
600587 16 18 34
002142 11 23 34
002672 15 19 34
002508 19 15 34
300212 20 14 34
601311 19 14 33
600138 11 22 33
002477 16 17 33
300197 19 14 33
000888 16 17 33
600161 19 14 33
600184 21 12 33
600728 23 9 32
600073 22 10 32
002594 16 16 32
600389 16 16 32
600208 14 18 32
000669 18 14 32
002421 15 17 32
002152 16 16 32
601818 14 18 32
002051 15 16 31
002091 17 14 31
600489 11 20 31
600125 13 18 31
600694 7 24 31
600765 12 19 31
002029 9 21 30
300157 21 9 30
002049 14 16 30
600086 14 16 30
000718 10 20 30
000998 14 15 29
002410 16 13 29
600976 15 14 29
000060 14 15 29
600486 17 12 29
601992 13 16 29
600197 13 16 29
002405 13 16 29
600387 17 11 28
600403 14 14 28
600143 10 18 28
600705 20 8 28
600686 17 11 28
600739 12 16 28
300253 16 11 27
002663 17 10 27
600369 13 14 27
601231 14 13 27
002179 14 13 27
300128 12 15 27
600572 14 12 26
300336 15 11 26
601988 14 12 26
601933 17 9 26
002299 12 14 26
601918 11 15 26
000915 16 10 26
600009 12 14 26
300274 13 13 26
000887 12 14 26
002368 13 13 26
002620 13 12 25
002293 9 16 25
002429 10 15 25
600162 14 11 25
002255 19 6 25
000960 12 13 25
601965 16 9 25
000789 11 14 25
300055 17 8 25
600426 8 17 25
600292 14 11 25
300048 15 10 25
603000 14 11 25
002376 12 12 24
600373 9 15 24
002234 13 11 24
601139 12 12 24
002035 14 10 24
000650 11 13 24
600318 10 14 24
002603 11 13 24
002004 12 12 24
002439 12 12 24
600420 16 8 24
000933 13 11 24
002344 9 15 24
300147 13 10 23
002185 17 6 23
000786 8 15 23
002041 12 11 23
600499 12 11 23
600436 8 15 23
600993 12 11 23
300267 6 17 23
002308 12 11 23
002501 9 13 22
000639 11 11 22
002550 13 9 22
600872 16 6 22
002262 13 9 22
601233 10 12 22
002080 16 6 22
600600 11 11 22
600029 11 11 22
600111 4 18 22
000430 12 10 22
002023 11 10 21
300101 10 11 21
002398 10 11 21
002172 9 12 21
300054 13 8 21
300291 12 9 21
601877 12 9 21
000728 5 16 21
600266 7 14 21
600859 6 14 20
600858 6 14 20
601857 8 12 20
600660 8 12 20
000528 7 13 20
002551 12 8 20
600967 8 12 20
000926 3 17 20
600059 9 11 20
600633 13 7 20
600497 15 5 20
300002 11 9 20
002221 8 12 20
300037 9 11 20
000869 7 12 19
300171 7 12 19
300170 11 8 19
300177 8 11 19
601186 8 11 19
002148 11 8 19
600325 7 12 19
002466 13 6 19
002037 7 12 19
601258 14 5 19
000418 8 11 19
600458 4 15 19
300198 10 9 19
601111 10 9 19
601808 9 10 19
000876 9 10 19
000629 5 13 18
601555 8 10 18
600271 6 12 18
300075 11 7 18
002480 10 8 18
600109 7 11 18
600563 10 8 18
300110 8 10 18
002013 9 9 18
002001 8 10 18
300270 7 11 18
600674 8 10 18
000768 10 8 18
000540 10 8 18
600718 8 10 18
002226 11 7 18
600761 10 8 18
300219 10 8 18
300047 12 6 18
300134 9 9 18
601222 10 7 17
000997 9 8 17
002331 7 10 17
002462 8 9 17
600812 8 9 17
002589 7 10 17
002618 8 9 17
300188 10 7 17
000983 5 12 17
002587 8 9 17
600645 13 4 17
600990 10 7 17
300001 9 8 17
000712 14 3 17
600509 6 11 17
002656 5 12 17
300284 9 8 17
300289 8 9 17
000655 6 11 17
002277 7 9 16
600978 9 7 16
000417 3 13 16
300257 7 9 16
600571 7 9 16
600552 9 7 16
601118 8 8 16
600409 8 8 16
300337 9 7 16
600863 7 9 16
002588 5 11 16
600216 9 7 16
300347 6 10 16
002327 8 8 16
002219 9 7 16
002358 9 7 16
600889 9 7 16
600495 8 8 16
000690 5 11 16
600729 7 8 15
000530 8 7 15
002690 7 8 15
300071 10 5 15
300077 10 5 15
600582 4 11 15
600038 9 6 15
002567 8 7 15
000402 5 10 15
002557 8 7 15
601238 9 6 15
002396 6 9 15
002511 8 7 15
000550 6 9 15
002011 12 3 15
601991 10 5 15
600649 12 3 15
600305 9 6 15
000726 12 3 15
000680 9 6 15
600763 5 10 15
600527 5 10 15
600335 10 5 15
600893 4 10 14
000539 5 9 14
000861 4 10 14
002524 8 6 14
000006 7 7 14
600240 7 7 14
002568 7 7 14
002296 7 7 14
601333 5 9 14
000553 8 6 14
002437 7 7 14
000425 6 8 14
601012 8 6 14
300006 6 8 14
000503 8 6 14
002155 3 11 14
002018 8 6 14
300287 8 6 14
300322 7 7 14
300288 7 7 14
002571 11 2 13
600894 7 6 13
002285 6 7 13
000920 8 5 13
000748 7 6 13
002565 9 4 13
600699 8 5 13
600522 7 6 13
300015 9 4 13
300155 8 5 13
600879 8 5 13
002509 7 6 13
002503 4 9 13
600428 8 5 13
002313 9 4 13
601800 5 8 13
002266 4 9 13
002612 4 9 13
002157 7 6 13
002408 5 8 13
002658 6 7 13
300041 7 6 13
002275 6 6 12
002649 5 7 12
002583 7 5 12
600280 4 8 12
601208 7 5 12
002458 7 5 12
000415 5 7 12
002474 5 7 12
300271 9 3 12
300196 10 2 12
300352 7 5 12
601058 5 7 12
600884 6 6 12
002572 6 5 11
300255 5 6 11
000521 8 3 11
002628 6 5 11
300178 5 6 11
600612 5 6 11
002467 5 6 11
000792 4 7 11
002564 6 5 11
300296 6 5 11
000811 6 5 11
600668 6 5 11
002154 2 9 11
300298 8 3 11
000733 7 4 11
300012 6 5 11
601390 5 6 11
002683 6 5 11
000422 2 9 11
000979 5 6 11
300314 4 7 11
002309 5 6 11
000830 6 5 11
300004 5 6 11
600239 2 9 11
300328 5 6 11
002249 7 3 10
002052 5 5 10
002020 3 7 10
600479 5 5 10
000561 5 5 10
600401 7 3 10
002369 4 6 10
002367 6 4 10
600639 5 5 10
002021 6 4 10
300068 4 6 10
600201 7 3 10
000059 2 8 10
000046 3 7 10
600231 3 7 10
600425 4 6 10
600298 5 5 10
300145 7 3 10
600345 6 4 10
600467 3 7 10
600697 2 8 10
600141 2 8 10
601126 8 2 10
300139 6 4 10
300256 5 4 9
002116 4 5 9
600655 5 4 9
000536 3 6 9
300086 4 5 9
600578 3 6 9
600588 5 4 9
000951 3 6 9
002660 6 3 9
300332 3 6 9
002254 5 4 9
300144 6 3 9
600098 3 6 9
000989 5 4 9
600446 4 5 9
603366 7 2 9
300187 5 4 9
002643 6 3 9
002258 4 5 9
002324 4 5 9
002078 4 5 9
600525 4 5 9
002479 4 5 9
300309 6 3 9
600526 4 5 9
002215 6 3 9
601158 6 3 9
600176 3 6 9
300199 6 3 9
300229 5 4 9
300122 4 5 9
000426 5 4 9
002042 5 4 9
000686 4 5 9
002123 3 6 9
000501 2 7 9
300218 4 5 9
002655 4 5 9
300324 5 4 9
000893 6 3 9
600068 0 9 9
601010 1 7 8
002129 3 5 8
300252 6 2 8
002025 3 5 8
002528 4 4 8
300206 8 0 8
300202 4 4 8
002664 4 4 8
002701 6 2 8
300334 5 3 8
002391 5 3 8
600817 5 3 8
000039 5 3 8
601566 2 6 8
002322 3 5 8
300261 4 4 8
600731 4 4 8
600284 3 5 8
300119 5 3 8
002251 4 4 8
600135 4 4 8
600008 3 5 8
002216 4 4 8
601098 5 3 8
002428 4 4 8
002507 3 5 8
002500 3 5 8
600177 4 4 8
600775 4 4 8
002648 4 4 8
300052 3 5 8
002318 6 2 8
000413 4 4 8
300096 4 4 8
300164 4 4 8
002342 5 3 8
000898 5 3 8
300216 4 4 8
000778 1 7 8
300043 4 4 8
000977 5 3 8
002301 3 5 8
300032 4 4 8
300137 4 4 8
601717 2 5 7
600151 6 1 7
002284 6 1 7
002371 3 4 7
000061 5 2 7
300351 3 4 7
002068 5 2 7
000407 5 2 7
002465 4 3 7
601908 5 2 7
002364 5 2 7
002033 3 4 7
600187 4 3 7
000927 4 3 7
300346 7 0 7
600823 1 6 7
300349 5 2 7
002497 3 4 7
000921 2 5 7
600983 3 4 7
002079 5 2 7
600481 4 3 7
300232 4 3 7
300300 4 3 7
300301 5 2 7
601100 3 4 7
601101 3 4 7
600056 3 4 7
002496 3 4 7
300194 4 3 7
600270 4 3 7
002549 5 2 7
300224 3 4 7
002340 3 4 7
300210 3 4 7
600115 2 5 7
300285 4 3 7
002298 3 4 7
002303 5 2 7
000716 3 4 7
300034 4 3 7
000566 0 7 7
000156 3 3 6
002457 3 3 6
600010 3 3 6
002470 2 4 6
300302 3 3 6
002332 3 3 6
601898 2 4 6
000982 3 3 6
002481 3 3 6
000543 1 5 6
000739 2 4 6
002665 4 2 6
000563 2 4 6
002469 3 3 6
601038 3 3 6
002202 4 2 6
002100 3 3 6
000919 1 5 6
002032 4 2 6
600970 4 2 6
000592 2 4 6
600285 3 3 6
600827 2 4 6
002698 3 3 6
002491 4 2 6
600742 4 2 6
000966 3 3 6
600783 4 2 6
300295 3 3 6
300233 3 3 6
600724 3 3 6
600469 2 4 6
002159 3 3 6
002414 3 3 6
300016 2 4 6
300156 1 5 6
600688 2 4 6
000608 3 3 6
600707 1 5 6
600675 2 4 6
600459 3 3 6
601899 1 5 6
600881 2 4 6
600770 4 2 6
300222 2 4 6
002168 3 3 6
000877 2 4 6
002447 2 4 6
000612 4 2 6
002069 4 2 6
002010 4 2 6
300217 5 1 6
300215 3 3 6
600500 4 2 6
600529 2 4 6
600337 4 2 6
000807 3 3 6
600230 3 3 6
002302 3 3 6
000623 1 4 5
002056 4 1 5
002117 3 2 5
002287 2 3 5
600375 2 3 5
300030 3 2 5
600380 1 4 5
600200 2 3 5
300326 3 2 5
000996 2 3 5
600581 2 3 5
600537 3 2 5
300204 3 2 5
601958 3 2 5
600101 3 2 5
002463 3 2 5
002460 3 2 5
000793 3 2 5
300142 3 2 5
600438 1 4 5
002281 3 2 5
300244 3 2 5
002586 1 4 5
601369 1 4 5
600664 2 3 5
002393 1 4 5
000009 4 1 5
600468 2 3 5
300159 3 2 5
600787 1 4 5
000045 3 2 5
600055 4 1 5
600223 2 3 5
600835 3 2 5
002566 2 3 5
002269 2 3 5
002048 4 1 5
002167 1 4 5
600642 2 3 5
600391 2 3 5
600019 1 4 5
002345 2 3 5
002341 1 4 5
000750 2 3 5
002430 1 4 5
300044 3 2 5
300036 1 4 5
000799 0 5 5
600502 0 5 5
600778 0 5 5
600496 0 5 5
002378 2 2 4
002061 3 1 4
300008 2 2 4
300050 1 3 4
300259 2 2 4
600150 2 2 4
002283 2 2 4
600158 2 2 4
600658 1 3 4
000537 1 3 4
002695 1 3 4
002454 2 2 4
601388 1 3 4
002335 2 2 4
600850 2 2 4
600528 1 3 4
000428 3 1 4
002526 2 2 4
002520 2 2 4
600754 3 1 4
002412 2 2 4
300085 2 2 4
002662 1 3 4
000831 2 2 4
000707 2 2 4
002111 2 2 4
600351 1 3 4
002092 2 2 4
002563 1 3 4
002108 3 1 4
600149 2 2 4
002297 2 2 4
002529 2 2 4
600712 1 3 4
600791 2 2 4
000705 3 1 4
002030 2 2 4
000088 2 2 4
000590 2 2 4
000591 2 2 4
300181 3 1 4
600737 3 1 4
300183 3 1 4
000925 2 2 4
300348 2 2 4
000780 1 3 4
600185 2 2 4
600636 2 2 4
002050 2 2 4
600523 3 1 4
600874 2 2 4
002671 2 2 4
002674 3 1 4
000551 2 2 4
600006 2 2 4
600416 3 1 4
000738 2 2 4
002214 1 3 4
000603 2 2 4
600683 2 2 4
002139 2 2 4
002183 2 2 4
600776 2 2 4
002438 2 2 4
600515 2 2 4
300022 2 2 4
000584 3 1 4
300297 2 2 4
000868 3 1 4
600832 2 2 4
000797 1 3 4
600088 3 1 4
002406 2 2 4
300282 2 2 4
002444 2 2 4
000729 3 1 4
600354 2 2 4
002237 2 2 4
002535 1 3 4
002153 2 2 4
002014 4 0 4
002289 2 2 4
600237 1 3 4
600487 2 2 4
002650 2 2 4
300323 3 1 4
002307 2 2 4
000878 2 2 4
002661 0 4 4
000709 0 4 4
600780 0 4 4
600785 0 4 4
002433 0 4 4
600895 2 1 3
601216 2 1 3
000026 1 2 3
300080 3 0 3
600360 2 1 3
600475 1 2 3
002626 2 1 3
601001 2 1 3
002673 1 2 3
002338 2 1 3
601678 1 2 3
000885 2 1 3
601179 3 0 3
002522 1 2 3
002521 2 1 3
002484 1 2 3
600580 2 1 3
601919 2 1 3
600039 1 2 3
000880 2 1 3
600536 2 1 3
300209 1 2 3
300203 1 2 3
600100 1 2 3
600584 3 0 3
000816 1 2 3
002443 1 2 3
600816 2 1 3
000796 1 2 3
002206 2 1 3
000027 1 2 3
002151 1 2 3
600666 1 2 3
600829 1 2 3
600365 3 0 3
002034 2 1 3
002351 2 1 3
600562 2 1 3
300010 1 2 3
600219 1 2 3
000597 2 1 3
000988 1 2 3
600435 1 2 3
600820 1 2 3
600969 1 2 3
300066 2 1 3
002666 2 1 3
600188 2 1 3
600875 2 1 3
600259 2 1 3
300299 2 1 3
002161 1 2 3
600262 1 2 3
000761 1 2 3
002604 2 1 3
300011 2 1 3
601799 2 1 3
601002 1 2 3
600195 1 2 3
600054 2 1 3
002499 2 1 3
600456 1 2 3
002582 1 2 3
300275 1 2 3
600885 3 0 3
002532 1 2 3
600648 2 1 3
000516 1 2 3
300310 2 1 3
600998 2 1 3
600018 1 2 3
601866 1 2 3
600449 1 2 3
601018 1 2 3
300009 3 0 3
603167 2 1 3
600693 2 1 3
002084 2 1 3
002531 2 1 3
600704 1 2 3
601515 1 2 3
002017 2 1 3
002158 2 1 3
600415 1 2 3
300045 1 2 3
603002 1 2 3
300033 2 1 3
300201 0 3 3
600560 0 3 3
000987 0 3 3
002632 0 3 3
600221 0 3 3
300167 0 3 3
600021 0 3 3
600233 0 3 3
002276 1 1 2
000099 1 1 2
002373 1 1 2
002370 1 1 2
600725 1 1 2
601588 2 0 2
000823 1 1 2
002054 2 0 2
002118 1 1 2
002115 1 1 2
000559 1 1 2
601313 1 1 2
600072 1 1 2
300087 1 1 2
600386 1 1 2
000993 1 1 2
002349 1 1 2
600291 1 1 2
600272 1 1 2
600277 1 1 2
000564 1 1 2
000619 1 1 2
600851 2 0 2
600005 2 0 2
300021 1 1 2
600757 2 0 2
002094 1 1 2
600429 1 1 2
600243 1 1 2
002067 1 1 2
600979 1 1 2
300331 1 1 2
300335 2 0 2
300082 2 0 2
002088 1 1 2
000708 1 1 2
300123 1 1 2
002207 1 1 2
002205 1 1 2
600353 1 1 2
600716 1 1 2
600713 1 1 2
600781 1 1 2
002199 1 1 2
300293 1 1 2
600651 1 1 2
002424 1 1 2
600561 1 1 2
600217 1 1 2
600288 1 1 2
002329 1 1 2
600826 1 1 2
601107 1 1 2
000090 1 1 2
601666 2 0 2
300118 1 1 2
600721 1 1 2
002259 2 0 2
000078 1 1 2
601618 1 1 2
600839 1 1 2
002176 1 1 2
000968 1 1 2
000416 1 1 2
600963 1 1 2
000552 1 1 2
000735 1 1 2
600586 1 1 2
000732 1 1 2
600577 1 1 2
600873 2 0 2
600470 1 1 2
300227 2 0 2
600962 1 1 2
002601 1 1 2
601028 1 1 2
300312 1 1 2
000788 1 1 2
300175 1 1 2
000957 1 1 2
000609 1 1 2
601798 2 0 2
000839 1 1 2
002131 1 1 2
600126 1 1 2
600676 1 1 2
002181 1 1 2
002184 1 1 2
600192 1 1 2
600058 1 1 2
600198 1 1 2
002416 1 1 2
300148 1 1 2
600516 1 1 2
600339 1 1 2
300193 1 1 2
600643 1 1 2
300294 2 0 2
002315 1 1 2
002312 2 0 2
000886 1 1 2
000767 1 1 2
000766 1 1 2
002256 1 1 2
300125 1 1 2
002541 1 1 2
002544 1 1 2
002547 1 1 2
002384 1 1 2
002261 1 1 2
600635 1 1 2
300049 1 1 2
002045 1 1 2
000016 1 1 2
002339 1 1 2
002441 1 1 2
002449 2 0 2
000722 2 0 2
000931 1 1 2
002614 1 1 2
600268 2 0 2
600871 1 1 2
600120 1 1 2
000031 1 1 2
600782 1 1 2
603001 1 1 2
002171 1 1 2
600845 1 1 2
002189 1 1 2
002089 1 1 2
002120 2 0 2
002126 1 1 2
002177 2 0 2
600592 2 0 2
603008 1 1 2
300240 1 1 2
002536 1 1 2
000007 1 1 2
001696 2 0 2
600112 1 1 2
600507 1 1 2
000809 1 1 2
000333 1 1 2
000975 1 1 2
000978 1 1 2
601880 1 1 2
600802 1 1 2
300035 1 1 2
300031 2 0 2
300038 1 1 2
002407 0 2 2
601718 0 2 2
300062 0 2 2
600784 0 2 2
000635 0 2 2
300127 0 2 2
002291 0 2 2
600997 0 2 2
600026 0 2 2
300234 0 2 2
300025 0 2 2
300019 0 2 2
600706 0 2 2
600117 0 2 2
000042 0 2 2
002397 0 2 2
002268 0 2 2
000932 0 2 2
300003 0 2 2
000759 0 2 2
600081 0 2 2
600163 0 2 2
000715 0 2 2
300132 0 2 2
000034 1 0 1
002248 1 0 1
300238 1 0 1
000517 1 0 1
600876 1 0 1
000020 1 0 1
600794 1 0 1
601700 1 0 1
600629 1 0 1
600987 1 0 1
300192 1 0 1
002699 1 0 1
002453 1 0 1
002233 1 0 1
601677 1 0 1
300107 1 0 1
000692 1 0 1
002527 1 0 1
600589 1 0 1
600611 1 0 1
002279 1 0 1
600410 1 0 1
002411 1 0 1
600847 1 0 1
600533 1 0 1
002231 1 0 1
000403 1 0 1
600811 1 0 1
002200 1 0 1
002365 1 0 1
002363 1 0 1
600860 1 0 1
600327 1 0 1
002516 1 0 1
002105 1 0 1
002107 1 0 1
002534 1 0 1
002197 1 0 1
000812 1 0 1
600971 1 0 1
600215 1 0 1
600212 1 0 1
600973 1 0 1
000534 1 0 1
000599 1 0 1
300186 1 0 1
300180 1 0 1
300342 1 0 1
002238 1 0 1
002321 1 0 1
300067 1 0 1
601106 1 0 1
002493 1 0 1
002253 1 0 1
002076 1 0 1
600132 1 0 1
300307 1 0 1
002605 1 0 1
300154 1 0 1
000602 1 0 1
601099 1 0 1
002134 1 0 1
601777 1 0 1
600673 1 0 1
600172 1 0 1
002180 1 0 1
002182 1 0 1
002003 1 0 1
002435 1 0 1
300272 1 0 1
300190 1 0 1
000801 1 0 1
000589 1 0 1
300176 1 0 1
300195 1 0 1
002426 1 0 1
002070 1 0 1
000883 1 0 1
000762 1 0 1
300150 1 0 1
002623 1 0 1
300126 1 0 1
300129 1 0 1
002546 1 0 1
300151 1 0 1
002267 1 0 1
603128 1 0 1
300226 1 0 1
300313 1 0 1
601008 1 0 1
600303 1 0 1
300095 1 0 1
002448 1 0 1
600396 1 0 1
300166 1 0 1
300106 1 0 1
002220 1 0 1
002222 1 0 1
002615 1 0 1
300135 1 0 1
000719 1 0 1
600602 1 0 1
000697 1 0 1
600760 1 0 1
002156 1 0 1
002402 1 0 1
600508 1 0 1
002144 1 0 1
000572 1 0 1
000573 1 0 1
300281 1 0 1
600566 1 0 1
300161 1 0 1
002494 1 0 1
601339 1 0 1
000593 0 1 1
002379 0 1 1
002086 0 1 1
002190 0 1 1
600569 0 1 1
300191 0 1 1
002110 0 1 1
600022 0 1 1
600152 0 1 1
600097 0 1 1
002640 0 1 1
000532 0 1 1
600070 0 1 1
002678 0 1 1
000910 0 1 1
000990 0 1 1
002627 0 1 1
002235 0 1 1
600320 0 1 1
300100 0 1 1
002489 0 1 1
002485 0 1 1
002242 0 1 1
300258 0 1 1
000882 0 1 1
600755 0 1 1
002417 0 1 1
002419 0 1 1
002096 0 1 1
300018 0 1 1
002702 0 1 1
000703 0 1 1
002195 0 1 1
600792 0 1 1
002031 0 1 1
002585 0 1 1
600077 0 1 1
002636 0 1 1
002631 0 1 1
600595 0 1 1
600828 0 1 1
600137 0 1 1
002390 0 1 1
002392 0 1 1
002252 0 1 1
300339 0 1 1
600628 0 1 1
601608 0 1 1
000967 0 1 1
002595 0 1 1
000825 0 1 1
300306 0 1 1
600004 0 1 1
000952 0 1 1
300141 0 1 1
002607 0 1 1
002602 0 1 1
002133 0 1 1
600779 0 1 1
600598 0 1 1
600460 0 1 1
002434 0 1 1
002436 0 1 1
600236 0 1 1
601000 0 1 1
300028 0 1 1
600297 0 1 1
000547 0 1 1
000421 0 1 1
002381 0 1 1
000586 0 1 1
600310 0 1 1
601801 0 1 1
000939 0 1 1
600169 0 1 1
300099 0 1 1
600017 0 1 1
002306 0 1 1
000837 0 1 1
300007 0 1 1
600543 0 1 1
002224 0 1 1
600975 0 1 1
000617 0 1 1
600844 0 1 1
002087 0 1 1
600601 0 1 1
002150 0 1 1
002409 0 1 1
300214 0 1 1
002517 0 1 1
600139 0 1 1
002651 0 1 1
600131 0 1 1
000488 0 1 1
000906 0 1 1
