600036 141 130 271
600028 119 139 258
600030 131 121 252
600016 123 120 243
600000 131 103 234
600019 122 110 232
000002 111 118 229
600005 98 104 202
600900 104 87 191
601628 111 75 186
601318 123 47 170
601006 93 77 170
000858 82 77 159
600519 77 81 158
000063 81 72 153
600050 74 77 151
600009 74 72 146
601166 84 50 134
601398 49 77 126
000898 68 58 126
000039 61 61 122
600309 69 53 122
000402 62 57 119
600887 56 62 118
000069 62 51 113
002024 55 50 105
000825 49 53 102
000157 49 48 97
600383 51 46 97
000024 53 43 96
600675 54 39 93
000001 53 39 92
000623 37 54 91
600037 41 49 90
000625 40 48 88
600583 43 42 85
600015 49 36 85
600104 43 41 84
000792 40 44 84
600717 41 43 84
600694 41 43 84
000983 52 25 77
000709 40 36 76
600739 35 39 74
600795 39 32 71
600320 41 28 69
600428 33 32 65
600100 36 26 62
601111 35 27 62
600325 32 29 61
000568 34 27 61
600331 32 29 61
600048 35 25 60
600616 33 26 59
600026 34 25 59
600685 28 31 59
600269 28 31 59
000401 35 23 58
000528 27 31 58
000839 28 30 58
600348 37 21 58
600585 29 28 57
600879 26 30 56
600859 27 27 54
600886 27 27 54
000651 33 21 54
600031 24 29 53
600895 28 24 52
000562 26 25 51
600415 25 25 50
600085 31 19 50
000878 31 19 50
000933 27 23 50
600022 27 23 50
600096 29 20 49
600456 24 24 48
000869 23 25 48
601001 29 18 47
600219 24 23 47
000612 25 22 47
600011 23 23 46
600809 19 27 46
600690 27 18 45
600596 22 23 45
600161 23 22 45
600361 27 18 45
000060 27 17 44
600631 23 21 44
000031 26 17 43
000410 18 25 43
600835 23 20 43
000538 21 21 42
600748 26 16 42
600177 20 22 42
000960 26 15 41
600150 28 13 41
000807 14 27 41
000800 22 19 41
000027 22 17 39
600299 22 17 39
000951 19 20 39
601988 14 25 39
600195 19 20 39
600808 18 21 39
000793 14 24 38
600143 21 17 38
000917 21 17 38
600236 21 17 38
600123 21 17 38
600761 20 18 38
600001 23 14 37
600426 18 19 37
600067 21 16 37
600547 20 16 36
600183 20 16 36
600832 21 14 35
600266 19 16 35
601919 33 1 34
601699 22 11 33
600312 15 18 33
000088 21 12 33
600655 15 17 32
600169 19 13 32
600628 21 11 32
600004 19 13 32
000089 13 19 32
600029 18 14 32
000927 15 16 31
000539 15 16 31
000778 16 15 31
600489 18 13 31
600350 15 16 31
600066 19 12 31
000829 17 13 30
600406 13 17 30
000768 15 15 30
000759 16 14 30
600584 16 13 29
000400 16 13 29
000822 14 15 29
600308 17 12 29
600166 16 13 29
000061 16 13 29
000629 13 15 28
600639 13 15 28
600642 13 15 28
600997 20 8 28
600600 17 11 28
600660 16 11 27
600125 18 9 27
000652 14 13 27
000338 20 7 27
600500 12 15 27
600276 10 16 26
600718 14 12 26
600875 12 14 26
600058 15 11 26
000755 15 11 26
600582 13 12 25
600535 16 9 25
600663 14 11 25
002007 14 11 25
600549 11 14 25
600607 13 12 25
600316 10 14 24
000046 14 10 24
600511 10 14 24
601600 2 22 24
000012 11 13 24
600230 12 12 24
002022 13 10 23
600423 15 8 23
600271 12 11 23
600528 13 10 23
600416 11 12 23
600688 11 12 23
600831 11 12 23
600649 12 11 23
600111 11 12 23
000717 15 8 23
600138 9 13 22
600963 14 8 22
000729 13 9 22
000758 12 10 22
002028 12 9 21
600858 11 10 21
600007 11 10 21
002069 10 11 21
600978 12 9 21
000963 16 5 21
000751 13 8 21
000501 11 10 21
600118 10 11 21
600820 12 8 20
000006 11 9 20
600176 13 7 20
600087 13 7 20
000876 7 13 20
000680 11 9 20
600529 14 6 20
600432 9 11 20
600240 10 9 19
600867 8 11 19
600785 11 8 19
000910 11 8 19
600282 9 10 19
600880 11 8 19
600008 12 7 19
600258 8 11 19
000619 11 8 19
600438 8 11 19
000022 12 6 18
600208 8 10 18
600270 11 7 18
600588 10 8 18
600970 8 10 18
600829 8 10 18
000559 10 8 18
000581 15 3 18
000837 8 10 18
000616 9 9 18
000895 1 17 18
600206 8 9 17
000999 9 8 17
600786 11 6 17
000987 11 6 17
600570 9 8 17
000860 8 9 17
600307 10 7 17
000937 13 4 17
600697 9 8 17
000970 8 9 17
000488 9 8 17
000527 6 10 16
000828 8 8 16
600352 9 7 16
600268 10 6 16
000978 5 11 16
000522 8 7 15
601666 9 6 15
000900 8 7 15
600469 9 6 15
600396 11 4 15
600010 10 5 15
000972 6 9 15
000090 10 4 14
000661 6 8 14
600533 7 7 14
600787 6 8 14
600823 12 2 14
002078 8 6 14
600521 9 5 14
601333 6 8 14
600315 9 5 14
600686 8 6 14
600122 7 7 14
600059 6 8 14
002008 8 6 14
000422 9 5 14
600303 8 6 14
600467 8 6 14
600162 8 6 14
600360 8 5 13
600201 8 5 13
600102 7 6 13
600482 7 6 13
000550 7 6 13
600458 6 7 13
000423 6 7 13
600497 6 7 13
600064 3 10 13
600012 6 7 13
600713 7 6 13
000748 7 6 13
600439 6 7 13
600754 6 6 12
600973 5 7 12
002106 8 4 12
600780 6 6 12
600662 6 6 12
000920 6 6 12
600257 6 6 12
600470 6 6 12
600677 6 6 12
000425 6 6 12
600495 5 7 12
600261 7 5 12
000831 8 4 12
000718 8 4 12
600591 5 7 12
002010 7 5 12
000657 6 6 12
600098 5 6 11
002025 5 6 11
600380 5 6 11
601002 5 6 11
000848 7 4 11
600750 4 7 11
600033 4 7 11
600323 6 5 11
600322 5 6 11
000815 7 4 11
000021 4 7 11
000888 5 6 11
002037 6 5 11
600563 6 5 11
600210 6 5 11
600824 7 4 11
600317 6 5 11
000823 5 6 11
000952 7 4 11
600192 6 5 11
600518 4 7 11
600888 6 5 11
002045 6 5 11
000930 5 6 11
600436 4 7 11
600729 6 4 10
600075 7 3 10
600472 5 5 10
000698 7 3 10
601328 4 6 10
600327 5 5 10
600810 4 6 10
600693 5 5 10
000630 5 5 10
002038 6 4 10
600971 7 3 10
600072 5 5 10
600828 6 4 10
000777 2 8 10
000419 6 4 10
600418 5 5 10
600054 5 5 10
600290 6 4 10
000541 6 4 10
000932 5 5 10
600548 5 5 10
600797 6 4 10
600861 4 6 10
002128 7 3 10
002084 5 5 10
600509 5 5 10
002111 5 4 9
600153 5 4 9
000690 5 4 9
600569 5 4 9
600280 6 3 9
600737 4 5 9
600027 3 6 9
002073 4 5 9
600481 5 4 9
600962 5 4 9
600052 5 4 9
600343 5 4 9
600086 6 3 9
600188 5 4 9
600337 7 2 9
600298 3 5 8
600790 4 4 8
600071 5 3 8
600202 6 2 8
000666 4 4 8
600755 2 6 8
000560 4 4 8
600408 4 4 8
000852 4 4 8
600740 5 3 8
000959 4 4 8
600525 5 3 8
600550 2 6 8
600198 4 4 8
000761 5 3 8
600736 6 2 8
600641 5 3 8
600993 4 4 8
002080 5 3 8
600590 6 2 8
000059 4 4 8
600601 4 4 8
600527 4 4 8
000973 4 4 8
000507 5 3 8
002052 3 4 7
000028 5 2 7
600378 3 4 7
000531 4 3 7
002021 3 4 7
601003 2 5 7
600855 4 3 7
000667 4 3 7
000598 3 4 7
600362 3 4 7
002031 3 4 7
600238 4 3 7
002076 5 2 7
600132 3 4 7
600960 4 3 7
600410 3 4 7
000608 5 2 7
600872 4 3 7
600673 6 1 7
600196 3 4 7
000510 3 4 7
600459 3 4 7
600517 5 2 7
600837 4 3 7
002041 3 4 7
600089 5 2 7
600017 3 4 7
000617 4 3 7
002122 6 1 7
002082 3 4 7
600597 4 3 7
600595 4 3 7
600598 4 3 7
600189 4 3 7
001696 4 3 7
600896 3 3 6
000537 3 3 6
000919 3 3 6
000100 3 3 6
600386 3 3 6
000997 3 3 6
000062 3 3 6
600611 3 3 6
600035 2 4 6
002097 4 2 6
000708 3 3 6
000707 4 2 6
600665 4 2 6
000520 3 3 6
000929 3 3 6
600995 3 3 6
600827 3 3 6
600825 4 2 6
600627 3 3 6
600486 3 3 6
000009 3 3 6
600131 4 2 6
600725 4 2 6
600006 4 2 6
000785 4 2 6
601998 2 4 6
002001 3 3 6
000908 6 0 6
000762 4 2 6
600884 3 3 6
600636 2 4 6
002046 2 4 6
600491 3 3 6
600499 2 4 6
600062 5 1 6
600391 4 2 6
000726 3 3 6
000685 3 3 6
600151 3 3 6
600115 4 2 6
600110 2 4 6
000572 3 3 6
000897 4 2 6
600897 3 2 5
600262 3 2 5
000151 3 2 5
600376 3 2 5
600377 3 2 5
600479 3 2 5
600572 3 2 5
000428 1 4 5
600586 3 2 5
600531 3 2 5
600109 3 2 5
000819 2 3 5
000565 2 3 5
600811 2 3 5
000790 3 2 5
000636 3 2 5
600863 3 2 5
000969 2 3 5
600365 4 1 5
002032 2 3 5
600561 2 3 5
000850 2 3 5
600371 1 4 5
000677 2 3 5
000926 1 4 5
600741 3 2 5
600409 3 2 5
600476 3 2 5
600684 4 1 5
600117 3 2 5
000042 4 1 5
002004 2 3 5
600231 3 2 5
000584 3 2 5
600279 2 3 5
600640 2 3 5
000429 3 2 5
600160 2 3 5
002018 2 3 5
600508 4 1 5
600501 2 3 5
600332 3 2 5
002129 4 0 4
600267 3 1 4
002116 2 2 4
002023 3 1 4
000912 3 1 4
000662 3 1 4
600557 2 2 4
600580 1 3 4
002095 2 2 4
600246 3 1 4
000968 4 0 4
002083 2 2 4
002102 2 2 4
000548 2 2 4
600215 2 2 4
600638 2 2 4
600630 2 2 4
600020 2 2 4
002070 1 3 4
000821 2 2 4
601991 2 2 4
600877 1 3 4
600546 2 2 4
601872 2 2 4
000515 3 1 4
600055 3 1 4
600129 2 2 4
600357 2 2 4
600834 2 2 4
600839 1 3 4
600302 2 2 4
600881 2 2 4
600121 2 2 4
600082 3 1 4
600305 2 2 4
600990 2 2 4
600801 3 1 4
600390 2 2 4
600393 2 2 4
000727 1 3 4
600263 2 2 4
002120 2 2 4
600488 2 2 4
600806 1 3 4
000716 2 2 4
002054 1 2 3
000826 2 1 3
002029 1 2 3
000159 3 0 3
600578 2 1 3
600475 3 0 3
601005 1 2 3
000663 1 2 3
600589 2 1 3
002068 3 0 3
002061 3 0 3
002056 1 2 3
600018 1 2 3
600816 2 1 3
002081 2 1 3
000798 1 2 3
002098 1 2 3
600141 2 1 3
600664 3 0 3
000525 2 1 3
600367 2 1 3
000417 1 2 3
600449 2 1 3
000597 2 1 3
600485 1 2 3
000922 1 2 3
600966 1 2 3
600555 2 1 3
000609 2 1 3
600874 1 2 3
002135 2 1 3
600460 1 2 3
002009 1 2 3
000887 2 1 3
600838 3 0 3
000939 1 2 3
600635 2 1 3
600084 1 2 3
000935 2 1 3
002005 1 2 3
600461 1 2 3
002123 2 1 3
600764 1 2 3
000014 1 2 3
600330 2 1 3
000655 2 1 3
000066 3 0 3
600587 1 1 2
000155 1 1 2
600720 1 1 2
600726 1 1 2
000418 2 0 2
600253 2 0 2
000830 1 1 2
000026 1 1 2
600651 1 1 2
600650 1 1 2
600653 1 1 2
600074 1 1 2
600375 2 0 2
600200 1 1 2
000990 2 0 2
000998 1 1 2
600273 1 1 2
600854 1 1 2
000949 1 1 2
600612 1 1 2
000882 1 1 2
000881 1 1 2
002063 1 1 2
002050 1 1 2
002064 1 1 2
600379 1 1 2
002094 1 1 2
002092 2 0 2
600107 1 1 2
600106 1 1 2
600247 1 1 2
600976 1 1 2
000961 1 1 2
600405 1 1 2
000966 1 1 2
600351 1 1 2
002093 2 0 2
600868 1 1 2
600363 1 1 2
002036 1 1 2
002033 1 1 2
600798 1 1 2
600566 1 1 2
600217 1 1 2
600216 1 1 2
000533 1 1 2
000530 1 1 2
000975 1 1 2
000988 1 1 2
000859 2 0 2
600634 1 1 2
600621 1 1 2
600622 2 0 2
000513 1 1 2
002071 1 1 2
002075 1 1 2
600520 1 1 2
600821 1 1 2
600135 1 1 2
600967 1 1 2
600704 1 1 2
000731 1 1 2
000786 1 1 2
600287 1 1 2
000600 1 1 2
600871 1 1 2
002132 1 1 2
002133 2 0 2
600682 2 0 2
600779 2 0 2
600770 1 1 2
600197 1 1 2
002003 2 0 2
600221 1 1 2
600301 1 1 2
000906 1 1 2
600170 1 1 2
000936 1 1 2
600068 1 1 2
600088 2 0 2
600069 1 1 2
002047 1 1 2
002043 2 0 2
002074 1 1 2
600300 1 1 2
600199 1 1 2
600991 1 1 2
000687 1 1 2
000836 1 1 2
002121 1 1 2
600592 2 0 2
600594 1 1 2
600765 1 1 2
600522 1 1 2
600021 1 1 2
600114 1 1 2
600487 1 1 2
000976 1 1 2
000875 1 1 2
600805 1 1 2
600803 1 1 2
002065 0 2 2
002108 0 2 2
600289 0 2 2
600251 1 0 1
601588 1 0 1
600252 1 0 1
600265 1 0 1
600372 1 0 1
000923 1 0 1
600985 1 0 1
600205 1 0 1
600420 1 0 1
600581 1 0 1
000068 1 0 1
000886 1 0 1
600814 1 0 1
600108 1 0 1
000637 1 0 1
000632 1 0 1
600710 1 0 1
000868 1 0 1
000521 1 0 1
600446 1 0 1
600211 1 0 1
000903 1 0 1
600328 1 0 1
600285 1 0 1
600738 1 0 1
000503 1 0 1
600182 1 0 1
600133 1 0 1
600203 1 0 1
002131 1 0 1
600679 1 0 1
600063 1 0 1
000078 1 0 1
002048 1 0 1
000519 1 0 1
000016 1 0 1
600643 1 0 1
600053 1 0 1
000668 1 0 1
600865 1 0 1
000683 1 0 1
000838 1 0 1
002124 1 0 1
600599 1 0 1
600606 1 0 1
600232 1 0 1
600804 1 0 1
000036 1 0 1
000158 0 1 1
600090 0 1 1
600094 0 1 1
600894 0 1 1
002067 0 1 1
000811 0 1 1
000567 0 1 1
000563 0 1 1
000962 0 1 1
600156 0 1 1
600860 0 1 1
600370 0 1 1
002109 0 1 1
002107 0 1 1
600782 0 1 1
002039 0 1 1
600212 0 1 1
600184 0 1 1
600480 0 1 1
600961 0 1 1
600478 0 1 1
000733 0 1 1
002134 0 1 1
002136 0 1 1
002137 0 1 1
002138 0 1 1
000043 0 1 1
000516 0 1 1
000796 0 1 1
000767 0 1 1
600496 0 1 1
600992 0 1 1
002019 0 1 1
002013 0 1 1
600233 0 1 1
600802 0 1 1
