600028 60 57 117
600050 58 57 115
600019 57 56 113
600900 62 48 110
600036 55 49 104
000002 45 38 83
600005 46 36 82
600009 42 38 80
600029 41 39 80
000063 38 35 73
600104 31 40 71
000039 35 34 69
600002 35 33 68
000866 29 32 61
600688 27 33 60
600011 27 31 58
600018 31 26 57
000898 32 25 57
600188 28 24 52
000088 25 27 52
000983 29 21 50
600026 29 20 49
600000 18 23 41
600795 19 22 41
000100 21 20 41
600519 28 13 41
600016 22 18 40
600585 19 19 38
000027 16 18 34
600205 10 23 33
600591 15 16 31
600642 12 18 30
600500 15 14 29
600660 14 14 28
000625 15 12 27
000581 11 15 26
000630 12 13 25
000726 13 12 25
600123 16 8 24
000858 9 15 24
600031 10 14 24
600348 16 8 24
600887 11 12 23
600020 10 12 22
000800 7 15 22
000488 18 4 22
600085 13 8 21
600428 12 9 21
600320 11 10 21
000895 13 8 21
600600 13 7 20
000089 11 9 20
600886 10 9 19
600309 11 8 19
600717 9 10 19
000729 12 7 19
600183 8 11 19
600362 6 12 18
600210 6 12 18
600096 14 3 17
000541 11 6 17
600808 8 9 17
600308 8 8 16
000651 8 8 16
002024 10 6 16
600597 7 9 16
000717 6 10 16
000068 10 6 16
600004 8 7 15
000402 10 5 15
000400 7 8 15
000920 8 7 15
000022 12 2 14
600270 2 12 14
600583 10 4 14
000066 8 6 14
000968 9 5 14
600812 8 5 13
000629 7 6 13
000731 10 3 13
000933 6 7 13
000024 5 8 13
600012 8 5 13
600296 7 6 13
600037 8 5 13
000423 8 5 13
000012 6 6 12
000792 7 5 12
600694 8 4 12
600971 8 4 12
000960 5 7 12
000825 4 7 11
600710 5 6 11
600177 6 5 11
600825 6 5 11
600415 6 4 10
000538 8 2 10
600563 6 4 10
600282 6 4 10
600584 5 5 10
000069 9 1 10
000927 3 7 10
600033 9 1 10
000937 9 0 9
600966 5 4 9
600547 4 5 9
600460 6 3 9
600030 4 5 9
600497 4 4 8
600089 5 3 8
600360 6 2 8
000911 6 2 8
600166 5 3 8
600740 4 4 8
000060 5 3 8
000659 5 3 8
000550 2 5 7
600780 2 5 7
600863 4 3 7
000037 3 4 7
600207 3 4 7
000527 3 4 7
000001 4 3 7
600406 5 2 7
600125 4 2 6
600418 5 1 6
600074 3 3 6
000725 4 2 6
002023 4 2 6
600267 5 1 6
600475 3 3 6
600115 3 3 6
000612 4 2 6
600595 3 3 6
600071 4 2 6
600220 3 3 6
600008 3 3 6
600426 2 4 6
600135 3 3 6
600066 3 2 5
600303 3 2 5
000636 3 2 5
600098 2 3 5
000157 2 3 5
000532 4 1 5
600400 2 3 5
600269 3 2 5
000999 3 2 5
000758 2 3 5
600276 4 1 5
000956 2 3 5
000528 3 2 5
000767 3 2 5
600875 4 1 5
000009 3 2 5
600317 2 2 4
600521 3 1 4
000511 2 2 4
000422 3 1 4
000727 3 1 4
600386 2 2 4
600367 2 2 4
600060 2 2 4
600598 2 2 4
600674 2 2 4
000900 2 2 4
600839 2 2 4
000939 2 2 4
600383 3 1 4
600827 2 2 4
000680 0 4 4
000778 0 4 4
600232 2 1 3
000623 1 2 3
002005 3 0 3
000021 2 1 3
000525 2 1 3
600143 2 1 3
600879 2 1 3
600477 1 2 3
600569 2 1 3
600770 2 1 3
000839 1 2 3
600058 2 1 3
600594 3 0 3
600602 1 2 3
600550 3 0 3
000951 3 0 3
600508 1 2 3
600726 2 1 3
600352 2 1 3
600292 1 2 3
600690 1 2 3
600832 2 1 3
000763 2 1 3
600535 2 1 3
600408 1 2 3
000970 3 0 3
600100 2 1 3
000401 2 1 3
600323 1 2 3
600884 2 1 3
600458 1 2 3
600481 2 1 3
600153 1 1 2
600870 1 1 2
600895 1 1 2
600081 1 1 2
002012 2 0 2
600963 2 0 2
600586 2 0 2
000543 1 1 2
600231 1 1 2
000631 2 0 2
000513 2 0 2
000028 1 1 2
600398 1 1 2
600790 2 0 2
600493 1 1 2
000921 1 1 2
600111 1 1 2
002025 1 1 2
000031 1 1 2
600572 1 1 2
600663 1 1 2
000902 1 1 2
600202 1 1 2
600363 1 1 2
000016 1 1 2
000617 1 1 2
600456 1 1 2
600171 1 1 2
600636 2 0 2
000518 1 1 2
000912 1 1 2
000515 2 0 2
600055 1 1 2
600198 1 1 2
600601 1 1 2
600607 1 1 2
000949 2 0 2
000050 1 1 2
600161 1 1 2
600160 1 1 2
600423 1 1 2
000806 1 1 2
600488 2 0 2
600035 1 1 2
600078 2 0 2
002019 1 1 2
002017 1 1 2
000677 1 1 2
000070 1 1 2
600422 1 1 2
000869 1 1 2
600333 1 1 2
000510 1 1 2
600187 2 0 2
600469 1 1 2
000700 1 1 2
600641 1 1 2
600110 1 1 2
000973 1 1 2
600322 1 1 2
600182 1 1 2
600057 1 1 2
600880 1 1 2
600529 1 1 2
002001 2 0 2
000969 2 0 2
600015 0 2 2
000539 0 2 2
000817 0 2 2
600835 0 2 2
600436 0 2 2
600258 1 0 1
600609 1 0 1
000822 1 0 1
600967 1 0 1
000779 1 0 1
600223 1 0 1
600517 1 0 1
600410 1 0 1
000783 1 0 1
600301 1 0 1
600894 1 0 1
600399 1 0 1
600467 1 0 1
000531 1 0 1
002007 1 0 1
002021 1 0 1
002028 1 0 1
600960 1 0 1
600874 1 0 1
600871 1 0 1
000520 1 0 1
600420 1 0 1
600361 1 0 1
600366 1 0 1
002034 1 0 1
000930 1 0 1
000618 1 0 1
000782 1 0 1
600992 1 0 1
600075 1 0 1
600195 1 0 1
600059 1 0 1
000997 1 0 1
000709 1 0 1
000662 1 0 1
600573 1 0 1
600288 1 0 1
600227 1 0 1
000503 1 0 1
000429 1 0 1
600823 1 0 1
000006 1 0 1
600237 1 0 1
600291 1 0 1
600631 1 0 1
600236 1 0 1
000926 1 0 1
000542 1 0 1
600628 1 0 1
000425 1 0 1
600439 1 0 1
000568 1 0 1
600975 1 0 1
600803 1 0 1
600226 1 0 1
600582 1 0 1
600331 1 0 1
600561 1 0 1
000919 1 0 1
600706 0 1 1
000099 0 1 1
600969 0 1 1
600087 0 1 1
600649 0 1 1
600307 0 1 1
000830 0 1 1
600549 0 1 1
600548 0 1 1
600761 0 1 1
000608 0 1 1
600707 0 1 1
000917 0 1 1
002033 0 1 1
600866 0 1 1
600395 0 1 1
600771 0 1 1
600190 0 1 1
600596 0 1 1
600312 0 1 1
600357 0 1 1
600755 0 1 1
600330 0 1 1
000888 0 1 1
000876 0 1 1
600531 0 1 1
600350 0 1 1
600635 0 1 1
