600036 131 123 254
000002 121 122 243
600030 79 133 212
601318 91 111 202
600019 95 99 194
600000 101 92 193
601088 109 81 190
600005 93 92 185
600028 77 99 176
600050 82 91 173
601398 54 69 123
601006 76 40 116
601628 58 58 116
600016 58 56 114
601919 44 69 113
601166 62 50 112
000898 58 53 111
000001 56 51 107
000983 58 48 106
600519 53 51 104
601939 45 57 102
000063 59 36 95
000858 36 48 84
000792 39 39 78
600048 37 38 75
002024 45 24 69
601857 29 40 69
600585 45 21 66
601186 47 18 65
601898 48 17 65
601666 39 24 63
000568 37 23 60
600015 27 33 60
000402 35 21 56
600900 24 31 55
600029 18 36 54
000024 27 26 53
601390 23 30 53
600348 24 29 53
600596 28 24 52
000651 27 25 52
600309 32 19 51
000069 31 19 50
601328 23 27 50
601111 14 36 50
600547 24 26 50
000878 25 25 50
000709 26 23 49
600031 23 20 43
600026 26 15 41
600383 23 17 40
000422 19 21 40
000612 22 18 40
600009 19 19 38
600739 19 19 38
000960 14 23 37
000933 22 15 37
600325 23 13 36
600037 16 19 35
600737 24 11 35
600875 18 17 35
000800 20 15 35
601601 21 14 35
600150 10 23 33
000825 13 19 32
600795 13 18 31
600100 17 13 30
000937 21 8 29
600428 13 15 28
600997 14 14 28
000839 15 13 28
000401 14 13 27
000528 14 13 27
000895 14 13 27
600583 17 9 26
600686 14 12 26
601169 15 11 26
600887 17 8 25
000060 5 19 24
601699 15 8 23
600748 12 11 23
600489 12 11 23
600123 13 10 23
600096 13 9 22
600001 11 11 22
601808 20 2 22
000157 12 9 21
600362 11 10 21
600550 19 2 21
600674 13 8 21
600058 12 9 21
600426 17 4 21
000729 13 8 21
600104 0 21 21
600598 10 10 20
600694 11 9 20
000623 7 12 19
600690 9 10 19
600660 8 10 18
600963 10 8 18
600089 8 10 18
600196 11 7 18
600022 5 13 18
000911 9 8 17
600717 12 5 17
600141 12 5 17
600188 11 6 17
000488 12 5 17
601001 10 6 16
000667 10 6 16
000707 8 8 16
000527 10 6 16
600685 4 12 16
000338 8 8 16
600251 11 4 15
600879 8 7 15
600830 7 8 15
600631 7 8 15
000680 8 7 15
000917 9 5 14
000822 9 5 14
000581 10 4 14
600835 8 6 14
600307 3 11 14
000932 9 5 14
600600 9 5 14
000717 5 9 14
600761 8 6 14
600808 5 9 14
000629 8 5 13
600153 5 8 13
600456 9 4 13
601600 6 7 13
600308 7 6 13
600266 5 8 13
000758 8 5 13
600111 5 8 13
600409 5 8 13
600423 5 7 12
600202 10 2 12
600859 9 3 12
000968 4 8 12
600320 5 7 12
002001 4 8 12
000012 8 4 12
000423 9 3 12
600331 1 11 12
000972 7 5 12
600078 7 4 11
600102 7 4 11
600216 4 7 11
600282 4 7 11
600880 9 2 11
600087 5 6 11
600267 7 4 11
600432 5 6 11
000061 8 3 11
600299 8 2 10
600219 3 7 10
600521 4 6 10
600138 2 8 10
600316 6 4 10
600779 6 4 10
600236 4 6 10
000831 4 6 10
000755 5 5 10
600117 6 4 10
600201 5 4 9
000969 5 4 9
000912 7 2 9
600312 5 4 9
600415 8 1 9
600675 2 7 9
600176 6 3 9
600195 4 5 9
000768 3 6 9
600886 1 8 9
600469 6 3 9
600011 2 7 9
600896 5 3 8
000538 6 2 8
600616 6 2 8
600812 3 5 8
601988 3 5 8
600143 6 2 8
600569 2 6 8
000599 4 4 8
600966 4 4 8
000807 5 3 8
600438 1 7 8
600361 5 3 8
000159 5 2 7
600408 2 5 7
600970 3 4 7
002202 5 2 7
600718 2 5 7
600867 4 3 7
000039 3 4 7
600962 5 2 7
000550 5 2 7
600357 2 5 7
000869 6 1 7
600540 3 4 7
000655 3 4 7
000829 0 7 7
600897 3 3 6
600895 4 2 6
000028 4 2 6
600798 5 1 6
600271 4 2 6
600276 3 3 6
600557 5 1 6
600584 3 3 6
000565 3 3 6
000566 3 3 6
000031 2 4 6
002038 3 3 6
600971 2 4 6
000539 1 5 6
600825 3 3 6
000778 3 3 6
000677 2 4 6
600027 2 4 6
002078 5 1 6
600725 3 3 6
600256 3 3 6
600004 5 1 6
000046 3 3 6
600518 4 2 6
000088 2 4 6
600122 4 2 6
600649 5 1 6
600066 3 3 6
600062 3 3 6
600017 3 3 6
600467 4 2 6
600713 4 2 6
600269 3 3 6
000625 1 5 6
002122 2 4 6
600231 5 1 6
600806 3 3 6
600655 4 1 5
002022 2 3 5
600470 3 2 5
000690 2 3 5
600581 2 3 5
600582 3 2 5
601958 3 2 5
002097 1 4 5
600816 4 1 5
000630 1 4 5
600786 2 3 5
600820 1 4 5
600815 3 2 5
600315 4 1 5
002187 4 1 5
600238 3 2 5
600511 3 2 5
600352 3 2 5
000860 2 3 5
600636 2 3 5
600067 5 0 5
600549 2 3 5
000759 3 2 5
600488 1 4 5
600183 1 4 5
000501 3 2 5
600509 1 4 5
000652 1 4 5
600809 1 4 5
600360 3 2 5
600258 2 2 4
600075 2 2 4
002028 2 2 4
002029 3 1 4
600479 1 3 4
601009 3 1 4
600270 3 1 4
600858 3 1 4
000951 1 3 4
600033 1 3 4
000562 2 2 4
600406 3 1 4
000635 4 0 4
000400 1 3 4
600664 3 1 4
000597 3 1 4
600289 2 2 4
600628 1 3 4
000006 1 3 4
600586 3 1 4
002211 3 1 4
000602 1 3 4
600118 2 2 4
600500 3 1 4
600677 4 0 4
002008 4 0 4
600516 4 0 4
600350 2 2 4
600837 1 3 4
000425 3 1 4
000089 1 3 4
002048 2 2 4
600641 3 1 4
600396 1 3 4
600268 3 1 4
600804 1 3 4
600166 2 2 4
002152 2 2 4
002153 2 2 4
600439 3 1 4
000718 3 1 4
000009 0 4 4
000731 0 4 4
000683 0 4 4
600591 0 4 4
002054 1 2 3
600376 1 2 3
600354 1 2 3
000999 2 1 3
600856 1 2 3
000428 2 1 3
002242 2 1 3
600612 2 1 3
002069 3 0 3
600535 3 0 3
002095 1 2 3
600973 1 2 3
000563 3 0 3
000790 2 1 3
600663 2 1 3
000903 2 1 3
600824 2 1 3
600525 1 2 3
002154 2 1 3
000952 1 2 3
002161 2 1 3
600688 1 2 3
002003 2 1 3
600517 3 0 3
600226 1 2 3
000589 1 2 3
000900 1 2 3
600839 2 1 3
600635 2 1 3
600497 2 1 3
600499 2 1 3
600801 2 1 3
600995 2 1 3
000876 2 1 3
000727 2 1 3
000617 2 1 3
600693 1 2 3
600161 2 1 3
002018 1 2 3
600416 1 2 3
600337 1 2 3
000712 1 2 3
000748 0 3 3
600588 0 3 3
002092 0 3 3
000910 0 3 3
600482 0 3 3
600528 0 3 3
600008 0 3 3
600508 0 3 3
002056 1 1 2
002110 1 1 2
600098 1 1 2
000026 1 1 2
600790 1 1 2
000926 1 1 2
600375 1 1 2
000090 1 1 2
600571 1 1 2
600572 1 1 2
600363 1 1 2
601002 1 1 2
600279 1 1 2
000949 1 1 2
000663 1 1 2
000661 1 1 2
000698 2 0 2
002249 1 1 2
600589 1 1 2
002063 1 1 2
000818 1 1 2
600978 2 0 2
000963 1 1 2
600405 1 1 2
000708 1 1 2
000705 1 1 2
600351 2 0 2
002109 1 1 2
002194 1 1 2
600565 1 1 2
600563 1 1 2
000532 1 1 2
600210 1 1 2
000987 1 1 2
600283 1 1 2
000927 1 1 2
600630 1 1 2
600889 1 1 2
002251 1 1 2
002252 2 0 2
600740 1 1 2
600624 1 1 2
600189 1 1 2
002177 1 1 2
002074 1 1 2
600486 2 0 2
600007 1 1 2
600410 1 1 2
000783 1 1 2
002218 1 1 2
000609 1 1 2
600682 1 1 2
600088 2 0 2
002180 1 1 2
002009 1 1 2
600295 2 0 2
600359 1 1 2
601899 1 1 2
600831 2 0 2
600838 1 1 2
000761 2 0 2
600881 1 1 2
600883 1 1 2
600069 2 0 2
002041 1 1 2
600491 2 0 2
600125 1 1 2
600391 2 0 2
600397 1 1 2
000685 1 1 2
000616 1 1 2
600846 1 1 2
002080 2 0 2
002128 1 1 2
002073 2 0 2
002155 1 1 2
600527 1 1 2
002012 1 1 2
601588 1 1 2
002106 2 0 2
000027 0 2 2
000537 0 2 2
000848 0 2 2
000959 0 2 2
002146 0 2 2
002064 0 2 2
600665 0 2 2
000826 0 2 2
600478 0 2 2
600836 0 2 2
000970 0 2 2
000155 1 0 1
600729 1 0 1
002053 1 0 1
002052 1 0 1
002055 1 0 1
600797 1 0 1
600378 1 0 1
600389 1 0 1
600208 1 0 1
000507 1 0 1
600290 1 0 1
600855 1 0 1
600587 1 0 1
600750 1 0 1
600754 1 0 1
002140 1 0 1
600107 1 0 1
600327 1 0 1
600323 1 0 1
002083 1 0 1
601918 1 0 1
600787 1 0 1
000522 1 0 1
000525 1 0 1
600169 1 0 1
002032 1 0 1
600449 1 0 1
600639 1 0 1
600828 1 0 1
600523 1 0 1
600529 1 0 1
600487 1 0 1
601333 1 0 1
600132 1 0 1
000410 1 0 1
000553 1 0 1
600570 1 0 1
000955 1 0 1
002212 1 0 1
002216 1 0 1
600680 1 0 1
000042 1 0 1
002183 1 0 1
600460 1 0 1
000515 1 0 1
600054 1 0 1
002005 1 0 1
600512 1 0 1
000939 1 0 1
000930 1 0 1
600888 1 0 1
600642 1 0 1
000877 1 0 1
600018 1 0 1
000837 1 0 1
000836 1 0 1
600261 1 0 1
600543 1 0 1
600395 1 0 1
002088 1 0 1
600765 1 0 1
001696 1 0 1
600114 1 0 1
600332 1 0 1
600239 1 0 1
600485 1 0 1
000893 1 0 1
600803 1 0 1
002247 0 1 1
600894 0 1 1
600071 0 1 1
600072 0 1 1
000923 0 1 1
002025 0 1 1
002021 0 1 1
600380 0 1 1
600475 0 1 1
600206 0 1 1
600203 0 1 1
002233 0 1 1
002236 0 1 1
600580 0 1 1
002244 0 1 1
002243 0 1 1
002067 0 1 1
600531 0 1 1
000819 0 1 1
600240 0 1 1
600814 0 1 1
002101 0 1 1
600782 0 1 1
600780 0 1 1
000988 0 1 1
600823 0 1 1
002250 0 1 1
600622 0 1 1
000513 0 1 1
600135 0 1 1
000823 0 1 1
000559 0 1 1
600961 0 1 1
600006 0 1 1
600418 0 1 1
600702 0 1 1
002138 0 1 1
600673 0 1 1
600177 0 1 1
002181 0 1 1
600059 0 1 1
000514 0 1 1
002007 0 1 1
600220 0 1 1
600221 0 1 1
000905 0 1 1
600736 0 1 1
600496 0 1 1
600121 0 1 1
600085 0 1 1
600436 0 1 1
600012 0 1 1
600865 0 1 1
000686 0 1 1
600263 0 1 1
002223 0 1 1
000751 0 1 1
600607 0 1 1
000050 0 1 1
002017 0 1 1
600115 0 1 1
600230 0 1 1
000978 0 1 1
000897 0 1 1
