600036 166 167 333
000002 165 165 330
601318 162 157 319
600030 146 170 316
600000 125 138 263
600028 124 124 248
601088 135 109 244
600005 111 117 228
600019 101 121 222
600050 109 108 217
601628 97 94 191
601398 86 100 186
601006 96 75 171
000983 80 71 151
000063 84 64 148
000001 72 73 145
601186 96 41 137
600048 72 64 136
600016 68 66 134
601166 68 64 132
600519 69 57 126
601939 54 65 119
601919 51 65 116
000898 57 58 115
002024 60 47 107
600585 55 43 98
000858 42 55 97
600015 47 49 96
601390 52 40 92
000024 49 40 89
000568 47 40 87
601857 37 50 87
601328 35 43 78
601898 52 26 78
601666 39 32 71
600383 36 31 67
600348 35 32 67
000651 32 35 67
000402 43 23 66
600009 35 31 66
600547 31 34 65
600089 39 22 61
600031 31 28 59
000792 32 27 59
601766 31 28 59
600596 32 24 56
000069 31 24 55
000709 25 28 53
600795 23 29 52
600309 31 20 51
600026 27 23 50
601169 27 22 49
000878 21 27 48
600900 18 29 47
600875 27 18 45
600325 26 18 44
600029 14 30 44
000157 16 27 43
000629 25 18 43
000422 19 23 42
000800 23 18 41
000937 22 19 41
600737 26 15 41
000895 22 19 41
600583 22 18 40
600100 21 19 40
601601 22 18 40
601111 12 27 39
600739 20 19 39
600428 20 18 38
000933 20 16 36
000960 14 20 34
000825 13 21 34
600997 16 18 34
600489 18 15 33
000839 13 20 33
000612 17 15 32
600550 22 9 31
600887 18 13 31
600150 10 20 30
601699 17 12 29
600037 15 14 29
600598 16 13 29
601001 16 13 29
601808 21 8 29
000528 13 15 28
600600 18 10 28
000527 16 11 27
600660 12 14 26
600251 16 10 26
600123 13 13 26
000060 10 16 26
600096 11 14 25
000401 13 12 25
000538 17 8 25
600426 17 8 25
600674 13 11 24
000423 14 10 24
600362 13 10 23
600694 13 10 23
600022 7 16 23
600216 8 14 22
000729 15 7 22
600141 13 9 22
600104 2 19 21
600686 12 9 21
600690 12 9 21
600582 9 11 20
600312 13 7 20
600879 12 8 20
600352 9 11 20
600276 12 7 19
600867 10 9 19
600748 10 9 19
600058 7 12 19
600880 13 6 19
000012 13 6 19
600011 8 11 19
000338 10 9 19
000623 9 9 18
002028 10 8 18
600859 12 6 18
600664 11 7 18
600631 9 9 18
000680 7 11 18
600895 12 5 17
600271 12 5 17
000400 9 8 17
600320 9 8 17
600717 12 5 17
600188 8 9 17
600963 8 9 17
600415 12 5 17
600196 13 4 17
600835 8 9 17
600202 11 5 16
000707 9 7 16
000917 10 6 16
600820 8 8 16
600685 4 12 16
600886 8 8 16
600111 7 9 16
600153 7 8 15
600812 8 7 15
600456 9 6 15
600269 10 5 15
000488 8 7 15
000061 11 4 15
000667 7 7 14
600001 8 6 14
000932 8 6 14
600299 8 5 13
000869 8 5 13
000911 7 6 13
600143 6 7 13
600219 6 7 13
600195 7 6 13
002008 8 5 13
600125 7 6 13
600395 7 6 13
600267 8 5 13
600808 5 8 13
000969 6 6 12
002202 9 3 12
002038 5 7 12
600282 6 6 12
600122 6 6 12
600779 8 4 12
002001 4 8 12
600331 1 11 12
000581 8 4 12
600830 7 5 12
601600 6 6 12
600423 4 8 12
600307 5 7 12
600017 6 6 12
600557 8 3 11
000968 3 8 11
000822 6 5 11
600176 6 5 11
000860 5 6 11
000768 4 7 11
600266 5 6 11
000759 7 4 11
002122 6 5 11
000717 5 6 11
600761 6 5 11
600804 8 3 11
000028 7 3 10
601009 7 3 10
600616 7 3 10
600970 5 5 10
000566 5 5 10
601988 3 7 10
600449 5 5 10
600409 3 7 10
600517 7 3 10
600087 5 5 10
600649 5 5 10
600308 5 5 10
000758 7 3 10
600078 5 4 9
600102 6 3 9
000987 5 4 9
600521 3 6 9
601333 7 2 9
600316 5 4 9
600004 6 3 9
600675 2 7 9
600499 4 5 9
000972 5 4 9
600432 3 6 9
000159 4 4 8
002022 4 4 8
600201 3 5 8
600588 4 4 8
000562 4 4 8
600406 5 3 8
002251 5 3 8
002252 4 4 8
600315 7 1 8
000515 4 4 8
002003 5 3 8
601899 4 4 8
600837 3 5 8
000089 4 4 8
600062 4 4 8
000877 4 4 8
600469 5 3 8
600713 5 3 8
600231 5 3 8
600439 6 2 8
600655 5 2 7
600354 2 5 7
600581 3 4 7
600816 5 2 7
600361 4 3 7
000912 5 2 7
600569 2 5 7
000597 3 4 7
000599 4 3 7
600289 2 5 7
002078 5 2 7
600528 2 5 7
600138 2 5 7
600962 5 2 7
600966 3 4 7
000999 6 1 7
600066 4 3 7
000683 2 5 7
000831 2 5 7
000625 1 6 7
600169 4 3 7
600488 1 6 7
002154 4 3 7
002153 4 3 7
600118 4 3 7
000807 4 3 7
600725 3 3 6
600475 3 3 6
600270 3 3 6
000951 3 3 6
600408 1 5 6
002097 1 5 6
000630 3 3 6
600718 2 4 6
000031 1 5 6
000525 3 3 6
600971 3 3 6
600825 3 3 6
000677 2 4 6
600628 3 3 6
600525 3 3 6
600410 3 3 6
000731 1 5 6
002218 3 3 6
600518 6 0 6
600236 3 3 6
000848 3 3 6
600495 2 4 6
600641 4 2 6
600067 4 2 6
000425 4 2 6
600438 1 5 6
600540 3 3 6
002080 3 3 6
002128 3 3 6
600161 2 4 6
600117 3 3 6
600801 5 1 6
002242 3 2 5
601958 3 2 5
000039 3 2 5
600736 1 4 5
600636 2 3 5
600627 2 3 5
600256 2 3 5
600470 3 2 5
000783 3 2 5
600815 3 2 5
600177 3 2 5
600357 2 3 5
600350 3 2 5
000900 2 3 5
600068 4 1 5
600391 3 2 5
000652 1 4 5
002123 4 1 5
600162 3 2 5
600027 4 1 5
600238 3 2 5
000893 3 2 5
600896 2 2 4
000026 2 2 4
000027 3 1 4
000927 3 1 4
000539 2 2 4
002029 4 0 4
600425 3 1 4
600897 2 2 4
600392 2 2 4
000661 2 2 4
000690 1 3 4
600586 3 1 4
600750 3 1 4
600535 3 1 4
600533 2 2 4
000565 2 2 4
600327 3 1 4
002106 2 2 4
002191 2 2 4
600663 2 2 4
002264 3 1 4
000926 2 2 4
600827 2 2 4
600740 1 3 4
600479 2 2 4
600007 2 2 4
600008 1 3 4
000952 2 2 4
002211 3 1 4
002216 3 1 4
000602 1 3 4
002007 3 1 4
600500 3 1 4
600677 3 1 4
002183 3 1 4
600054 3 1 4
600511 3 1 4
002161 3 1 4
600831 3 1 4
002269 4 0 4
000088 2 2 4
002261 1 3 4
000726 3 1 4
000837 3 1 4
600693 3 1 4
002018 1 3 4
600527 2 2 4
000655 1 3 4
000718 3 1 4
600806 2 2 4
000155 2 1 3
600729 2 1 3
002054 2 1 3
600098 1 2 3
600798 2 1 3
600075 2 1 3
000910 1 2 3
002238 2 1 3
002232 2 1 3
600858 3 0 3
600584 1 2 3
002244 3 0 3
600612 2 1 3
600754 2 1 3
600033 1 2 3
600035 2 1 3
002060 2 1 3
002067 1 2 3
002095 1 2 3
000819 1 2 3
600973 1 2 3
000963 3 0 3
600351 3 0 3
000790 2 1 3
002109 2 1 3
002194 1 2 3
000522 2 1 3
002032 2 1 3
000903 2 1 3
600639 2 1 3
600824 2 1 3
000006 1 2 3
000513 3 0 3
002073 2 1 3
600486 3 0 3
600132 2 1 3
600258 2 1 3
000550 3 0 3
600478 1 2 3
000046 2 1 3
002187 2 1 3
000514 1 2 3
600226 1 2 3
600839 2 1 3
000428 2 1 3
000761 2 1 3
002267 1 2 3
600889 1 2 3
600436 2 1 3
600995 2 1 3
600018 2 1 3
600549 2 1 3
000617 2 1 3
600467 2 1 3
601168 2 1 3
600458 1 2 3
600591 1 2 3
600607 1 2 3
600166 2 1 3
000501 3 0 3
600509 1 2 3
600809 1 2 3
002092 0 3 3
000829 0 3 3
600396 0 3 3
600183 0 3 3
600508 0 3 3
600838 1 1 2
600723 1 1 2
002053 1 1 2
002052 1 1 2
002115 2 0 2
600790 1 1 2
000531 1 1 2
600376 1 1 2
600570 2 0 2
600363 1 1 2
000997 1 1 2
601002 1 1 2
601007 1 1 2
600279 1 1 2
002230 1 1 2
600856 1 1 2
000949 1 1 2
000959 1 1 2
600580 1 1 2
600589 1 1 2
002241 1 1 2
000950 1 1 2
002147 1 1 2
002063 1 1 2
000818 1 1 2
600107 1 1 2
000563 1 1 2
600405 1 1 2
002088 2 0 2
600571 1 1 2
000708 1 1 2
000705 1 1 2
600787 2 0 2
600786 1 1 2
600360 2 0 2
002036 1 1 2
000569 1 1 2
600565 1 1 2
600563 1 1 2
000532 1 1 2
600210 1 1 2
600079 1 1 2
000778 1 1 2
600828 1 1 2
600881 1 1 2
600283 1 1 2
600630 1 1 2
000777 1 1 2
002258 1 1 2
600624 1 1 2
600189 1 1 2
002074 1 1 2
600529 2 0 2
001696 1 1 2
600255 1 1 2
000552 1 1 2
000301 1 1 2
002212 1 1 2
002215 2 0 2
601999 1 1 2
600874 1 1 2
600688 2 0 2
601588 1 1 2
002139 1 1 2
600684 1 1 2
600088 1 1 2
002180 1 1 2
002005 1 1 2
600516 2 0 2
000589 1 1 2
600832 1 1 2
002186 1 1 2
002268 1 1 2
002262 1 1 2
600883 1 1 2
600069 2 0 2
000728 1 1 2
002041 1 1 2
002048 2 0 2
002164 1 1 2
600642 1 1 2
000975 1 1 2
600397 1 1 2
000727 1 1 2
000685 1 1 2
000833 1 1 2
600268 1 1 2
002227 1 1 2
000755 1 1 2
600845 2 0 2
600846 1 1 2
000712 1 1 2
600590 1 1 2
002152 2 0 2
002012 1 1 2
600110 1 1 2
600332 1 1 2
000876 1 1 2
000875 1 1 2
000659 1 1 2
000009 0 2 2
000826 0 2 2
600416 0 2 2
600836 0 2 2
000748 0 2 2
000616 0 2 2
000410 1 0 1
600720 1 0 1
002243 1 0 1
002056 1 0 1
002055 1 0 1
002110 1 0 1
600797 1 0 1
600656 1 0 1
600378 1 0 1
600375 1 0 1
600388 1 0 1
600208 1 0 1
600290 1 0 1
002233 1 0 1
600855 1 0 1
600587 1 0 1
002069 1 0 1
002140 1 0 1
002142 1 0 1
002065 1 0 1
600323 1 0 1
000815 1 0 1
600978 1 0 1
000793 1 0 1
002083 1 0 1
002204 1 0 1
000635 1 0 1
002151 1 0 1
600561 1 0 1
600284 1 0 1
002250 1 0 1
002179 1 0 1
600523 1 0 1
600487 1 0 1
600252 1 0 1
000553 1 0 1
600551 1 0 1
000955 1 0 1
002249 1 0 1
002214 1 0 1
600708 1 0 1
600680 1 0 1
600460 1 0 1
002009 1 0 1
600512 1 0 1
600298 1 0 1
000939 1 0 1
000930 1 0 1
002266 1 0 1
600888 1 0 1
600635 1 0 1
002045 1 0 1
600491 1 0 1
002177 1 0 1
000836 1 0 1
600543 1 0 1
002220 1 0 1
600697 1 0 1
600765 1 0 1
600114 1 0 1
000698 1 0 1
600337 1 0 1
600239 1 0 1
000650 1 0 1
000899 1 0 1
002273 0 1 1
600894 0 1 1
000559 0 1 1
600071 0 1 1
000537 0 1 1
002025 0 1 1
600985 0 1 1
600380 0 1 1
000090 0 1 1
600206 0 1 1
000990 0 1 1
000887 0 1 1
002237 0 1 1
000611 0 1 1
002146 0 1 1
002064 0 1 1
002096 0 1 1
600246 0 1 1
600328 0 1 1
000812 0 1 1
000560 0 1 1
600814 0 1 1
002081 0 1 1
002206 0 1 1
000888 0 1 1
002101 0 1 1
002107 0 1 1
600782 0 1 1
600665 0 1 1
002037 0 1 1
000050 0 1 1
000988 0 1 1
600823 0 1 1
002259 0 1 1
002254 0 1 1
002256 0 1 1
600622 0 1 1
002070 0 1 1
000417 0 1 1
600482 0 1 1
600485 0 1 1
600135 0 1 1
600418 0 1 1
002210 0 1 1
000609 0 1 1
600702 0 1 1
002138 0 1 1
600673 0 1 1
002181 0 1 1
600059 0 1 1
000905 0 1 1
002260 0 1 1
600121 0 1 1
600084 0 1 1
600085 0 1 1
600993 0 1 1
600012 0 1 1
000723 0 1 1
600263 0 1 1
002228 0 1 1
002226 0 1 1
600844 0 1 1
000897 0 1 1
600115 0 1 1
600233 0 1 1
600230 0 1 1
000978 0 1 1
